Time Stamp = 02/21/2016 15:24:18
Device Name = arduOTO
=======================================================
1, 15:24:18, 183, 84, 4225, 1152, 8449, 188
2, 15:24:18, 183, 84, 4225, 1152, 8449, 188
3, 15:24:18, 183, 1537, 2305, 1, 2817, 188
4, 15:24:18, 183, 1537, 2305, 1, 2817, 188
5, 15:24:18, 183, 1537, 2305, 1, 2817, 188
6, 15:24:18, 183, 1537, 2305, 1, 2817, 188
7, 15:24:18, 183, 5632, 2305, 640, 2817, 4352
8, 15:24:18, 183, 5632, 2305, 640, 2817, 4352
9, 15:24:18, 4865, 34, 4353, 5760, 8449, 4352
10, 15:24:18, 156, 153, 146, 137, 135, 129
11, 15:24:18, 7, 18, 25, 29, 5, 0
12, 15:24:19, 7, 18, 25, 29, 5, 0
13, 15:24:19, 7, 18, 6016, 29, 4736, 0
14, 15:24:19, 3457, 164, 1409, 11648, 769, 0
15, 15:24:19, 6, 18, 27, 32, 25, 21
16, 15:24:19, 6, 129, 27, 32, 7041, 21
17, 15:24:19, 6, 2817, 13056, 1793, 6784, 21
18, 15:24:19, 4, 15, 25, 30, 22, 16
19, 15:24:19, 167, 160, 151, 141, 183, 189
20, 15:24:19, 167, 6016, 14336, 7552, 2177, 4736
21, 15:24:19, 98, 97, 4353, 117, 8065, 166
22, 15:24:19, 144, 140, 133, 156, 164, 164
23, 15:24:19, 144, 140, 133, 119, 110, 89
24, 15:24:19, 144, 140, 133, 384, 110, 89
25, 15:24:19, 0, 140, 133, 6912, 110, 89
26, 15:24:19, 170, 173, 45, 163, 195, 238
27, 15:24:19, 107, 99, 83, 183, 25, 32
28, 15:24:19, 179, 177, 170, 162, 157, 150
29, 15:24:19, 179, 177, 170, 162, 157, 150
30, 15:24:19, 75, 81, 89, 101, 126, 140
31, 15:24:19, 208, 199, 189, 181, 192, 195
32, 15:24:19, 208, 199, 189, 181, 192, 195
33, 15:24:19, 208, 199, 189, 181, 192, 195
34, 15:24:19, 155, 149, 147, 154, 187, 204
35, 15:24:19, 155, 149, 147, 9088, 187, 204
36, 15:24:20, 155, 149, 147, 9088, 187, 204
37, 15:24:20, 136, 130, 133, 140, 176, 192
38, 15:24:20, 194, 182, 174, 168, 184, 192
39, 15:24:20, 21, 32, 40, 35, 8, 0
40, 15:24:20, 14720, 20, 512, 34, 26, 19
41, 15:24:20, 189, 177, 169, 165, 186, 190
42, 15:24:20, 189, 177, 169, 165, 186, 76
43, 15:24:20, 96, 96, 103, 119, 151, 166
44, 15:24:20, 96, 96, 103, 119, 151, 166
45, 15:24:20, 145, 143, 134, 123, 111, 92
46, 15:24:20, 56, 61, 62, 51, 19, 0
47, 15:24:20, 189, 180, 161, 161, 188, 194
48, 15:24:20, 65, 69, 69, 58, 29, 6
49, 15:24:20, 7, 19, 31, 32, 11, 0
50, 15:24:20, 70, 68, 77, 39, 38, 30
51, 15:24:20, 188, 177, 166, 159, 172, 175
52, 15:24:20, 188, 177, 166, 159, 172, 175
53, 15:24:20, 188, 177, 166, 159, 172, 175
54, 15:24:20, 191, 178, 168, 160, 175, 182
55, 15:24:20, 191, 12032, 168, 6656, 175, 13057
56, 15:24:20, 191, 12032, 168, 6656, 175, 0
57, 15:24:20, 47, 50, 2049, 69, 8449, 0
58, 15:24:20, 115, 115, 108, 93, 66, 40
59, 15:24:20, 9, 21, 29, 34, 28, 20
60, 15:24:20, 126, 123, 127, 137, 174, 184
61, 15:24:21, 126, 4481, 127, 6913, 174, 184
62, 15:24:21, 126, 4481, 13184, 6913, 7424, 16257
63, 15:24:21, 2560, 44, 0, 40, 1920, 16257
64, 15:24:21, 110, 110, 115, 127, 160, 173
65, 15:24:21, 43, 51, 53, 44, 17, 0
66, 15:24:21, 23, 29, 38, 44, 47, 38
67, 15:24:21, 23, 29, 38, 44, 47, 38
68, 15:24:21, 23, 175, 165, 156, 166, 166
69, 15:24:21, 62, 65, 65, 50, 17, 3
70, 15:24:21, 9, 4224, 3840, 5120, 0, 3
71, 15:24:21, 81, 80, 89, 102, 135, 149
72, 15:24:21, 188, 178, 166, 102, 8705, 149
73, 15:24:21, 17, 3712, 5376, 896, 3712, 149
74, 15:24:21, 17, 3712, 5376, 896, 3712, 149
75, 15:24:21, 6273, 157, 153, 154, 185, 197
76, 15:24:21, 6273, 157, 153, 154, 185, 197
77, 15:24:21, 33, 39, 44, 52, 56, 56
78, 15:24:21, 33, 39, 44, 52, 56, 56
79, 15:24:21, 4480, 39, 10112, 52, 0, 56
80, 15:24:21, 9, 21, 32, 38, 31, 22
81, 15:24:21, 133, 131, 132, 144, 180, 191
82, 15:24:21, 176, 167, 156, 149, 154, 192
83, 15:24:21, 14464, 167, 11904, 149, 5504, 154
84, 15:24:21, 14464, 3584, 5888, 3456, 5504, 1152
85, 15:24:21, 178, 170, 161, 153, 160, 157
86, 15:24:22, 151, 151, 161, 769, 160, 157
87, 15:24:22, 151, 151, 161, 769, 160, 157
88, 15:24:22, 151, 151, 161, 769, 160, 157
89, 15:24:22, 151, 0, 161, 4481, 0, 6529
90, 15:24:22, 22, 30, 38, 45, 44, 35
91, 15:24:22, 178, 167, 158, 157, 185, 35
92, 15:24:22, 178, 167, 158, 157, 185, 35
93, 15:24:22, 178, 167, 158, 157, 185, 35
94, 15:24:22, 178, 167, 158, 157, 185, 35
95, 15:24:22, 178, 167, 158, 157, 185, 35
96, 15:24:22, 14, 25, 28, 3968, 1281, 35
97, 15:24:22, 37, 4352, 6656, 4608, 0, 35
98, 15:24:22, 165, 159, 6656, 4608, 193, 7425
99, 15:24:22, 18, 28, 35, 68, 40, 21
100, 15:24:22, 36, 39, 44, 50, 54, 55
101, 15:24:22, 144, 140, 143, 152, 190, 194
102, 15:24:22, 4865, 4737, 143, 3201, 7937, 194
103, 15:24:22, 4736, 144, 3840, 15233, 7937, 194
104, 15:24:22, 131, 129, 133, 144, 179, 188
105, 15:24:22, 131, 129, 133, 144, 179, 188
106, 15:24:22, 4864, 148, 4224, 134, 0, 188
107, 15:24:22, 30, 5376, 25, 6144, 11, 3
108, 15:24:22, 30, 15744, 25, 4993, 11, 3
109, 15:24:22, 40, 43, 46, 4993, 16257, 3
110, 15:24:22, 40, 4992, 46, 5760, 16257, 1024
111, 15:24:23, 40, 4992, 46, 5760, 16257, 4992
112, 15:24:23, 40, 4992, 46, 5760, 16257, 4992
113, 15:24:23, 7296, 4992, 5376, 5760, 513, 129
114, 15:24:23, 47, 47, 52, 58, 78, 90
115, 15:24:23, 190, 180, 172, 166, 180, 180
116, 15:24:23, 190, 180, 172, 166, 180, 180
117, 15:24:23, 190, 180, 172, 166, 180, 180
118, 15:24:23, 190, 180, 172, 166, 180, 180
119, 15:24:23, 190, 180, 172, 166, 180, 180
120, 15:24:23, 36, 41, 47, 54, 61, 61
121, 15:24:23, 36, 41, 47, 54, 61, 61
122, 15:24:23, 1153, 159, 14977, 145, 7553, 61
123, 15:24:23, 1153, 159, 14977, 145, 16, 85
124, 15:24:23, 88, 88, 95, 107, 142, 85
125, 15:24:23, 174, 165, 155, 147, 153, 151
126, 15:24:23, 174, 165, 155, 147, 153, 151
127, 15:24:23, 78, 77, 80, 91, 123, 142
128, 15:24:23, 187, 178, 171, 162, 171, 169
129, 15:24:23, 187, 178, 171, 162, 171, 169
130, 15:24:23, 29, 36, 44, 51, 48, 43
