2017-02-09-20-12-44
0
ophthalmoscope
D
0.00,110.46,24,
0.00,-0.53,-0.70,0.21,0.83,0.54,-0.08,0.40,-0.12,0.29,-56.65,98.11,171.43,10.46,26,
0.01,-0.57,-0.65,0.18,0.82,0.54,-0.08,0.40,-0.12,0.29,-56.61,98.39,171.31,10.46,23,
0.01,-0.40,-0.67,0.15,0.83,0.54,-0.08,0.40,-0.12,0.30,-56.73,98.46,172.20,10.46,26,
0.02,-0.47,-0.81,0.16,0.82,0.54,-0.08,0.39,-0.12,0.30,-56.70,98.42,171.09,10.46,25,
0.02,-0.66,-0.65,0.20,0.82,0.54,-0.08,0.40,-0.12,0.31,-56.67,97.99,172.30,10.46,26,
0.03,-0.43,-0.67,0.08,0.82,0.53,-0.08,0.40,-0.13,0.29,-56.80,98.33,170.73,10.46,25,
0.03,-0.42,-0.59,0.22,0.82,0.53,-0.08,0.40,-0.12,0.30,-56.73,98.11,172.22,10.46,24,
0.04,-0.64,-0.95,0.19,0.82,0.54,-0.08,0.40,-0.12,0.29,-56.71,98.09,171.22,10.46,23,
0.04,-0.56,-0.55,0.27,0.82,0.54,-0.08,0.40,-0.12,0.29,-56.55,98.25,171.93,10.46,26,
0.04,-0.67,-0.67,-1.88,0.82,0.54,-0.08,0.40,-0.12,0.30,-56.64,98.27,171.47,10.46,25,
0.05,-0.60,-0.61,0.27,0.82,0.54,-0.08,0.39,-0.12,0.30,-56.72,98.04,171.91,10.46,26,
0.05,-0.47,-0.69,0.22,0.83,0.53,-0.08,0.40,-0.12,0.31,-56.88,98.27,171.44,10.46,25,
0.06,-0.55,-0.66,0.18,0.83,0.54,-0.08,0.40,-0.12,0.29,-56.62,98.13,171.99,10.46,25,
0.06,-0.68,-0.86,0.22,0.82,0.54,-0.08,0.40,-0.12,0.30,-56.60,98.38,172.28,10.46,25,
0.07,-0.39,-0.81,-0.11,0.82,0.54,-0.08,0.40,-0.12,0.30,-56.68,98.27,171.60,10.46,25,
0.07,-0.64,-0.67,0.16,0.82,0.54,-0.08,0.40,-0.12,0.30,-56.59,98.11,172.25,10.46,25,
0.08,-0.40,-0.64,0.25,0.82,0.54,-0.08,0.40,-0.12,0.30,-56.41,98.15,171.37,10.46,26,
0.08,-0.64,-0.53,0.16,0.83,0.53,-0.08,0.40,-0.12,0.31,-56.89,98.63,172.08,10.46,25,
0.09,-0.53,-0.64,0.15,0.82,0.54,-0.08,0.40,-0.12,0.30,-56.52,98.35,171.25,10.46,25,
0.09,-0.34,-0.67,0.16,0.82,0.54,-0.08,0.40,-0.11,0.30,-56.66,98.33,172.45,10.46,24,
0.12,-0.37,-0.61,0.31,0.82,0.54,-0.08,0.40,-0.12,0.30,-56.72,98.32,171.44,10.46,25,
0.25,-0.40,-0.51,0.08,0.82,0.54,-0.08,0.40,-0.12,0.30,-56.60,98.30,172.44,10.46,26,
0.38,-0.70,-0.48,0.20,0.82,0.54,-0.08,0.40,-0.12,0.30,-56.65,98.38,172.03,10.46,24,
0.51,-0.53,-0.73,0.04,0.82,0.54,-0.08,0.40,-0.11,0.30,-56.57,98.51,172.86,10.46,25,
0.64,-0.34,-0.73,0.23,0.82,0.54,-0.08,0.40,-0.12,0.30,-56.72,97.98,171.50,10.46,23,
0.77,-0.78,-0.70,0.17,0.82,0.54,-0.08,0.36,-0.12,0.29,-56.65,98.22,169.98,10.46,24,
0.91,-0.49,-0.66,0.26,0.82,0.54,-0.08,0.40,-0.12,0.30,-56.63,98.25,172.04,10.46,25,
1.02,-0.25,-0.58,0.22,0.82,0.54,-0.06,0.40,-0.12,0.29,-56.67,96.65,171.88,10.77,29,
1.15,-0.64,-0.76,0.12,0.82,0.54,-0.08,0.40,-0.12,0.30,-56.66,98.12,171.56,10.77,28,
1.29,-0.13,-0.66,0.01,0.82,0.54,-0.08,0.39,-0.13,0.30,-56.72,98.11,170.94,10.46,27,
1.41,-0.41,-0.83,0.05,0.82,0.54,-0.07,0.40,-0.12,0.30,-56.67,97.73,172.09,10.77,27,
1.54,-0.42,-0.89,0.16,0.82,0.54,-0.07,0.40,-0.12,0.30,-56.62,97.70,171.72,10.46,26,
1.66,-0.62,-0.53,0.21,0.82,0.54,-0.08,0.40,-0.12,0.31,-56.65,98.27,172.11,10.46,24,
1.80,-0.49,-0.74,0.13,0.82,0.54,-0.07,0.40,-0.12,0.30,-56.56,97.94,171.50,10.46,26,
1.92,-0.36,-0.68,0.14,0.82,0.54,-0.08,0.40,-0.12,0.30,-56.69,98.09,171.48,10.46,26,
2.07,-0.30,-0.67,0.14,0.82,0.54,-0.08,0.40,-0.12,0.30,-56.64,98.04,171.24,10.46,24,
2.19,-0.34,-0.65,0.22,0.82,0.54,-0.08,0.39,-0.12,0.30,-56.52,98.27,171.94,10.46,25,
2.34,-0.50,-0.67,0.12,0.82,0.54,-0.07,0.40,-0.13,0.30,-56.72,97.87,170.67,10.46,26,
2.45,-0.31,-0.79,0.19,0.82,0.54,-0.09,0.40,-0.12,0.31,-56.61,99.13,171.90,10.46,27,
2.57,-0.48,-0.63,0.12,0.83,0.53,-0.07,0.40,-0.13,0.31,-56.88,97.78,170.74,10.77,25,
2.70,-0.37,-0.61,0.16,0.82,0.54,-0.09,0.40,-0.12,0.30,-56.61,99.17,171.36,10.46,26,
2.84,-0.28,-0.76,0.16,0.82,0.53,-0.08,0.39,-0.12,0.30,-56.77,98.19,171.26,10.77,23,
2.98,-0.25,-0.73,0.26,0.82,0.53,-0.07,0.40,-0.12,0.29,-56.83,97.96,171.56,10.77,25,
3.12,-0.67,-0.70,0.29,0.82,0.54,-0.08,0.40,-0.12,0.31,-56.71,98.31,171.32,10.46,23,
3.25,-0.45,-0.74,0.19,0.82,0.54,-0.08,0.40,-0.13,0.30,-56.76,97.98,170.92,10.46,25,
3.38,-0.61,-0.74,0.03,0.82,0.53,-0.08,0.40,-0.12,0.30,-56.77,98.06,171.79,10.46,24,
3.49,-0.41,-0.58,0.22,0.82,0.54,-0.08,0.40,-0.13,0.30,-56.60,98.04,170.96,10.77,23,
3.62,-0.69,-0.72,0.23,0.82,0.53,-0.08,0.40,-0.12,0.30,-56.74,98.20,171.27,10.77,23,
3.74,-0.47,-0.80,0.07,0.82,0.54,-0.08,0.39,-0.12,0.30,-56.73,98.20,171.07,10.46,27,
3.87,-0.49,-0.64,0.05,0.82,0.53,-0.08,0.39,-0.12,0.31,-56.61,98.44,171.90,10.46,24,
4.01,-0.58,-0.61,0.09,0.82,0.54,-0.07,0.40,-0.13,0.30,-56.59,97.90,170.70,10.46,25,
4.16,-0.41,-0.70,0.13,0.82,0.53,-0.08,0.40,-0.12,0.30,-56.72,98.46,172.10,10.46,25,
4.26,-0.49,-0.46,0.30,0.82,0.54,-0.07,0.40,-0.12,0.31,-56.54,97.72,171.50,10.46,26,
4.39,-0.46,-0.78,0.05,0.82,0.54,-0.08,0.39,-0.13,0.30,-56.61,98.16,170.91,10.46,25,
4.54,-0.67,-0.47,0.13,0.82,0.53,-0.08,0.40,-0.13,0.30,-56.69,98.16,171.33,10.46,25,
4.66,-0.51,-0.58,0.14,0.82,0.54,-0.08,0.40,-0.13,0.29,-56.54,98.58,171.11,10.46,25,
4.81,-0.45,-0.85,0.30,0.82,0.53,-0.08,0.40,-0.12,0.30,-56.76,98.02,171.91,10.46,22,
4.91,-0.54,-0.54,0.21,0.83,0.54,-0.07,0.40,-0.12,0.30,-56.78,97.89,171.75,10.46,24,
5.06,-0.55,-0.68,0.22,0.82,0.54,-0.08,0.40,-0.11,0.30,-56.76,98.02,172.99,10.46,23,
5.20,-0.34,-0.57,-0.04,0.82,0.54,-0.07,0.40,-0.12,0.30,-56.67,97.94,172.07,10.46,25,
5.32,-0.67,-0.73,0.01,0.82,0.54,-0.07,0.39,-0.12,0.30,-56.63,97.82,171.86,10.46,25,
5.45,-0.37,-0.37,0.00,0.83,0.53,-0.08,0.40,-0.12,0.30,-56.83,98.31,171.62,10.46,25,
5.59,-0.39,-0.75,0.25,0.82,0.53,-0.08,0.39,-0.12,0.30,-56.76,98.35,171.89,10.46,27,
5.69,-0.51,-0.74,0.29,0.82,0.53,-0.08,0.40,-0.13,0.30,-56.70,98.40,170.60,10.46,23,
5.82,-0.49,-0.65,0.23,0.83,0.53,-0.08,0.40,-0.12,0.30,-56.84,98.00,171.76,10.46,26,
5.96,-0.46,-0.63,0.17,0.82,0.53,-0.08,0.40,-0.13,0.30,-56.83,98.33,171.00,10.46,27,
6.08,-0.40,-0.66,0.10,0.82,0.53,-0.07,0.39,-0.12,0.30,-56.69,97.86,171.36,10.46,26,
6.21,-0.30,-0.61,0.07,0.82,0.54,-0.07,0.40,-0.12,0.30,-56.64,97.88,171.41,10.46,23,
6.34,-0.39,-0.73,0.21,0.82,0.53,-0.07,0.40,-0.12,0.29,-56.73,97.82,171.16,10.46,27,
6.49,-0.43,-0.64,0.11,0.83,0.53,-0.08,0.40,-0.12,0.30,-56.90,98.08,171.44,10.46,23,
6.60,-0.66,-0.68,0.16,0.82,0.54,-0.07,0.40,-0.13,0.30,-56.68,97.88,170.85,10.46,24,
6.73,-0.33,-0.86,0.22,0.82,0.54,-0.07,0.40,-0.12,0.31,-56.54,97.73,171.57,10.46,25,
6.86,-0.64,-0.68,0.28,0.82,0.54,-0.08,0.40,-0.13,0.30,-56.64,98.10,171.04,10.46,24,
7.00,-0.61,-0.75,0.18,0.82,0.53,-0.07,0.39,-0.12,0.30,-56.70,97.79,171.53,10.46,24,
7.13,-0.49,-0.51,0.10,0.82,0.54,-0.08,0.40,-0.13,0.30,-56.58,98.53,171.09,10.46,27,
7.27,-0.49,-0.68,0.01,0.82,0.54,-0.07,0.40,-0.12,0.31,-56.66,97.74,172.18,10.46,25,
7.38,-0.34,-0.55,0.15,0.82,0.53,-0.08,0.39,-0.13,0.30,-56.84,98.00,170.99,10.46,24,
7.51,-0.52,-0.64,0.13,0.82,0.54,-0.07,0.39,-0.12,0.30,-56.61,97.82,171.30,10.77,24,
7.64,-0.42,-0.74,0.00,0.82,0.54,-0.08,0.40,-0.12,0.31,-56.48,98.27,171.20,10.77,23,
7.79,-0.61,-0.78,0.13,0.82,0.54,-0.07,0.39,-0.12,0.30,-56.68,97.94,171.73,10.77,26,
7.90,-0.57,-0.79,0.16,0.82,0.54,-0.08,0.39,-0.13,0.30,-56.59,98.11,170.84,10.77,23,
8.03,-0.35,-0.64,0.24,0.82,0.54,-0.08,0.39,-0.13,0.30,-56.60,98.29,170.43,10.77,24,
8.16,-0.43,-0.59,0.14,0.82,0.53,-0.08,0.39,-0.12,0.30,-56.75,98.19,171.30,10.46,24,
8.28,-0.46,-0.60,0.24,0.82,0.53,-0.07,0.40,-0.12,0.30,-56.70,97.85,171.86,10.46,25,
8.45,-0.35,-0.63,0.02,0.82,0.54,-0.08,0.40,-0.12,0.30,-56.69,98.15,171.15,10.46,25,
8.57,-0.54,-0.79,0.13,0.82,0.53,-0.08,0.39,-0.13,0.29,-56.72,98.42,170.92,10.46,26,
8.68,-0.34,-0.70,0.22,0.82,0.54,-0.08,0.40,-0.12,0.30,-56.41,98.04,171.63,10.46,24,
8.81,-0.49,-0.52,0.23,0.82,0.54,-0.08,0.40,-0.12,0.31,-56.61,98.27,171.25,10.46,24,
8.94,-0.43,-0.71,0.08,0.82,0.53,-0.08,0.39,-0.12,0.30,-56.70,98.03,172.06,10.46,25,
9.07,-0.49,-0.69,0.14,0.82,0.54,-0.07,0.40,-0.13,0.30,-56.73,97.81,170.71,10.46,25,
9.19,-0.46,-0.76,0.22,0.82,0.53,-0.08,0.40,-0.12,0.30,-56.67,98.09,171.61,10.46,25,
9.33,-0.57,-0.67,0.19,0.82,0.54,-0.08,0.40,-0.12,0.31,-56.62,98.33,171.25,10.46,25,
9.45,-0.46,-0.61,0.20,0.82,0.54,-0.08,0.40,-0.12,0.30,-56.54,98.54,171.45,10.46,27,
9.59,-0.41,-0.75,0.13,0.82,0.54,-0.08,0.40,-0.13,0.29,-56.65,98.20,170.68,10.77,25,
9.71,-0.49,-0.92,0.14,0.82,0.53,-0.08,0.40,-0.12,0.29,-56.72,98.14,171.90,10.46,26,
9.86,-0.57,-0.94,0.04,0.82,0.54,-0.08,0.40,-0.12,0.30,-56.51,98.14,171.30,10.46,25,
9.99,-0.45,-0.76,0.37,0.82,0.54,-0.08,0.40,-0.12,0.29,-56.71,98.22,171.26,10.46,25,
10.10,-0.65,-0.65,0.18,0.82,0.54,-0.08,0.40,-0.12,0.30,-56.74,98.08,171.68,10.77,25,
10.24,-0.40,-0.87,0.04,0.82,0.53,-0.08,0.39,-0.12,0.30,-56.75,98.14,171.27,10.46,25,
10.36,-0.58,-0.76,0.22,0.82,0.54,-0.08,0.39,-0.12,0.30,-56.60,98.21,171.72,10.46,25,
10.50,-0.66,-0.74,0.06,0.82,0.54,-0.08,0.39,-0.12,0.30,-56.66,98.28,170.93,10.77,26,
10.64,-0.67,-0.83,0.22,0.82,0.53,-0.08,0.40,-0.11,0.30,-56.76,98.18,172.57,10.46,27,
10.75,-0.63,-0.61,0.10,0.83,0.53,-0.08,0.40,-0.13,0.30,-56.85,98.22,171.10,10.46,24,
10.88,-0.40,-0.58,0.10,0.82,0.54,-0.08,0.39,-0.12,0.30,-56.70,98.09,171.88,10.46,25,
11.01,-0.31,-0.86,0.19,0.82,0.54,-0.08,0.40,-0.12,0.30,-56.66,98.36,171.70,10.46,25,
11.15,-0.52,-0.70,0.22,0.82,0.54,-0.08,0.39,-0.12,0.30,-56.41,98.09,171.33,10.46,26,
11.27,-0.42,-0.73,0.16,0.83,0.54,-0.08,0.39,-0.13,0.30,-56.72,98.27,170.73,10.46,23,
11.42,-0.61,-0.73,0.33,0.82,0.54,-0.08,0.39,-0.12,0.31,-56.55,98.02,171.69,10.46,25,
11.56,-0.59,-0.68,0.08,0.82,0.54,-0.08,0.40,-0.12,0.31,-56.50,98.03,171.55,10.46,25,
11.68,-0.47,-0.73,0.15,0.82,0.54,-0.08,0.39,-0.12,0.31,-56.45,98.16,171.06,10.46,24,
11.82,-0.44,-0.81,0.19,0.82,0.54,-0.08,0.40,-0.12,0.30,-56.51,98.19,171.39,10.46,26,
11.94,-0.78,-0.57,0.16,0.82,0.54,-0.08,0.39,-0.13,0.29,-56.55,98.34,170.35,10.46,24,
12.06,-0.44,-0.77,0.21,0.82,0.54,-0.08,0.40,-0.12,0.30,-56.61,98.07,172.22,10.46,25,
12.20,-0.28,-0.81,0.19,0.82,0.54,-0.08,0.40,-0.12,0.30,-56.67,98.04,171.81,10.46,24,
12.33,-0.27,-0.63,0.12,0.82,0.54,-0.07,0.39,-0.12,0.31,-56.59,97.84,171.94,10.46,26,
12.47,-0.79,-0.79,0.13,0.82,0.54,-0.08,0.39,-0.13,0.30,-56.69,98.02,170.84,10.46,26,
12.57,-0.50,-0.58,-0.02,0.83,0.53,-0.07,0.39,-0.12,0.31,-56.84,97.79,171.62,10.46,24,
12.71,-0.50,-0.75,0.16,0.83,0.54,-0.08,0.40,-0.13,0.30,-56.68,98.27,170.97,10.46,25,
12.84,-0.44,-0.49,0.20,0.82,0.54,-0.08,0.39,-0.12,0.31,-56.62,98.23,171.60,10.46,25,
12.98,-0.32,-0.61,0.28,0.83,0.54,-0.07,0.39,-0.13,0.30,-56.79,97.77,170.74,10.46,26,
13.10,-0.57,-0.73,0.20,0.82,0.53,-0.09,0.40,-0.12,0.30,-56.54,99.73,171.27,10.46,27,
13.24,-0.61,-0.76,0.17,0.82,0.53,-0.08,0.40,-0.12,0.31,-56.76,98.14,171.36,10.46,25,
13.35,-0.46,-0.84,0.11,0.82,0.53,-0.07,0.39,-0.12,0.30,-56.80,97.92,171.44,10.46,26,
13.48,-0.55,-0.79,0.02,0.82,0.53,-0.08,0.39,-0.12,0.31,-56.66,98.53,172.06,10.46,26,
13.62,-0.55,-0.49,0.31,0.82,0.54,-0.07,0.39,-0.12,0.31,-56.71,97.93,171.10,10.46,26,
13.74,-0.63,-0.68,0.13,0.82,0.53,-0.08,0.40,-0.12,0.31,-56.68,98.26,172.16,10.46,25,
13.89,-0.39,-0.52,0.12,0.82,0.54,-0.08,0.39,-0.12,0.31,-56.67,98.34,170.94,10.46,26,
14.00,-0.55,-0.69,0.09,0.82,0.54,-0.08,0.40,-0.12,0.31,-56.54,98.19,172.06,10.46,26,
14.13,-0.58,-0.64,0.10,0.82,0.54,-0.08,0.40,-0.12,0.31,-56.60,98.10,171.48,10.46,23,
14.25,-0.45,-0.76,0.17,0.83,0.54,-0.08,0.39,-0.11,0.31,-56.72,98.27,172.25,10.46,24,
14.39,-0.16,-0.74,0.20,0.82,0.53,-0.08,0.40,-0.12,0.30,-56.75,98.31,171.81,10.46,24,
14.52,-0.64,-0.66,0.21,0.82,0.53,-0.08,0.40,-0.12,0.31,-56.81,98.75,172.35,10.46,25,
14.64,-0.58,-0.58,0.22,0.82,0.54,-0.07,0.40,-0.13,0.30,-56.67,97.89,171.07,10.46,28,
14.77,-0.64,-0.55,0.25,0.83,0.53,-0.08,0.39,-0.12,0.30,-56.86,98.25,171.68,10.46,26,
14.90,-0.42,-0.76,0.15,0.83,0.54,-0.08,0.40,-0.11,0.30,-56.73,98.17,172.58,10.46,25,
15.03,-0.43,-0.64,0.19,0.82,0.54,-0.08,0.39,-0.12,0.30,-56.58,98.15,171.80,10.46,25,
15.16,-0.50,-0.51,0.09,0.82,0.54,-0.08,0.39,-0.12,0.31,-56.68,98.32,171.36,10.46,26,
15.31,-0.40,-0.84,0.28,0.82,0.53,-0.07,0.39,-0.12,0.30,-56.84,97.97,171.11,10.46,25,
15.43,-0.66,-0.78,0.22,0.82,0.54,-0.08,0.40,-0.12,0.31,-56.68,98.13,172.25,10.46,27,
15.55,-0.58,-0.86,0.04,0.82,0.54,-0.08,0.40,-0.13,0.30,-56.64,98.06,170.64,10.46,25,
15.69,-0.61,-0.67,0.22,0.82,0.54,-0.08,0.39,-0.12,0.30,-56.63,98.11,172.10,10.46,24,
15.83,-0.31,-0.61,0.20,0.83,0.54,-0.07,0.40,-0.12,0.30,-56.76,97.83,171.17,10.46,25,
15.95,-0.49,-0.66,0.03,0.82,0.54,-0.08,0.39,-0.12,0.31,-56.62,98.40,170.91,10.46,25,
16.08,-0.63,-0.58,0.12,0.82,0.54,-0.09,0.39,-0.13,0.31,-56.42,99.55,170.59,10.46,24,
16.20,-0.66,-0.79,0.21,0.82,0.54,-0.08,0.39,-0.12,0.31,-56.66,98.26,171.51,10.46,24,
16.34,-0.56,-0.59,0.14,0.82,0.54,-0.08,0.40,-0.13,0.30,-56.69,98.05,170.80,10.46,26,
16.46,-0.50,-0.64,0.23,0.82,0.54,-0.08,0.39,-0.12,0.31,-56.62,98.30,171.26,10.77,25,
16.59,-0.27,-0.68,0.12,0.82,0.53,-0.07,0.40,-0.12,0.31,-56.73,97.91,171.87,10.77,27,
16.72,-0.62,-0.90,0.10,0.82,0.54,-0.08,0.39,-0.13,0.31,-56.54,98.29,170.63,10.77,23,
16.85,-0.47,-0.73,0.20,0.82,0.54,-0.08,0.40,-0.12,0.31,-56.71,98.13,171.71,10.77,24,
16.98,-0.55,-0.86,0.27,0.82,0.54,-0.08,0.39,-0.12,0.30,-56.64,98.33,171.27,10.77,25,
17.11,-0.47,-0.80,0.16,0.82,0.54,-0.08,0.40,-0.12,0.30,-56.65,98.12,171.93,10.77,25,
17.24,-0.35,-0.62,0.02,0.82,0.54,-0.08,0.40,-0.13,0.30,-56.57,98.20,170.70,10.77,25,
17.37,-0.53,-0.60,0.12,0.82,0.54,-0.08,0.40,-0.12,0.31,-56.63,98.20,172.05,10.77,24,
17.50,-0.60,-0.69,0.02,0.82,0.54,-0.08,0.39,-0.12,0.30,-56.57,98.09,171.32,10.77,25,
17.64,-0.43,-0.67,0.13,0.82,0.54,-0.08,0.40,-0.11,0.31,-56.68,98.22,172.48,10.77,25,
17.76,-0.49,-0.61,0.20,0.82,0.54,-0.08,0.40,-0.12,0.30,-56.66,98.15,171.55,10.77,26,
17.91,-0.48,-0.68,0.24,0.82,0.53,-0.08,0.39,-0.12,0.31,-56.72,98.10,172.13,10.77,24,
18.03,-0.31,-0.69,0.28,0.82,0.54,-0.07,0.39,-0.12,0.30,-56.59,97.93,171.36,10.77,25,
18.15,-0.43,-0.55,0.02,0.82,0.54,-0.08,0.39,-0.12,0.30,-56.52,98.12,171.91,10.77,23,
18.28,-0.44,-0.65,0.14,0.82,0.54,-0.08,0.40,-0.12,0.30,-56.69,98.24,172.41,10.77,25,
18.43,-0.64,-0.73,0.24,0.83,0.54,-0.08,0.40,-0.12,0.31,-56.71,98.03,171.80,10.77,24,
18.54,-0.34,-0.61,0.19,0.83,0.54,-0.07,0.40,-0.12,0.31,-56.77,97.81,171.66,10.77,26,
18.69,-0.64,-0.59,0.11,0.82,0.54,-0.08,0.40,-0.12,0.31,-56.53,98.20,171.87,10.77,25,
18.80,-0.64,-0.87,0.03,0.82,0.53,-0.08,0.40,-0.12,0.31,-56.73,98.34,172.04,10.77,26,
18.95,-0.70,-0.83,0.02,0.82,0.54,-0.08,0.40,-0.12,0.31,-56.67,98.28,171.30,10.77,25,
19.06,-0.59,-0.93,0.27,0.82,0.54,-0.08,0.40,-0.12,0.30,-56.70,98.18,172.13,10.77,21,
19.19,-0.76,-0.69,0.16,0.82,0.54,-0.08,0.40,-0.12,0.30,-56.61,98.17,171.37,10.77,23,
19.33,-0.53,-0.68,0.28,0.82,0.53,-0.08,0.39,-0.12,0.31,-56.69,98.44,172.01,10.77,24,
19.45,-0.70,-0.66,0.23,0.82,0.54,-0.07,0.40,-0.12,0.31,-56.71,97.88,171.18,10.77,24,
19.60,-0.49,-0.60,0.15,0.82,0.53,-0.07,0.40,-0.11,0.30,-56.80,97.80,172.41,10.46,27,
19.70,-0.41,-0.84,0.14,0.82,0.54,-0.08,0.40,-0.12,0.30,-56.56,98.08,172.08,10.77,22,
19.84,-0.89,-0.83,0.26,0.82,0.54,-0.08,0.39,-0.12,0.31,-56.65,98.24,171.82,10.46,25,
19.97,-0.67,-0.68,0.07,0.82,0.54,-0.08,0.40,-0.12,0.30,-56.56,98.24,171.43,10.46,25,
20.09,-0.53,-0.71,0.13,0.82,0.54,-0.08,0.39,-0.12,0.30,-56.42,98.19,170.93,10.46,26,
20.22,-0.46,-0.72,0.08,0.82,0.53,-0.08,0.39,-0.12,0.31,-56.76,98.23,171.86,10.77,25,
20.36,-0.52,-0.73,0.21,0.83,0.54,-0.08,0.39,-0.12,0.30,-56.74,98.23,171.47,10.77,25,
20.48,-0.54,-0.76,0.09,0.82,0.53,-0.08,0.40,-0.12,0.31,-56.76,98.21,171.83,10.77,24,
20.61,-0.56,-0.80,0.34,0.82,0.54,-0.08,0.39,-0.13,0.30,-56.47,98.47,170.45,10.77,24,
20.75,-0.46,-0.65,0.30,0.82,0.53,-0.08,0.40,-0.11,0.30,-56.64,98.41,172.49,10.77,27,
20.87,-0.79,-0.84,0.16,0.82,0.54,-0.08,0.39,-0.12,0.30,-56.52,98.37,171.59,10.46,23,
21.01,-0.34,-0.70,0.28,0.82,0.54,-0.08,0.40,-0.12,0.30,-56.67,98.21,172.00,10.46,24,
21.13,-0.69,-0.67,0.20,0.82,0.54,-0.08,0.40,-0.12,0.30,-56.59,98.45,171.25,10.77,26,
21.26,-0.41,-0.78,0.23,0.82,0.54,-0.08,0.40,-0.12,0.31,-56.56,98.08,172.13,10.46,26,
21.39,-0.34,-0.52,0.32,0.82,0.54,-0.08,0.40,-0.13,0.30,-56.63,98.01,171.01,10.46,25,
21.52,-0.63,-0.76,0.19,0.82,0.54,-0.07,0.39,-0.12,0.31,-56.79,97.67,171.60,10.77,26,
21.65,-0.49,-0.61,0.08,0.83,0.53,-0.08,0.40,-0.13,0.30,-56.84,98.16,170.94,10.46,25,
21.79,-0.62,-0.87,0.22,0.82,0.54,-0.08,0.39,-0.12,0.31,-56.43,98.21,171.10,10.46,26,
21.94,-0.39,-0.84,0.01,0.82,0.53,-0.07,0.40,-0.12,0.30,-56.73,97.92,171.68,10.46,25,
22.06,-0.55,-0.84,0.07,0.82,0.54,-0.08,0.40,-0.12,0.29,-56.69,98.59,171.29,10.46,24,
22.17,-0.64,-0.81,0.25,0.82,0.53,-0.08,0.39,-0.12,0.30,-56.73,98.16,172.07,10.46,25,
22.30,-0.24,-0.62,0.19,0.82,0.53,-0.08,0.39,-0.12,0.30,-56.74,98.02,171.02,10.46,27,
22.45,-0.40,-0.82,0.19,0.82,0.53,-0.08,0.39,-0.12,0.30,-56.78,98.41,172.16,10.46,25,
22.57,-0.41,-0.79,0.13,0.82,0.54,-0.08,0.40,-0.12,0.30,-56.56,98.24,171.59,10.46,22,
22.69,-0.46,-0.54,0.10,0.82,0.54,-0.08,0.40,-0.12,0.31,-56.50,98.26,171.95,10.46,26,
22.85,-0.33,-0.55,0.19,0.82,0.53,-0.08,0.40,-0.12,0.30,-56.78,98.08,171.97,10.46,26,
22.97,-0.64,-0.80,0.07,0.82,0.54,-0.08,0.40,-0.12,0.30,-56.49,98.19,172.04,10.46,23,
23.11,-0.73,-0.55,0.04,0.83,0.54,-0.07,0.40,-0.13,0.30,-56.78,97.95,170.75,10.46,25,
23.22,-0.41,-0.60,0.25,0.82,0.54,-0.09,0.39,-0.12,0.30,-56.41,99.69,171.81,10.46,26,
23.34,-0.43,-0.79,0.19,0.82,0.54,-0.08,0.40,-0.12,0.31,-56.62,98.15,172.19,10.46,26,
23.47,-0.58,-0.75,0.17,0.82,0.53,-0.08,0.39,-0.11,0.30,-56.83,98.20,172.57,10.46,26,
23.61,-0.66,-0.53,0.05,0.82,0.53,-0.08,0.39,-0.12,0.31,-56.70,98.19,171.82,10.46,25,
23.72,-0.43,-0.57,0.24,0.82,0.54,-0.08,0.39,-0.12,0.30,-56.62,98.30,172.03,10.46,26,
23.86,-0.58,-0.55,0.06,0.82,0.54,-0.08,0.40,-0.12,0.30,-56.67,98.01,172.14,10.46,26,
24.01,-0.51,-0.64,0.13,0.82,0.53,-0.07,0.40,-0.12,0.29,-56.79,97.83,171.45,10.46,25,
24.13,-0.52,-0.51,0.13,0.82,0.54,-0.08,0.40,-0.12,0.30,-56.66,98.26,172.19,10.46,27,
24.25,-0.41,-0.64,0.16,0.82,0.53,-0.08,0.39,-0.12,0.30,-56.74,98.20,171.46,10.46,25,
24.37,-0.49,-0.61,0.11,0.82,0.54,-0.08,0.39,-0.11,0.30,-56.50,98.20,172.38,10.46,27,
24.53,-0.40,-0.66,0.31,0.82,0.54,-0.08,0.40,-0.12,0.30,-56.63,98.08,171.75,10.46,26,
24.65,-0.45,-0.64,0.13,0.82,0.54,-0.07,0.40,-0.11,0.31,-56.61,97.80,172.65,10.46,26,
24.76,-0.61,-0.70,0.11,0.82,0.53,-0.07,0.39,-0.12,0.30,-56.72,97.92,171.28,10.46,25,
24.93,-0.61,-0.81,0.25,0.82,0.54,-0.08,0.39,-0.12,0.30,-56.55,98.11,171.97,10.77,25,
25.05,-0.57,-0.67,0.15,0.82,0.54,-0.08,0.40,-0.12,0.30,-56.57,98.15,171.60,10.77,27,
25.18,-0.68,-0.75,0.04,0.82,0.53,-0.08,0.40,-0.12,0.30,-56.71,98.17,171.56,10.77,27,
25.30,-0.49,-0.65,0.15,0.82,0.54,-0.08,0.41,-0.12,0.30,-56.65,98.16,171.93,10.77,23,
25.41,-0.58,-0.86,0.07,0.82,0.53,-0.08,0.40,-0.12,0.30,-56.74,98.30,171.96,10.77,24,
25.57,-0.40,-0.73,0.26,0.82,0.54,-0.08,0.39,-0.13,0.29,-56.65,98.30,170.65,10.77,27,
25.68,-0.31,-0.80,0.12,0.82,0.53,-0.08,0.39,-0.12,0.30,-56.69,98.07,171.16,10.77,27,
25.80,-0.52,-0.81,0.07,0.82,0.54,-0.08,0.39,-0.12,0.30,-56.51,98.33,171.93,10.77,26,
25.96,-0.50,-0.67,0.15,0.83,0.54,-0.08,0.40,-0.13,0.29,-56.83,98.51,170.74,10.77,23,
26.09,-0.38,-0.71,0.19,0.82,0.54,-0.08,0.40,-0.12,0.30,-56.58,98.41,171.36,10.77,24,
26.20,-0.60,-0.67,0.19,0.82,0.54,-0.08,0.40,-0.12,0.30,-56.66,98.26,171.26,10.46,25,
26.35,-0.55,-0.81,0.13,0.83,0.53,-0.08,0.39,-0.12,0.30,-56.87,98.43,171.64,10.46,26,
26.47,-0.68,-0.68,0.22,0.82,0.54,-0.08,0.40,-0.12,0.31,-56.68,98.20,171.20,10.46,26,
26.58,-0.59,-0.61,0.16,0.82,0.54,-0.08,0.40,-0.12,0.29,-56.64,98.35,171.52,10.46,25,
26.74,-0.56,-0.65,-0.01,0.82,0.53,-0.08,0.40,-0.13,0.30,-56.63,98.08,171.04,10.46,25,
26.86,-0.66,-0.61,0.13,0.82,0.54,-0.08,0.39,-0.12,0.30,-56.50,98.31,171.71,10.46,24,
26.97,-0.81,-0.73,0.21,0.82,0.54,-0.08,0.40,-0.12,0.30,-56.72,98.33,171.95,10.77,23,
27.11,-0.55,-0.48,0.13,0.82,0.53,-0.09,0.40,-0.12,0.29,-56.65,99.60,171.74,10.77,24,
27.23,-0.45,-0.46,0.07,0.82,0.54,-0.08,0.40,-0.12,0.30,-56.61,98.25,171.98,10.77,24,
27.36,-0.55,-0.72,0.20,0.82,0.54,-0.07,0.39,-0.12,0.30,-56.75,97.85,170.95,10.77,24,
27.50,-0.62,-0.66,0.16,0.82,0.53,-0.07,0.40,-0.12,0.30,-56.57,97.95,172.25,10.77,26,
27.62,-0.57,-0.77,0.26,0.82,0.53,-0.08,0.40,-0.12,0.30,-56.73,98.05,171.57,10.77,24,
27.75,-0.57,-0.73,0.19,0.82,0.54,-0.08,0.40,-0.12,0.30,-56.68,98.24,172.53,10.77,25,
27.90,-0.51,-0.79,0.13,0.82,0.54,-0.08,0.40,-0.12,0.30,-56.64,98.29,171.59,10.77,26,
28.02,-0.71,-0.68,0.05,0.82,0.54,-0.08,0.40,-0.12,0.30,-56.65,98.34,171.96,10.77,27,
28.17,-0.67,-0.73,0.16,0.82,0.54,-0.07,0.40,-0.12,0.30,-56.58,97.92,171.76,10.77,26,
28.29,-0.70,-0.58,0.04,0.82,0.54,-0.08,0.39,-0.12,0.31,-56.65,98.06,171.86,10.77,23,
28.43,-0.37,-0.56,0.11,0.82,0.53,-0.07,0.40,-0.12,0.30,-56.84,97.86,171.58,10.77,27,
28.55,-0.33,-0.64,0.04,0.82,0.54,-0.08,0.40,-0.12,0.30,-56.56,98.20,171.69,10.77,24,
28.66,-0.61,-0.72,0.18,0.82,0.54,-0.08,0.40,-0.12,0.30,-56.63,98.36,172.13,10.77,23,
28.80,-0.67,-0.76,0.08,0.82,0.53,-0.08,0.40,-0.12,0.30,-56.68,98.17,171.88,10.77,24,
28.94,-0.43,-0.59,0.15,0.82,0.54,-0.08,0.39,-0.12,0.31,-56.56,98.18,172.26,10.77,25,
29.06,-0.44,-0.74,0.22,0.82,0.54,-0.08,0.40,-0.12,0.30,-56.59,98.31,171.94,10.77,25,
29.17,-0.40,-0.90,0.10,0.82,0.54,-0.08,0.40,-0.12,0.30,-56.54,98.29,172.06,10.77,25,
29.32,-0.43,-0.67,0.04,0.82,0.53,-0.08,0.39,-0.12,0.30,-56.82,98.16,171.13,10.77,24,
29.44,-0.28,-0.83,0.05,0.82,0.54,-0.08,0.40,-0.12,0.31,-56.57,98.42,172.04,10.77,23,
29.57,-0.61,-0.53,0.03,0.82,0.53,-0.07,0.40,-0.13,0.30,-56.80,97.94,170.85,10.77,24,
29.69,-0.44,-0.67,0.23,0.82,0.53,-0.07,0.40,-0.12,0.31,-56.76,97.87,171.93,10.77,23,
29.85,-0.61,-0.56,0.10,0.82,0.54,-0.09,0.40,-0.13,0.30,-56.43,99.80,170.83,10.77,25,
29.96,-0.44,-0.79,0.14,0.82,0.54,-0.08,0.39,-0.12,0.30,-56.54,98.21,172.18,10.77,23,
30.09,-0.66,-0.73,0.11,0.82,0.54,-0.08,0.40,-0.12,0.30,-56.61,98.15,171.35,10.77,24,
30.21,-0.64,-0.80,0.09,0.82,0.54,-0.08,0.39,-0.12,0.30,-56.65,98.18,171.73,10.77,24,
30.36,-0.34,-0.73,0.14,0.82,0.54,-0.08,0.40,-0.12,0.31,-56.64,98.25,171.90,10.77,24,
30.48,-0.35,-0.76,0.03,0.82,0.54,-0.08,0.39,-0.12,0.29,-56.58,98.39,171.07,10.77,24,
30.63,-0.50,-0.54,0.18,0.82,0.54,-0.08,0.39,-0.12,0.31,-56.64,98.14,171.96,10.77,26,
30.73,-0.45,-0.77,0.10,0.82,0.54,-0.07,0.39,-0.13,0.30,-56.64,97.92,170.56,10.77,24,
30.89,-0.40,-0.69,0.00,0.83,0.53,-0.08,0.40,-0.12,0.30,-56.81,97.99,171.53,10.77,24,
31.02,-0.63,-0.77,0.17,0.82,0.54,-0.08,0.39,-0.13,0.29,-56.61,98.18,170.87,10.77,25,
31.15,-0.52,-0.70,0.19,0.82,0.54,-0.08,0.39,-0.12,0.30,-56.61,98.45,171.46,10.77,25,
31.26,-0.51,-0.67,0.19,0.82,0.54,-0.08,0.40,-0.13,0.30,-56.69,98.28,170.40,10.77,25,
31.41,-0.37,-0.67,0.27,0.82,0.53,-0.07,0.40,-0.12,0.30,-56.72,97.95,171.81,10.77,26,
31.53,-0.52,-0.73,0.19,0.82,0.54,-0.08,0.39,-0.12,0.30,-56.65,98.14,171.25,10.77,27,
31.64,-0.37,-0.73,0.18,0.82,0.54,-0.08,0.39,-0.12,0.30,-56.60,98.30,171.83,10.77,25,
31.77,-0.61,-0.67,0.19,0.82,0.54,-0.08,0.40,-0.12,0.30,-56.42,98.21,171.35,10.77,24,
31.93,-0.58,-0.72,0.21,0.82,0.54,-0.08,0.39,-0.12,0.30,-56.55,98.26,171.19,10.77,23,
32.06,-0.59,-0.53,0.25,0.82,0.54,-0.06,0.39,-0.12,0.29,-56.74,96.82,171.22,10.77,24,
32.17,-0.31,-0.85,0.23,0.83,0.54,-0.08,0.39,-0.12,0.30,-56.78,98.19,170.88,10.77,24,
32.30,-0.41,-0.86,0.26,0.82,0.54,-0.08,0.40,-0.12,0.30,-56.51,98.47,171.86,10.77,26,
32.42,-0.68,-0.82,0.18,0.82,0.54,-0.08,0.39,-0.12,0.30,-56.53,98.29,171.21,10.77,27,
32.57,-0.43,-0.58,0.14,0.82,0.54,-0.08,0.39,-0.12,0.30,-56.65,98.37,171.06,10.77,26,
32.68,-0.49,-0.72,0.09,0.82,0.54,-0.08,0.40,-0.13,0.30,-56.61,98.18,170.80,10.77,25,
32.83,-0.56,-0.62,0.09,0.82,0.54,-0.08,0.39,-0.12,0.30,-56.75,98.03,171.54,10.77,24,
32.94,-0.62,-0.67,0.21,0.82,0.54,-0.08,0.39,-0.12,0.29,-56.59,98.10,170.87,10.77,26,
33.09,-0.45,-0.73,0.12,0.82,0.54,-0.08,0.39,-0.12,0.30,-56.62,98.32,171.34,10.77,26,
33.21,-0.44,-0.68,0.16,0.82,0.53,-0.08,0.40,-0.12,0.30,-56.66,98.16,171.24,10.77,27,
33.33,-0.40,-0.59,0.19,0.82,0.54,-0.08,0.39,-0.12,0.30,-56.65,97.95,171.16,10.77,26,
33.46,-0.52,-0.79,0.16,0.83,0.54,-0.08,0.40,-0.13,0.30,-56.64,98.25,170.69,10.77,25,
33.61,-0.55,-0.63,0.10,0.82,0.54,-0.08,0.39,-0.12,0.30,-56.73,98.19,171.54,10.77,26,
33.74,-0.42,-0.58,0.16,0.82,0.53,-0.08,0.40,-0.12,0.30,-56.75,98.09,171.39,10.77,23,
33.86,-0.33,-0.65,0.18,0.82,0.53,-0.08,0.39,-0.12,0.30,-56.76,98.17,171.53,10.77,25,
33.98,-0.61,-0.64,-0.02,0.82,0.53,-0.08,0.39,-0.12,0.30,-56.79,98.01,171.93,10.77,27,
34.13,-0.48,-0.55,0.02,0.82,0.53,-0.08,0.40,-0.12,0.30,-56.73,98.28,171.63,10.77,26,
34.26,-0.49,-0.65,0.15,0.82,0.54,-0.08,0.39,-0.12,0.29,-56.50,98.24,171.91,10.77,24,
34.38,-0.70,-0.67,0.15,0.82,0.54,-0.08,0.40,-0.13,0.30,-56.54,98.16,171.12,10.77,26,
34.50,-0.69,-0.72,0.16,0.82,0.54,-0.08,0.39,-0.12,0.31,-56.55,98.21,171.92,10.77,26,
34.66,-0.69,-0.81,0.18,0.82,0.54,-0.08,0.39,-0.12,0.30,-56.48,98.30,171.30,10.77,23,
34.78,-0.65,-0.71,0.08,0.82,0.54,-0.08,0.40,-0.12,0.30,-56.69,98.13,172.03,10.77,26,
34.89,-0.43,-0.73,0.23,0.82,0.54,-0.08,0.39,-0.13,0.31,-56.68,98.23,170.78,10.77,25,
35.04,-0.68,-0.94,0.25,0.82,0.54,-0.07,0.39,-0.12,0.31,-56.76,97.93,171.86,10.77,25,
35.16,-0.47,-0.78,0.10,0.83,0.54,-0.08,0.40,-0.12,0.30,-56.73,98.20,171.63,10.77,24,
35.28,-0.64,-0.80,0.14,0.82,0.54,-0.07,0.39,-0.12,0.31,-56.63,97.79,171.95,10.77,24,
35.41,-0.45,-0.90,-0.06,0.82,0.54,-0.08,0.40,-0.13,0.30,-56.69,98.16,170.88,10.77,23,
35.53,-0.58,-0.65,0.29,0.82,0.54,-0.08,0.40,-0.12,0.31,-56.68,98.21,172.03,10.77,25,
35.68,-0.46,-0.61,0.19,0.82,0.54,-0.08,0.40,-0.12,0.30,-56.67,98.04,171.91,10.77,27,
35.80,-0.53,-0.67,0.10,0.82,0.54,-0.08,0.39,-0.12,0.29,-56.74,98.26,171.93,10.77,25,
35.95,-0.55,-0.87,0.28,0.82,0.53,-0.08,0.40,-0.11,0.31,-56.64,98.14,172.53,10.77,26,
36.07,-0.52,-0.83,0.17,0.82,0.54,-0.08,0.40,-0.11,0.30,-56.67,98.05,172.48,10.77,25,
36.18,-0.45,-0.59,0.19,0.82,0.54,-0.08,0.40,-0.12,0.30,-56.69,98.22,172.14,10.77,25,
36.31,-0.22,-0.65,0.16,0.82,0.54,-0.07,0.39,-0.12,0.30,-56.71,97.89,171.24,10.77,25,
36.47,-0.70,-0.64,0.11,0.82,0.54,-0.08,0.40,-0.12,0.30,-56.75,98.18,171.79,10.46,24,
36.59,-0.66,-0.74,0.25,0.82,0.53,-0.06,0.39,-0.12,0.29,-56.89,96.70,171.09,10.46,25,
36.70,-0.40,-0.70,0.20,0.82,0.54,-0.08,0.40,-0.12,0.30,-56.66,98.22,172.18,10.46,25,
36.84,-0.53,-0.69,0.28,0.82,0.54,-0.08,0.39,-0.12,0.30,-56.57,98.30,171.24,10.46,25,
36.99,-0.49,-0.69,0.08,0.82,0.53,-0.08,0.39,-0.12,0.30,-56.81,98.10,172.23,10.46,24,
37.11,-0.64,-0.61,0.19,0.82,0.54,-0.09,0.39,-0.12,0.30,-56.46,99.60,171.33,10.77,27,
37.24,-0.61,-0.83,0.26,0.82,0.53,-0.07,0.39,-0.12,0.31,-56.76,97.79,171.51,10.46,27,
37.38,-0.63,-0.60,0.03,0.82,0.54,-0.08,0.40,-0.13,0.29,-56.58,98.31,170.98,10.77,24,
37.50,-0.54,-0.79,0.10,0.82,0.53,-0.08,0.39,-0.12,0.30,-56.80,98.11,171.38,10.77,26,
37.62,-0.74,-0.62,0.15,0.82,0.54,-0.08,0.40,-0.12,0.31,-56.62,98.09,171.94,10.77,26,
37.77,-0.68,-0.77,0.18,0.82,0.54,-0.08,0.39,-0.12,0.30,-56.65,97.98,171.05,10.77,23,
37.87,-0.39,-0.76,0.22,0.82,0.54,-0.07,0.40,-0.12,0.30,-56.61,97.87,171.94,10.77,24,
38.02,-0.50,-0.73,0.22,0.82,0.53,-0.08,0.39,-0.12,0.29,-56.71,98.40,171.23,10.77,24,
38.15,-0.31,-0.58,0.13,0.82,0.54,-0.07,0.40,-0.12,0.30,-56.62,97.61,172.07,10.77,25,
38.27,-0.47,-0.70,0.31,0.82,0.54,-0.08,0.40,-0.12,0.29,-56.47,98.24,171.61,10.77,25,
38.39,-0.70,-0.58,0.06,0.82,0.54,-0.08,0.39,-0.12,0.30,-56.52,98.15,172.06,10.77,25,
38.54,-0.63,-0.77,0.28,0.82,0.54,-0.08,0.39,-0.13,0.29,-56.59,98.19,170.43,10.77,27,
38.67,-0.66,-0.61,0.23,0.82,0.54,-0.08,0.39,-0.12,0.30,-56.60,98.43,171.38,10.77,24,
38.79,-0.43,-0.63,0.19,0.82,0.54,-0.07,0.39,-0.12,0.29,-56.72,97.91,171.34,10.46,27,
38.91,-0.68,-0.84,0.20,0.82,0.54,-0.08,0.40,-0.12,0.30,-56.71,98.13,171.81,10.77,25,
39.06,-0.41,-0.76,0.25,0.82,0.54,-0.08,0.40,-0.12,0.30,-56.58,98.00,171.56,10.77,26,
39.19,-0.64,-0.52,0.22,0.82,0.54,-0.08,0.39,-0.12,0.30,-56.55,98.23,171.58,10.46,24,
39.31,-0.53,-0.56,0.10,0.82,0.53,-0.08,0.39,-0.12,0.31,-56.65,98.26,171.84,10.77,25,
39.43,-0.61,-0.62,0.17,0.82,0.54,-0.07,0.40,-0.12,0.29,-56.76,97.76,171.74,10.77,25,
39.58,-0.69,-0.83,0.21,0.83,0.53,-0.08,0.40,-0.12,0.30,-56.85,98.07,171.88,10.77,27,
39.70,-0.54,-0.74,0.08,0.82,0.54,-0.08,0.39,-0.12,0.30,-56.61,98.46,171.59,10.77,26,
39.82,-0.28,-0.87,0.23,0.82,0.54,-0.08,0.39,-0.12,0.30,-56.68,98.13,172.07,10.77,25,
39.97,-0.59,-0.80,0.02,0.82,0.54,-0.08,0.40,-0.13,0.30,-56.58,98.29,171.05,10.77,25,
40.10,-0.81,-0.90,0.04,0.82,0.53,-0.07,0.39,-0.12,0.30,-56.83,97.94,171.49,10.77,27,
40.22,-0.46,-0.74,0.10,0.82,0.53,-0.08,0.40,-0.12,0.29,-56.75,98.23,171.59,10.77,26,
40.34,-0.37,-0.73,0.07,0.82,0.53,-0.08,0.39,-0.11,0.29,-56.71,98.18,172.63,10.77,23,
40.49,-0.63,-0.87,0.19,0.82,0.53,-0.08,0.40,-0.12,0.30,-56.74,98.17,171.32,10.77,27,
40.61,-0.52,-0.71,-0.01,0.82,0.53,-0.08,0.39,-0.12,0.30,-56.68,98.37,171.91,10.46,26,
40.72,-0.68,-0.97,0.07,0.82,0.54,-0.07,0.40,-0.12,0.29,-56.66,97.82,171.84,10.77,23,
40.88,-0.55,-0.63,0.12,0.82,0.54,-0.08,0.39,-0.11,0.30,-56.61,98.35,172.52,10.46,27,
40.99,-0.38,-0.52,0.25,0.82,0.54,-0.09,0.39,-0.13,0.30,-56.48,99.77,170.77,10.46,28,
41.14,-0.49,-0.85,0.09,0.82,0.54,-0.08,0.39,-0.12,0.30,-56.69,98.24,171.01,10.46,25,
41.25,-0.65,-0.76,0.04,0.82,0.54,-0.08,0.39,-0.11,0.30,-56.64,98.02,172.68,10.46,25,
41.38,-0.84,-0.82,0.13,0.82,0.53,-0.08,0.39,-0.12,0.30,-56.86,98.22,171.89,10.46,26,
41.53,-0.61,-0.73,0.21,0.82,0.54,-0.09,0.40,-0.11,0.31,-56.55,99.67,173.06,10.46,27,
41.65,-0.55,-0.82,0.22,0.83,0.54,-0.08,0.39,-0.13,0.30,-56.78,98.01,170.52,10.46,25,
41.76,-0.70,-0.60,0.14,0.82,0.54,-0.08,0.39,-0.11,0.30,-56.69,98.19,172.50,10.46,25,
41.92,-0.43,-0.61,0.08,0.82,0.54,-0.07,0.39,-0.12,0.30,-56.64,97.87,170.99,10.46,25,
42.04,-0.54,-0.55,0.13,0.82,0.53,-0.08,0.40,-0.12,0.30,-56.75,98.26,172.31,10.46,26,
42.16,-0.59,-0.62,0.14,0.82,0.54,-0.08,0.39,-0.12,0.30,-56.65,98.21,171.34,10.46,23,
42.31,-0.64,-0.76,0.20,0.82,0.54,-0.08,0.40,-0.11,0.30,-56.65,98.13,172.94,10.46,25,
42.44,-0.45,-0.54,0.14,0.82,0.53,-0.08,0.40,-0.12,0.30,-56.75,98.09,172.48,10.46,25,
42.56,-0.49,-0.78,0.25,0.82,0.53,-0.08,0.39,-0.11,0.30,-56.78,98.19,173.16,10.46,26,
42.67,-0.38,-0.64,0.10,0.82,0.54,-0.06,0.39,-0.12,0.30,-56.75,96.66,171.78,10.46,24,
42.82,-0.39,-0.72,0.07,0.82,0.54,-0.07,0.39,-0.12,0.31,-56.59,97.94,171.58,10.46,23,
42.94,-0.67,-0.80,0.21,0.82,0.54,-0.08,0.40,-0.12,0.30,-56.60,98.22,172.01,10.46,24,
43.09,-0.47,-0.82,0.28,0.82,0.54,-0.08,0.39,-0.12,0.29,-56.46,98.16,171.36,10.46,24,
43.20,-0.40,-0.84,0.25,0.82,0.54,-0.08,0.40,-0.12,0.30,-56.62,98.10,172.29,10.46,24,
43.32,-0.70,-0.70,0.19,0.82,0.54,-0.08,0.39,-0.12,0.30,-56.67,98.32,172.16,10.46,26,
43.47,-0.59,-0.73,0.11,0.82,0.54,-0.08,0.39,-0.11,0.29,-56.53,98.12,172.14,10.46,26,
43.60,-0.80,-0.63,0.19,0.83,0.54,-0.08,0.39,-0.12,0.30,-56.73,98.28,171.45,10.46,22,
43.71,-0.40,-0.81,0.01,0.82,0.53,-0.08,0.39,-0.12,0.30,-56.76,98.09,172.24,10.46,25,
43.86,-0.60,-0.54,0.19,0.82,0.54,-0.08,0.40,-0.12,0.30,-56.68,98.18,171.57,10.46,25,
44.01,-0.67,-0.65,0.16,0.82,0.53,-0.08,0.40,-0.12,0.30,-56.72,98.34,172.02,10.46,23,
44.10,-0.37,-0.83,0.28,0.82,0.54,-0.08,0.40,-0.12,0.30,-56.65,97.97,171.65,10.46,24,
44.25,-0.55,-0.74,0.19,0.82,0.54,-0.08,0.39,-0.11,0.30,-56.72,98.05,172.42,10.46,28,
44.37,-0.42,-0.79,0.07,0.82,0.54,-0.08,0.40,-0.12,0.30,-56.72,98.22,172.02,10.46,26,
44.49,-0.50,-0.71,0.18,0.82,0.53,-0.07,0.40,-0.11,0.30,-56.72,97.93,172.98,10.46,25,
44.64,-0.43,-0.55,0.07,0.82,0.54,-0.08,0.40,-0.11,0.30,-56.60,98.07,172.57,10.46,25,
44.75,-0.23,-0.81,0.15,0.82,0.53,-0.08,0.40,-0.12,0.29,-56.72,98.02,172.13,10.46,27,
44.90,-0.44,-0.64,0.04,0.82,0.54,-0.08,0.40,-0.12,0.30,-56.62,98.24,172.16,10.46,25,
45.02,-0.51,-0.55,0.23,0.82,0.54,-0.08,0.40,-0.12,0.29,-56.63,98.31,171.54,10.46,25,
45.13,-0.61,-0.82,0.15,0.82,0.54,-0.08,0.39,-0.12,0.30,-56.64,98.37,171.50,10.46,25,
45.29,-0.52,-0.76,0.04,0.82,0.53,-0.08,0.40,-0.12,0.29,-56.78,98.10,171.26,10.46,26,
45.41,-0.88,-0.72,0.24,0.82,0.54,-0.08,0.39,-0.11,0.30,-56.60,98.22,172.56,10.46,28,
45.53,-0.61,-0.73,0.18,0.82,0.54,-0.08,0.40,-0.13,0.29,-56.54,98.22,171.15,10.46,25,
45.68,-0.44,-0.58,0.10,0.83,0.53,-0.08,0.39,-0.12,0.30,-56.78,98.43,172.27,10.46,25,
45.80,-0.70,-0.63,-0.01,0.82,0.53,-0.08,0.40,-0.12,0.30,-56.77,97.99,171.84,10.46,27,
45.94,-0.63,-0.75,0.08,0.82,0.54,-0.08,0.40,-0.11,0.30,-56.56,98.35,172.74,10.46,24,
46.07,-0.58,-0.85,0.16,0.82,0.54,-0.08,0.40,-0.12,0.30,-56.59,98.13,172.16,10.46,23,
46.18,-0.61,-0.68,0.19,0.82,0.54,-0.08,0.39,-0.12,0.29,-56.60,98.00,172.19,10.46,25,
46.33,-0.80,-0.97,0.14,0.82,0.54,-0.08,0.40,-0.12,0.29,-56.53,98.24,172.26,10.46,25,
46.44,-0.50,-0.67,0.21,0.82,0.54,-0.07,0.40,-0.11,0.29,-56.70,97.84,172.79,10.46,25,
46.57,-0.78,-0.58,0.22,0.82,0.53,-0.08,0.39,-0.11,0.29,-56.76,98.07,172.29,10.46,25,
46.72,-0.51,-0.73,0.20,0.82,0.54,-0.08,0.39,-0.12,0.30,-56.63,98.37,171.40,10.46,26,
46.84,-0.58,-0.58,0.11,0.82,0.54,-0.08,0.39,-0.12,0.30,-56.56,98.21,171.95,10.46,27,
46.95,-0.61,-0.76,0.31,0.82,0.54,-0.08,0.40,-0.12,0.29,-56.63,97.98,171.29,10.46,25,
47.11,-0.62,-0.73,-0.03,0.82,0.54,-0.07,0.39,-0.11,0.30,-56.61,97.85,172.96,10.46,25,
47.23,-0.76,-0.64,0.17,0.82,0.53,-0.08,0.39,-0.12,0.29,-56.71,98.10,171.74,10.46,25,
47.34,-0.58,-0.72,0.13,0.82,0.54,-0.08,0.39,-0.12,0.30,-56.61,98.22,171.87,10.46,25,
47.49,-0.38,-0.75,0.22,0.82,0.53,-0.08,0.39,-0.12,0.29,-56.67,98.08,171.37,10.46,25,
47.60,-0.48,-0.54,0.08,0.82,0.54,-0.08,0.39,-0.11,0.30,-56.71,98.17,172.54,10.46,24,
47.76,-0.60,-0.81,0.16,0.82,0.54,-0.08,0.40,-0.12,0.30,-56.68,98.44,172.13,10.46,26,
47.88,-0.57,-0.87,0.13,0.82,0.53,-0.08,0.40,-0.12,0.30,-56.68,98.00,172.05,10.46,25,
47.99,-0.62,-1.00,0.08,0.82,0.54,-0.08,0.39,-0.11,0.30,-56.58,97.97,172.40,10.46,25,
48.14,-0.42,-0.62,0.14,0.82,0.54,-0.08,0.40,-0.11,0.30,-56.64,98.29,172.46,10.46,25,
48.26,-0.34,-0.64,0.26,0.82,0.54,-0.08,0.40,-0.12,0.30,-56.68,98.20,172.23,10.46,26,
48.38,-0.61,-0.62,0.17,0.82,0.54,-0.08,0.39,-0.12,0.29,-56.54,98.43,171.42,10.46,25,
48.53,-0.41,-0.59,0.29,0.82,0.53,-0.08,0.39,-0.12,0.29,-56.73,98.09,172.05,10.46,27,
48.65,-0.32,-0.76,0.08,0.82,0.53,-0.07,0.40,-0.12,0.29,-56.67,97.87,171.42,10.46,26,
48.77,-0.40,-0.76,0.22,0.82,0.54,-0.08,0.40,-0.12,0.29,-56.59,98.31,172.05,10.46,24,
48.90,-0.46,-0.64,0.31,0.82,0.53,-0.08,0.39,-0.12,0.29,-56.70,98.27,171.28,10.46,26,
49.05,-0.43,-0.76,0.13,0.82,0.53,-0.08,0.40,-0.12,0.30,-56.77,98.20,172.19,10.46,26,
49.16,-0.60,-0.48,0.10,0.82,0.53,-0.07,0.40,-0.12,0.30,-56.71,97.96,171.31,10.46,23,
49.31,-0.42,-0.70,0.26,0.82,0.54,-0.08,0.39,-0.12,0.31,-56.61,98.18,172.14,10.46,25,
49.43,-0.76,-0.66,0.03,0.82,0.53,-0.08,0.39,-0.12,0.31,-56.61,98.14,171.29,10.46,27,
49.55,-0.64,-0.70,0.13,0.82,0.54,-0.08,0.39,-0.11,0.30,-56.64,98.03,172.93,10.46,26,
49.70,-0.64,-0.81,0.10,0.82,0.54,-0.08,0.39,-0.12,0.29,-56.62,98.18,171.63,10.46,26,
49.81,-0.59,-0.93,0.21,0.82,0.54,-0.08,0.39,-0.12,0.30,-56.61,98.12,171.36,10.46,26,
49.94,-0.66,-0.70,0.31,0.82,0.54,-0.07,0.39,-0.12,0.31,-56.68,96.95,172.21,10.46,25,
50.09,-0.61,-0.65,0.19,0.82,0.54,-0.08,0.39,-0.12,0.30,-56.61,98.02,171.54,10.46,24,
50.21,-0.46,-0.82,0.18,0.82,0.54,-0.08,0.39,-0.12,0.30,-56.68,98.22,171.80,10.46,25,
50.35,-0.51,-0.73,0.04,0.82,0.54,-0.08,0.40,-0.12,0.30,-56.47,98.26,171.93,10.46,27,
50.47,-0.65,-0.78,-0.01,0.82,0.54,-0.08,0.40,-0.11,0.30,-56.66,98.30,172.78,10.46,24,
50.61,-0.64,-0.85,0.25,0.82,0.54,-0.08,0.40,-0.12,0.31,-56.64,98.04,171.50,10.46,26,
50.73,-0.75,-0.75,0.20,0.82,0.53,-0.08,0.40,-0.12,0.30,-56.73,98.23,172.39,10.46,26,
50.85,-0.49,-0.63,0.18,0.82,0.54,-0.08,0.39,-0.12,0.30,-56.50,98.35,171.12,10.46,25,
51.00,-0.64,-0.73,0.07,0.82,0.54,-0.07,0.39,-0.11,0.31,-56.67,97.66,172.28,10.46,25,
51.12,-0.81,-0.73,0.20,0.82,0.54,-0.08,0.40,-0.12,0.31,-56.59,97.98,172.13,10.46,27,
51.24,-0.60,-0.67,0.16,0.82,0.54,-0.08,0.39,-0.12,0.30,-56.72,98.32,171.89,10.46,27,
51.37,-0.42,-0.91,0.04,0.82,0.54,-0.07,0.40,-0.12,0.30,-56.64,97.89,172.22,10.46,25,
51.52,-0.64,-0.77,0.04,0.82,0.54,-0.08,0.40,-0.12,0.30,-56.71,98.39,172.14,10.46,24,
51.64,-0.57,-0.77,0.31,0.82,0.54,-0.08,0.40,-0.11,0.30,-56.63,98.13,172.98,10.46,23,
51.76,-0.43,-0.55,0.21,0.82,0.54,-0.08,0.39,-0.11,0.30,-56.59,98.22,172.50,10.46,25,
51.91,-0.57,-0.86,0.13,0.82,0.54,-0.07,0.40,-0.11,0.31,-56.63,97.81,172.87,10.46,28,
52.03,-0.61,-0.59,0.25,0.82,0.54,-0.08,0.40,-0.12,0.30,-56.63,97.98,172.20,10.46,26,
52.14,-0.41,-0.57,0.02,0.82,0.54,-0.08,0.40,-0.11,0.31,-56.56,98.05,172.90,10.46,25,
52.27,-0.50,-0.76,0.34,0.82,0.54,-0.08,0.40,-0.12,0.30,-56.58,98.30,171.51,10.46,25,
52.42,-0.70,-0.77,0.28,0.82,0.54,-0.07,0.40,-0.11,0.31,-56.75,97.83,172.75,10.46,26,
52.55,-0.70,-0.77,0.10,0.82,0.54,-0.08,0.40,-0.12,0.31,-56.47,98.05,171.13,10.46,23,
52.66,-0.69,-0.67,0.16,0.83,0.54,-0.08,0.40,-0.12,0.30,-56.72,98.41,172.07,10.46,24,
52.79,-0.63,-0.73,0.10,0.82,0.54,-0.07,0.40,-0.13,0.30,-56.61,97.78,171.10,10.46,26,
52.92,-0.56,-0.83,-0.01,0.82,0.54,-0.08,0.39,-0.12,0.31,-56.67,98.27,172.10,10.46,24,
53.05,-0.26,-0.69,0.10,0.82,0.54,-0.08,0.40,-0.12,0.30,-56.46,98.40,172.01,10.46,27,
53.21,-0.70,-0.73,0.17,0.82,0.54,-0.08,0.40,-0.12,0.30,-56.57,98.11,171.82,10.46,24,
53.32,-0.60,-0.57,0.40,0.82,0.54,-0.08,0.40,-0.12,0.31,-56.60,98.17,172.05,10.46,26,
53.44,-0.37,-0.84,0.19,0.82,0.54,-0.08,0.40,-0.12,0.29,-56.59,98.43,171.41,10.46,26,
53.59,-0.32,-0.75,0.11,0.82,0.54,-0.08,0.39,-0.12,0.31,-56.70,98.10,172.06,10.46,24,
53.71,-0.18,-0.79,0.13,0.83,0.54,-0.08,0.40,-0.12,0.30,-56.76,98.24,171.49,10.46,24,
53.85,-0.55,-0.69,0.10,0.83,0.54,-0.08,0.39,-0.12,0.30,-56.76,98.02,171.92,10.46,24,
53.97,-0.66,-0.61,0.28,0.82,0.53,-0.08,0.40,-0.13,0.30,-56.67,98.30,171.05,10.46,24,
54.09,-0.54,-0.73,0.16,0.82,0.54,-0.08,0.39,-0.12,0.31,-56.72,98.23,172.23,10.46,26,
54.25,-0.40,-0.61,0.15,0.82,0.53,-0.08,0.39,-0.12,0.30,-56.76,98.30,171.30,10.46,25,
54.36,-0.76,-0.81,0.13,0.82,0.54,-0.08,0.39,-0.12,0.31,-56.55,98.03,171.69,10.46,27,
54.50,-0.81,-0.76,0.25,0.82,0.54,-0.08,0.40,-0.12,0.30,-56.61,98.42,171.88,10.46,25,
54.61,-0.46,-0.81,-0.04,0.82,0.54,-0.07,0.39,-0.11,0.31,-56.57,97.90,172.54,10.46,25,
54.76,-0.55,-0.87,0.16,0.82,0.54,-0.08,0.39,-0.12,0.30,-56.50,98.15,171.31,10.46,26,
54.88,-0.66,-0.80,0.15,0.82,0.54,-0.08,0.39,-0.11,0.30,-56.69,98.05,172.44,10.46,27,
55.00,-0.76,-0.81,0.25,0.82,0.53,-0.08,0.40,-0.12,0.30,-56.72,98.14,172.10,10.46,25,
55.15,-0.41,-0.81,0.17,0.82,0.54,-0.08,0.40,-0.12,0.30,-56.61,97.96,171.28,10.46,27,
55.28,-0.41,-0.76,0.13,0.82,0.54,-0.08,0.39,-0.11,0.31,-56.66,98.20,172.31,10.46,26,
55.39,-0.43,-0.87,0.15,0.82,0.54,-0.08,0.39,-0.12,0.30,-56.62,97.98,171.53,10.46,24,
55.54,-0.59,-0.76,0.06,0.82,0.53,-0.07,0.39,-0.12,0.31,-56.83,97.77,171.40,10.46,24,
55.66,-0.79,-0.65,0.08,0.82,0.54,-0.08,0.40,-0.12,0.30,-56.67,98.29,171.71,10.46,24,
55.80,-0.61,-0.80,0.16,0.82,0.54,-0.08,0.39,-0.12,0.30,-56.67,98.37,171.82,10.46,29,
55.92,-0.67,-0.42,0.09,0.83,0.54,-0.08,0.39,-0.12,0.30,-56.79,98.18,171.08,10.46,25,
56.04,-0.58,-0.64,0.03,0.82,0.54,-0.08,0.39,-0.11,0.30,-56.62,98.16,172.55,10.46,26,
56.17,-0.66,-0.67,0.07,0.82,0.53,-0.08,0.40,-0.13,0.29,-56.74,98.32,170.76,10.46,25,
56.30,-0.65,-0.70,0.21,0.82,0.54,-0.07,0.39,-0.12,0.30,-56.71,97.92,171.22,10.46,27,
56.43,-0.59,-0.64,0.22,0.82,0.54,-0.08,0.39,-0.13,0.29,-56.67,98.12,170.93,10.77,25,
56.56,-0.70,-0.85,0.13,0.82,0.53,-0.08,0.40,-0.12,0.30,-56.62,98.20,171.14,10.46,23,
56.69,-0.64,-0.58,0.22,0.82,0.54,-0.08,0.40,-0.13,0.29,-56.67,98.26,170.70,10.46,23,
56.83,-0.49,-0.73,0.04,0.83,0.53,-0.07,0.40,-0.12,0.29,-56.86,97.84,171.42,10.46,24,
56.95,-0.49,-0.52,0.07,0.82,0.53,-0.07,0.40,-0.12,0.29,-56.73,97.89,171.82,10.46,25,
57.10,-0.55,-0.79,0.10,0.82,0.54,-0.07,0.40,-0.12,0.29,-56.74,97.96,171.20,10.46,26,
57.22,-0.53,-0.73,0.12,0.82,0.53,-0.08,0.39,-0.12,0.30,-56.71,98.36,172.11,10.46,27,
57.34,-0.38,-0.73,-0.01,0.82,0.53,-0.08,0.39,-0.13,0.30,-56.65,98.28,170.75,10.46,23,
57.48,-0.58,-0.76,0.12,0.82,0.53,-0.08,0.40,-0.12,0.30,-56.66,98.51,172.06,10.46,24,
57.59,-0.37,-0.57,0.23,0.82,0.54,-0.08,0.40,-0.13,0.29,-56.58,98.05,170.47,10.77,25,
57.73,-0.67,-0.86,0.04,0.82,0.54,-0.08,0.40,-0.12,0.30,-56.54,98.03,171.40,10.46,25,
57.88,-0.11,-0.61,0.16,0.82,0.54,-0.08,0.40,-0.12,0.30,-56.73,98.17,171.15,10.77,24,
57.99,-0.56,-0.76,-0.01,0.82,0.54,-0.08,0.39,-0.12,0.30,-56.64,98.08,171.42,10.46,26,
58.25,-0.46,-0.73,0.22,0.82,0.54,-0.08,0.40,-0.12,0.29,-56.67,98.18,171.51,10.46,25,
58.39,-0.58,-0.76,0.18,0.82,0.53,-0.08,0.40,-0.12,0.29,-56.75,98.24,171.17,10.46,24,
58.52,-0.59,-0.70,0.13,0.82,0.54,-0.08,0.40,-0.12,0.30,-56.60,97.99,171.53,10.46,26,
58.57,-0.35,-0.67,0.15,0.82,0.53,-0.08,0.40,-0.12,0.30,-56.63,98.36,171.79,10.46,25,
58.66,-0.52,-0.74,0.07,0.82,0.53,-0.08,0.40,-0.12,0.30,-56.73,98.11,171.76,10.46,25,
58.78,-0.43,-0.67,0.15,0.82,0.53,-0.08,0.39,-0.12,0.30,-56.66,98.49,171.91,10.46,26,
58.92,-0.55,-0.72,0.05,0.82,0.54,-0.09,0.40,-0.12,0.29,-56.41,99.79,172.28,10.46,24,
59.04,-0.70,-0.90,-0.01,0.82,0.54,-0.08,0.40,-0.12,0.30,-56.69,98.05,171.43,10.46,24,
59.15,-0.73,-0.73,0.28,0.82,0.54,-0.08,0.40,-0.11,0.30,-56.67,98.04,172.88,10.46,26,
59.31,-0.71,-0.76,0.17,0.82,0.54,-0.08,0.40,-0.12,0.30,-56.66,98.20,171.15,10.46,26,
59.41,-0.72,-0.66,0.22,0.82,0.54,-0.08,0.40,-0.12,0.30,-56.66,98.32,172.39,10.46,24,
59.54,-0.43,-0.71,0.19,0.82,0.54,-0.08,0.40,-0.12,0.30,-56.60,98.28,171.20,10.46,23,
59.67,-0.40,-0.81,0.04,0.82,0.54,-0.08,0.39,-0.11,0.30,-56.66,98.13,172.37,10.46,26,
59.80,-0.89,-0.82,0.17,0.82,0.53,-0.08,0.40,-0.12,0.31,-56.82,98.22,171.86,10.46,25,
59.93,-0.61,-0.52,0.11,0.82,0.54,-0.08,0.40,-0.11,0.30,-56.58,98.35,172.70,10.46,24,
60.08,-0.46,-0.74,0.13,0.82,0.54,-0.08,0.40,-0.11,0.30,-56.66,98.27,172.67,10.46,26,
60.20,-0.62,-0.68,0.21,0.82,0.54,-0.07,0.40,-0.12,0.30,-56.70,97.74,171.73,10.46,23,
60.32,-0.55,-0.80,0.25,0.82,0.54,-0.07,0.40,-0.12,0.31,-56.66,97.96,172.51,10.46,26,
60.47,-0.73,-0.77,0.03,0.82,0.53,-0.07,0.39,-0.12,0.29,-56.75,97.98,171.53,10.46,26,
60.60,-0.53,-0.65,0.21,0.82,0.54,-0.08,0.39,-0.11,0.30,-56.67,98.32,172.41,10.46,24,
60.73,-0.52,-0.83,0.03,0.82,0.54,-0.08,0.39,-0.12,0.30,-56.50,98.20,171.72,10.46,26,
60.84,-0.61,-0.79,0.17,0.82,0.53,-0.07,0.39,-0.12,0.30,-56.75,97.71,172.02,10.46,26,
60.96,-0.62,-0.67,0.22,0.83,0.54,-0.08,0.40,-0.12,0.29,-56.70,98.18,171.60,10.46,26,
61.12,-0.64,-0.90,0.11,0.82,0.54,-0.09,0.39,-0.11,0.31,-56.51,99.82,172.29,10.46,26,
61.23,-0.47,-0.73,0.16,0.82,0.54,-0.08,0.40,-0.12,0.30,-56.55,98.49,171.82,10.46,27,
61.36,-0.40,-0.72,0.20,0.82,0.54,-0.08,0.39,-0.12,0.31,-56.55,98.01,171.94,10.46,27,
61.51,-0.76,-0.76,0.06,0.83,0.54,-0.08,0.40,-0.12,0.30,-56.61,98.13,171.74,10.46,24,
61.63,-0.54,-0.77,0.17,0.82,0.54,-0.08,0.39,-0.12,0.29,-56.69,98.17,171.54,10.46,25,
61.75,-0.43,-0.73,0.17,0.82,0.54,-0.08,0.39,-0.12,0.31,-56.63,98.19,171.87,10.46,27,
61.87,-0.73,-0.61,0.17,0.82,0.54,-0.08,0.40,-0.12,0.30,-56.61,98.42,171.93,10.46,26,
62.03,-0.47,-0.76,0.13,0.82,0.54,-0.08,0.40,-0.11,0.30,-56.45,97.99,172.54,10.46,27,
62.14,-0.52,-0.54,0.17,0.82,0.54,-0.07,0.40,-0.12,0.29,-56.64,97.90,172.04,10.46,23,
62.26,-0.59,-0.73,0.19,0.82,0.54,-0.08,0.40,-0.11,0.30,-56.54,98.25,172.62,10.46,25,
62.42,-0.86,-0.88,0.16,0.82,0.53,-0.08,0.40,-0.12,0.29,-56.71,98.36,172.26,10.46,24,
62.54,-0.48,-0.61,0.19,0.82,0.54,-0.08,0.39,-0.12,0.31,-56.72,98.04,172.22,10.46,25,
62.65,-0.47,-0.79,0.19,0.82,0.54,-0.08,0.39,-0.12,0.29,-56.65,98.24,171.42,10.46,25,
62.80,-0.72,-0.64,0.22,0.82,0.54,-0.07,0.40,-0.11,0.29,-56.59,97.95,172.88,10.46,23,
62.92,-0.62,-0.66,0.16,0.82,0.53,-0.08,0.40,-0.13,0.29,-56.69,98.42,170.91,10.46,25,
63.07,-0.49,-0.74,0.36,0.82,0.54,-0.08,0.40,-0.11,0.31,-56.61,98.01,172.82,10.46,25,
63.19,-0.65,-0.86,0.16,0.82,0.53,-0.07,0.40,-0.12,0.30,-56.79,97.84,171.94,10.46,26,
63.30,-0.60,-0.57,0.18,0.82,0.54,-0.08,0.36,-0.12,0.30,-56.58,98.06,170.96,10.46,26,
63.45,-0.59,-0.58,0.13,0.82,0.54,-0.08,0.40,-0.12,0.30,-56.61,98.43,172.13,10.46,27,
63.56,-0.64,-0.69,0.22,0.82,0.54,-0.08,0.40,-0.12,0.29,-56.69,98.06,172.00,10.46,25,
63.71,-0.81,-0.61,0.26,0.82,0.54,-0.08,0.41,-0.12,0.29,-56.72,98.13,172.37,10.46,24,
63.83,-0.75,-0.76,0.24,0.82,0.54,-0.08,0.40,-0.12,0.30,-56.62,98.34,171.65,10.46,26,
63.95,-0.43,-0.84,0.24,0.82,0.54,-0.08,0.40,-0.12,0.29,-56.65,98.11,171.72,10.46,24,
64.10,-0.32,-0.76,0.20,0.82,0.54,-0.08,0.39,-0.12,0.29,-56.65,98.34,171.21,10.77,25,
64.22,-0.38,-0.73,0.20,0.83,0.53,-0.08,0.39,-0.12,0.30,-56.77,98.27,171.72,10.46,25,
64.34,-0.64,-0.89,0.10,0.82,0.54,-0.08,0.40,-0.13,0.30,-56.61,98.44,171.02,10.46,26,
64.49,-0.73,-0.64,0.12,0.82,0.54,-0.08,0.39,-0.11,0.30,-56.61,98.18,172.23,10.46,25,
64.61,-0.55,-0.57,0.11,0.83,0.54,-0.08,0.40,-0.12,0.29,-56.75,98.08,171.91,10.46,24,
64.73,-0.60,-0.69,0.20,0.82,0.54,-0.08,0.39,-0.11,0.30,-56.57,98.04,172.63,10.46,26,
64.88,-0.55,-0.52,0.19,0.82,0.53,-0.07,0.40,-0.12,0.29,-56.81,97.71,171.80,10.46,27,
64.99,-0.54,-0.80,0.17,0.82,0.54,-0.08,0.40,-0.12,0.30,-56.58,98.07,171.88,10.46,25,
65.12,-0.84,-0.75,0.14,0.82,0.54,-0.08,0.40,-0.12,0.30,-56.61,97.97,171.85,10.46,23,
65.25,-0.55,-0.81,0.23,0.82,0.54,-0.08,0.39,-0.12,0.29,-56.53,98.20,172.13,10.46,23,
65.38,-0.65,-0.63,0.07,0.82,0.54,-0.08,0.40,-0.13,0.30,-56.52,98.38,170.87,10.46,27,
65.51,-0.48,-0.73,0.20,0.82,0.54,-0.07,0.40,-0.12,0.29,-56.67,97.85,171.34,10.46,26,
65.64,-0.50,-0.59,0.19,0.82,0.53,-0.08,0.40,-0.12,0.30,-56.75,98.15,172.52,10.46,26,
65.79,-0.61,-0.91,0.13,0.82,0.54,-0.08,0.40,-0.13,0.30,-56.49,98.17,171.13,10.46,26,
65.91,-0.64,-0.80,0.05,0.82,0.54,-0.08,0.39,-0.12,0.30,-56.67,98.04,171.59,10.46,25,
66.03,-0.52,-0.64,0.28,0.82,0.54,-0.08,0.40,-0.13,0.29,-56.66,98.21,170.93,10.46,26,
66.18,-0.66,-0.81,0.16,0.82,0.54,-0.08,0.39,-0.12,0.31,-56.68,97.98,171.87,10.46,28,
66.30,-0.41,-0.64,-0.03,0.82,0.53,-0.08,0.39,-0.13,0.31,-56.69,98.31,170.65,10.46,25,
66.44,-0.63,-0.64,0.16,0.82,0.54,-0.08,0.39,-0.12,0.31,-56.51,98.01,172.27,10.77,26,
66.55,-0.61,-0.74,0.16,0.83,0.54,-0.08,0.40,-0.12,0.30,-56.72,98.08,171.86,10.46,29,
66.67,-0.58,-0.79,0.19,0.82,0.53,-0.08,0.40,-0.11,0.30,-56.80,98.09,172.51,10.46,24,
66.81,-0.52,-0.70,0.09,0.82,0.54,-0.08,0.40,-0.12,0.30,-56.60,98.22,171.77,10.46,25,
66.94,-0.65,-0.61,0.26,0.82,0.54,-0.08,0.39,-0.12,0.30,-56.65,97.95,172.01,10.46,25,
67.07,-0.51,-0.73,0.10,0.82,0.54,-0.08,0.40,-0.12,0.29,-56.63,98.17,172.11,10.46,26,
67.23,-0.55,-0.61,0.15,0.82,0.54,-0.08,0.40,-0.12,0.29,-56.64,98.20,171.29,10.46,23,
67.35,-0.49,-0.70,0.31,0.83,0.53,-0.08,0.40,-0.12,0.30,-56.88,98.16,172.07,10.46,25,
67.48,-0.54,-0.44,0.22,0.83,0.54,-0.08,0.40,-0.12,0.30,-56.74,98.15,171.89,10.46,25,
67.58,-0.33,-0.73,0.01,0.82,0.54,-0.08,0.39,-0.12,0.31,-56.33,98.62,172.33,10.46,26,
67.71,-0.48,-0.80,0.24,0.82,0.53,-0.08,0.40,-0.12,0.29,-56.72,98.02,171.87,10.46,25,
67.85,-0.51,-0.76,0.03,0.82,0.54,-0.08,0.40,-0.12,0.30,-56.62,97.99,172.18,10.46,25,
68.00,-0.65,-0.79,0.22,0.82,0.54,-0.08,0.40,-0.13,0.30,-56.55,98.07,171.08,10.46,26,
68.12,-0.51,-0.77,0.16,0.82,0.54,-0.08,0.39,-0.12,0.30,-56.57,98.29,172.18,10.46,22,
68.23,-0.61,-0.58,0.02,0.82,0.54,-0.08,0.40,-0.12,0.30,-56.67,98.08,171.42,10.46,25,
68.39,-0.62,-0.69,0.22,0.82,0.54,-0.07,0.39,-0.11,0.30,-56.70,97.74,172.27,10.46,27,
68.49,-0.58,-0.85,0.16,0.83,0.54,-0.07,0.40,-0.12,0.30,-56.78,97.94,171.13,10.46,24,
68.64,-0.55,-0.78,-0.11,0.82,0.53,-0.07,0.40,-0.12,0.30,-56.82,97.93,171.54,10.46,26,
68.75,-0.53,-0.70,-0.01,0.82,0.53,-0.07,0.40,-0.12,0.30,-56.69,97.95,172.31,10.46,26,
68.91,-0.61,-0.65,0.13,0.82,0.54,-0.07,0.39,-0.12,0.30,-56.63,97.94,171.58,10.46,27,
69.02,-0.52,-0.94,0.17,0.82,0.54,-0.09,0.40,-0.11,0.30,-56.51,99.71,172.70,10.46,25,
69.14,-0.37,-0.78,0.20,0.82,0.53,-0.08,0.40,-0.12,0.29,-56.80,98.23,171.55,10.46,25,
69.29,-0.52,-0.97,0.19,0.82,0.53,-0.07,0.40,-0.12,0.30,-56.78,97.99,171.64,10.46,26,
69.43,-0.43,-0.70,0.10,0.82,0.54,-0.08,0.40,-0.12,0.29,-56.58,98.35,171.60,10.46,25,
69.55,-0.53,-0.84,0.11,0.82,0.54,-0.07,0.39,-0.11,0.30,-56.67,97.74,172.94,10.77,26,
69.67,-0.49,-0.70,0.28,0.82,0.54,-0.08,0.39,-0.12,0.30,-56.49,98.02,170.96,10.46,24,
69.81,-0.53,-0.79,0.10,0.82,0.54,-0.08,0.40,-0.12,0.30,-56.60,98.11,172.28,10.46,24,
69.94,-0.33,-0.58,0.13,0.82,0.54,-0.07,0.40,-0.12,0.30,-56.66,97.73,171.88,10.46,27,
70.07,-0.55,-0.55,0.18,0.82,0.54,-0.08,0.40,-0.12,0.30,-56.58,98.19,172.12,10.46,24,
70.19,-0.53,-0.69,0.13,0.82,0.54,-0.07,0.40,-0.12,0.29,-56.62,97.81,171.19,10.46,25,
70.32,-0.64,-0.56,0.19,0.82,0.54,-0.08,0.39,-0.12,0.29,-56.65,97.99,171.68,10.46,25,
70.46,-0.53,-0.65,0.18,0.82,0.54,-0.08,0.40,-0.12,0.30,-56.54,98.22,171.69,10.46,25,
70.58,-0.66,-0.75,0.16,0.82,0.54,-0.08,0.39,-0.12,0.30,-56.51,98.37,171.55,10.46,28,
70.71,-0.53,-0.70,0.15,0.82,0.54,-0.08,0.40,-0.12,0.30,-56.64,98.08,172.10,10.46,25,
70.86,-0.70,-0.67,0.13,0.82,0.54,-0.08,0.40,-0.13,0.30,-56.61,98.17,171.07,10.46,26,
70.98,-0.71,-0.79,0.13,0.82,0.53,-0.08,0.40,-0.12,0.30,-56.71,98.10,172.26,10.46,24,
71.11,-0.62,-0.69,0.07,0.82,0.54,-0.07,0.40,-0.12,0.30,-56.65,97.87,171.22,10.46,26,
71.24,-0.77,-0.87,0.13,0.82,0.54,-0.08,0.40,-0.12,0.30,-56.42,98.10,172.56,10.46,24,
71.35,-0.60,-0.93,0.22,0.82,0.54,-0.08,0.41,-0.12,0.31,-56.59,98.27,171.63,10.46,24,
71.50,-0.46,-0.88,0.15,0.82,0.54,-0.08,0.40,-0.11,0.30,-56.65,98.28,172.68,10.46,25,
71.63,-0.59,-0.73,0.21,0.82,0.54,-0.08,0.40,-0.12,0.30,-56.50,98.05,171.44,10.77,26,
71.76,-0.58,-0.67,0.02,0.82,0.53,-0.09,0.40,-0.12,0.30,-56.72,99.70,172.22,10.46,25,
71.87,-0.52,-0.60,0.14,0.82,0.54,-0.08,0.41,-0.12,0.30,-56.52,98.11,171.66,10.46,26,
71.99,-0.58,-0.89,0.22,0.82,0.54,-0.08,0.40,-0.11,0.29,-56.64,98.04,172.44,10.46,24,
72.13,-0.48,-0.76,0.19,0.82,0.53,-0.07,0.40,-0.12,0.30,-56.70,97.95,171.90,10.46,27,
72.26,-0.64,-0.76,0.28,0.82,0.54,-0.08,0.40,-0.12,0.29,-56.71,98.03,171.70,10.46,26,
72.38,-0.52,-0.86,0.38,0.82,0.54,-0.08,0.40,-0.12,0.30,-56.55,98.12,172.11,10.46,27,
72.51,-0.43,-0.87,-0.01,0.82,0.53,-0.08,0.40,-0.12,0.29,-56.74,98.06,171.32,10.46,26,
72.67,-0.35,-0.80,0.10,0.82,0.54,-0.08,0.40,-0.12,0.30,-56.58,98.31,171.59,10.46,26,
72.79,-0.64,-0.58,0.22,0.82,0.54,-0.07,0.40,-0.12,0.30,-56.56,97.82,171.34,10.46,27,
72.90,-0.57,-0.67,0.19,0.82,0.54,-0.08,0.39,-0.12,0.31,-56.60,98.12,171.77,10.46,25,
73.05,-0.58,-0.76,0.11,0.82,0.54,-0.08,0.40,-0.13,0.29,-56.53,98.18,170.64,10.46,24,
73.17,-0.61,-0.81,0.21,0.82,0.54,-0.08,0.40,-0.12,0.29,-56.66,98.31,172.28,10.46,26,
73.29,-0.55,-0.62,0.18,0.82,0.53,-0.08,0.40,-0.12,0.30,-56.76,98.62,172.00,10.46,26,
73.42,-0.49,-0.60,0.13,0.82,0.54,-0.07,0.40,-0.12,0.30,-56.71,97.81,172.20,10.46,25,
73.58,-0.43,-0.93,0.19,0.82,0.53,-0.07,0.40,-0.12,0.30,-56.63,97.97,171.87,10.46,25,
73.71,-0.57,-0.52,0.13,0.82,0.54,-0.08,0.40,-0.12,0.30,-56.64,98.27,172.10,10.46,26,
73.83,-0.54,-0.61,0.17,0.82,0.54,-0.07,0.40,-0.12,0.30,-56.61,97.93,172.05,10.46,24,
73.96,-0.61,-0.73,0.01,0.82,0.53,-0.08,0.40,-0.11,0.29,-56.74,97.99,172.83,10.46,26,
74.09,-0.65,-0.99,0.41,0.82,0.54,-0.08,0.40,-0.12,0.30,-56.61,98.08,172.12,10.46,25,
74.20,-0.52,-0.71,0.13,0.82,0.53,-0.07,0.40,-0.13,0.29,-56.62,97.88,171.04,10.46,26,
74.35,-0.63,-0.76,0.10,0.82,0.54,-0.08,0.40,-0.12,0.30,-56.67,98.02,172.27,10.46,26,
74.50,-0.79,-0.71,0.19,0.82,0.53,-0.09,0.40,-0.12,0.30,-56.59,99.95,172.01,10.46,26,
74.59,-0.50,-0.79,0.20,0.82,0.53,-0.07,0.40,-0.12,0.30,-56.84,97.96,172.11,10.46,27,
74.75,-0.63,-0.71,0.25,0.82,0.54,-0.08,0.40,-0.12,0.31,-56.70,98.26,171.20,10.46,23,
74.87,-0.63,-0.72,0.10,0.83,0.54,-0.08,0.40,-0.11,0.31,-56.71,98.07,172.79,10.46,24,
75.01,-0.62,-0.93,0.22,0.82,0.54,-0.08,0.40,-0.12,0.31,-56.64,98.26,171.80,10.46,26,
75.11,-0.58,-0.80,0.22,0.82,0.54,-0.08,0.40,-0.12,0.30,-56.66,98.08,172.00,10.46,24,
75.24,-0.55,-0.60,0.14,0.82,0.54,-0.08,0.40,-0.12,0.30,-56.61,98.23,172.64,10.46,26,
75.37,-0.47,-0.79,0.10,0.82,0.54,-0.08,0.40,-0.12,0.30,-56.71,98.04,172.23,10.46,26,
75.50,-0.72,-0.71,0.32,0.82,0.54,-0.08,0.40,-0.12,0.30,-56.58,98.60,172.41,10.46,25,
75.65,-0.51,-0.85,0.19,0.82,0.53,-0.08,0.40,-0.12,0.29,-56.64,98.37,171.92,10.46,26,
75.78,-0.55,-0.52,0.24,0.82,0.54,-0.08,0.40,-0.11,0.31,-56.72,98.15,172.75,10.46,26,
75.91,-0.57,-0.76,0.07,0.82,0.54,-0.08,0.40,-0.12,0.29,-56.72,98.20,171.87,10.46,23,
76.03,-0.57,-0.87,0.16,0.82,0.54,-0.08,0.40,-0.12,0.30,-56.67,98.09,172.44,10.46,28,
76.16,-0.55,-0.66,0.02,0.82,0.53,-0.08,0.40,-0.12,0.30,-56.71,98.13,172.21,10.46,27,
76.29,-0.74,-0.61,0.19,0.83,0.54,-0.08,0.40,-0.12,0.31,-56.58,98.06,172.33,10.46,26,
76.41,-0.75,-0.71,0.22,0.82,0.54,-0.08,0.40,-0.12,0.30,-56.50,98.31,171.90,10.46,24,
76.55,-0.61,-0.70,0.17,0.82,0.54,-0.07,0.40,-0.12,0.30,-56.60,97.76,172.22,10.46,25,
76.67,-0.65,-0.76,0.27,0.82,0.54,-0.09,0.39,-0.12,0.30,-56.35,99.75,171.25,10.46,26,
76.80,-0.51,-0.72,0.22,0.82,0.54,-0.08,0.40,-0.11,0.30,-56.64,98.17,173.29,10.46,22,
76.95,-0.59,-0.74,0.26,0.82,0.54,-0.08,0.40,-0.12,0.30,-56.63,97.96,172.04,10.46,27,
77.07,-0.49,-0.76,0.04,0.82,0.54,-0.08,0.40,-0.13,0.30,-56.69,98.03,170.99,10.46,26,
77.20,-0.43,-0.73,0.11,0.82,0.53,-0.08,0.40,-0.12,0.29,-56.70,98.33,172.30,10.46,24,
77.33,-0.48,-0.70,0.12,0.82,0.54,-0.08,0.40,-0.12,0.29,-56.43,98.15,171.80,10.46,24,
77.46,-0.55,-0.72,0.18,0.82,0.54,-0.08,0.40,-0.11,0.29,-56.66,98.12,172.51,10.46,26,
77.60,-0.70,-0.62,0.09,0.83,0.54,-0.08,0.39,-0.12,0.29,-56.74,98.02,171.61,10.46,27,
77.73,-0.59,-0.74,0.11,0.83,0.54,-0.08,0.40,-0.11,0.30,-56.84,98.20,172.93,10.46,24,
77.85,-0.76,-0.66,0.18,0.82,0.54,-0.08,0.40,-0.12,0.30,-56.51,98.04,171.54,10.46,24,
77.99,-0.46,-0.62,0.10,0.82,0.53,-0.07,0.39,-0.12,0.30,-56.77,97.95,171.97,10.46,25,
78.11,-0.56,-0.68,0.12,0.82,0.54,-0.08,0.40,-0.12,0.29,-56.60,98.12,171.39,10.46,24,
78.25,-0.85,-0.66,0.18,0.82,0.54,-0.08,0.40,-0.11,0.30,-56.71,97.98,172.38,10.77,25,
78.38,-0.52,-0.66,0.22,0.82,0.53,-0.08,0.40,-0.12,0.29,-56.68,98.15,171.91,10.46,26,
78.51,-0.75,-0.70,0.16,0.82,0.54,-0.08,0.40,-0.12,0.29,-56.45,98.11,172.06,10.46,27,
78.64,-0.72,-0.76,0.25,0.83,0.54,-0.07,0.40,-0.12,0.30,-56.74,97.94,172.31,10.46,23,
78.75,-0.55,-0.64,0.20,0.82,0.54,-0.08,0.40,-0.12,0.30,-56.61,98.21,171.73,10.46,27,
78.89,-0.80,-0.79,0.15,0.82,0.54,-0.08,0.40,-0.11,0.30,-56.59,97.97,173.14,10.46,26,
79.01,-0.62,-0.76,0.07,0.82,0.54,-0.08,0.40,-0.12,0.29,-56.43,98.15,171.94,10.46,26,
79.15,-0.59,-0.66,0.11,0.82,0.54,-0.08,0.40,-0.11,0.30,-56.68,98.44,172.84,10.46,25,
79.28,-0.46,-0.69,0.07,0.82,0.54,-0.08,0.40,-0.12,0.30,-56.42,98.36,171.62,10.46,26,
79.41,-0.59,-0.68,0.00,0.82,0.54,-0.08,0.40,-0.12,0.30,-56.58,98.13,172.42,10.46,25,
79.54,-0.69,-0.70,0.16,0.82,0.54,-0.08,0.40,-0.12,0.30,-56.72,97.98,171.37,10.46,26,
79.67,-0.64,-0.81,0.27,0.82,0.54,-0.07,0.40,-0.12,0.30,-56.67,97.89,172.08,10.46,24,
79.80,-0.70,-0.87,0.23,0.82,0.53,-0.07,0.40,-0.13,0.31,-56.80,97.87,171.10,10.46,24,
79.94,-0.79,-0.76,0.13,0.82,0.54,-0.07,0.39,-0.12,0.30,-56.63,97.88,172.15,10.46,25,
80.04,-0.82,-0.65,0.15,0.83,0.54,-0.08,0.40,-0.12,0.31,-56.74,98.08,171.83,10.77,24,
80.17,-0.85,-0.82,0.22,0.82,0.54,-0.08,0.40,-0.12,0.30,-56.65,98.10,171.87,10.46,24,
80.32,-0.70,-0.69,0.04,0.82,0.53,-0.07,0.40,-0.12,0.30,-56.82,97.96,171.65,10.46,27,
80.44,-0.50,-0.86,0.15,0.82,0.53,-0.08,0.39,-0.12,0.29,-56.73,98.24,171.81,10.46,26,
80.58,-0.68,-0.84,0.08,0.82,0.54,-0.08,0.40,-0.11,0.30,-56.72,98.17,172.57,10.77,26,
80.69,-0.86,-0.99,0.20,0.82,0.54,-0.08,0.40,-0.12,0.30,-56.47,98.14,171.66,10.46,25,
80.83,-0.57,-0.61,0.25,0.82,0.53,-0.08,0.40,-0.12,0.30,-56.80,98.38,171.90,10.46,25,
80.97,-0.48,-0.86,0.16,0.82,0.54,-0.08,0.40,-0.12,0.29,-56.59,98.23,171.24,10.46,24,
81.10,-0.52,-0.89,0.01,0.82,0.54,-0.08,0.40,-0.12,0.30,-56.60,98.07,171.99,10.46,27,
81.23,-0.90,-0.90,0.15,0.82,0.54,-0.08,0.40,-0.13,0.31,-56.65,98.03,171.22,10.46,27,
81.35,-0.61,-1.20,0.27,0.82,0.54,-0.08,0.40,-0.11,0.30,-56.58,98.04,172.59,10.46,25,
81.49,-0.58,-0.73,0.01,0.83,0.53,-0.08,0.40,-0.12,0.30,-56.82,98.04,171.43,10.46,26,
81.59,-0.40,-0.78,0.21,0.82,0.54,-0.08,0.40,-0.12,0.29,-56.61,98.05,171.77,10.77,27,
81.73,-0.61,-0.95,0.02,0.82,0.53,-0.08,0.41,-0.12,0.29,-56.72,98.16,171.77,10.46,25,
81.88,-0.40,-0.90,0.19,0.82,0.54,-0.08,0.40,-0.12,0.30,-56.70,98.25,171.48,10.46,27,
82.00,-0.55,-0.64,0.08,0.82,0.53,-0.08,0.40,-0.12,0.30,-56.76,98.56,172.53,10.46,27,
82.13,-0.69,-0.72,0.33,0.82,0.54,-0.08,0.40,-0.12,0.30,-56.66,98.38,172.09,10.46,26,
82.24,-0.57,-0.82,0.19,0.82,0.54,-0.08,0.40,-0.11,0.29,-56.60,98.27,172.75,10.46,24,
82.38,-0.73,-0.61,0.01,0.82,0.54,-0.08,0.40,-0.13,0.30,-56.66,97.97,171.17,10.77,25,
82.52,-0.43,-0.73,0.18,0.83,0.54,-0.08,0.40,-0.12,0.30,-56.71,98.08,171.91,10.46,26,
82.64,-0.51,-0.69,0.18,0.82,0.54,-0.08,0.40,-0.12,0.30,-56.57,98.13,171.63,10.46,27,
82.79,-0.71,-0.94,0.19,0.82,0.53,-0.08,0.39,-0.12,0.29,-56.56,98.52,172.26,10.46,26,
82.92,-0.46,-0.72,0.23,0.82,0.53,-0.08,0.40,-0.12,0.30,-56.76,98.07,171.24,10.77,24,
83.04,-0.38,-0.61,-1.86,0.82,0.54,-0.07,0.40,-0.12,0.29,-56.73,97.86,172.30,10.46,25,
83.16,-0.42,-0.68,0.08,0.82,0.54,-0.08,0.40,-0.12,0.30,-56.56,98.11,171.71,10.46,28,
83.28,-0.40,-0.78,0.01,0.82,0.54,-0.08,0.40,-0.12,0.30,-56.53,98.26,172.18,10.46,27,
83.42,-0.59,-0.65,0.19,0.82,0.54,-0.08,0.40,-0.12,0.31,-56.59,98.28,171.86,10.46,26,
83.55,-0.44,-0.72,0.23,0.82,0.54,-0.07,0.40,-0.12,0.30,-56.61,97.70,171.35,10.46,27,
83.67,-0.64,-0.67,0.17,0.82,0.53,-0.08,0.40,-0.12,0.30,-56.74,98.10,172.36,10.46,26,
83.83,-0.70,-0.58,0.31,0.82,0.53,-0.08,0.40,-0.12,0.29,-56.69,98.08,171.51,10.46,26,
83.95,-0.55,-0.57,0.21,0.82,0.54,-0.08,0.40,-0.11,0.30,-56.74,98.13,172.57,10.46,29,
84.06,-0.29,-0.73,0.04,0.82,0.54,-0.07,0.40,-0.12,0.30,-56.66,97.83,171.44,10.46,27,
84.24,-0.62,-0.74,0.19,0.82,0.54,-0.08,0.40,-0.11,0.30,-56.64,98.07,173.01,10.46,26,
84.34,-0.59,-0.65,0.11,0.82,0.53,-0.08,0.40,-0.12,0.30,-56.74,98.39,171.77,10.46,25,
84.45,-0.66,-0.84,0.16,0.82,0.53,-0.08,0.40,-0.12,0.30,-56.74,98.03,172.15,10.46,23,
84.58,-0.78,-0.83,0.14,0.83,0.54,-0.07,0.40,-0.13,0.30,-56.79,97.94,170.97,10.46,26,
84.72,-0.58,-0.79,0.23,0.82,0.53,-0.08,0.40,-0.12,0.30,-56.57,98.25,171.91,10.46,26,
84.85,-0.47,-0.79,0.10,0.82,0.53,-0.07,0.40,-0.12,0.30,-56.69,97.97,171.23,10.46,27,
84.99,-0.54,-0.86,0.12,0.82,0.54,-0.08,0.40,-0.12,0.30,-56.50,98.16,171.77,10.46,25,
85.10,-0.60,-0.73,0.00,0.82,0.54,-0.08,0.40,-0.12,0.30,-56.63,98.00,171.76,10.46,26,
85.23,-0.83,-0.55,0.09,0.82,0.54,-0.08,0.40,-0.12,0.29,-56.59,98.22,171.76,10.46,25,
85.36,-0.52,-0.67,0.18,0.82,0.54,-0.08,0.40,-0.12,0.30,-56.58,98.13,172.43,10.46,24,
85.49,-0.50,-0.98,0.31,0.82,0.54,-0.08,0.40,-0.12,0.29,-56.57,98.35,171.84,10.46,27,
85.62,-0.66,-0.87,0.07,0.82,0.54,-0.08,0.40,-0.12,0.29,-56.67,98.27,172.21,10.46,26,
85.76,-0.45,-0.61,0.10,0.82,0.53,-0.08,0.40,-0.13,0.29,-56.61,98.14,170.95,10.46,26,
85.88,-0.79,-0.67,0.16,0.82,0.54,-0.09,0.40,-0.12,0.30,-56.50,99.87,171.63,10.46,27,
86.03,-0.64,-0.73,0.22,0.82,0.54,-0.08,0.40,-0.12,0.30,-56.63,98.11,171.33,10.46,27,
86.15,-0.73,-0.70,0.00,0.82,0.53,-0.08,0.39,-0.11,0.30,-56.80,98.15,172.45,10.46,26,
86.30,-0.63,-0.78,0.15,0.82,0.54,-0.08,0.40,-0.12,0.29,-56.60,98.30,171.80,10.46,26,
86.42,-0.51,-0.52,0.01,0.82,0.53,-0.07,0.39,-0.12,0.30,-56.76,97.90,171.96,10.46,24,
86.55,-0.76,-0.77,0.24,0.82,0.54,-0.08,0.40,-0.12,0.30,-56.54,97.95,171.87,10.46,27,
86.69,-0.61,-0.55,0.19,0.82,0.54,-0.08,0.36,-0.12,0.30,-56.59,98.17,170.61,10.46,22,
86.79,-0.73,-0.86,0.13,0.82,0.54,-0.08,0.40,-0.12,0.31,-56.63,98.10,171.48,10.46,23,
86.94,-0.47,-0.52,0.09,0.82,0.54,-0.08,0.40,-0.12,0.29,-56.47,98.14,172.48,10.46,26,
87.05,-0.52,-0.83,0.11,0.82,0.54,-0.08,0.40,-0.11,0.31,-56.68,98.03,172.79,10.46,26,
87.20,-0.49,-0.70,-0.04,0.82,0.54,-0.08,0.40,-0.12,0.29,-56.59,98.13,171.66,10.46,24,
87.31,-0.55,-0.81,0.17,0.82,0.54,-0.08,0.39,-0.11,0.30,-56.60,98.31,172.32,10.46,26,
87.44,-0.73,-0.74,0.16,0.82,0.54,-0.08,0.39,-0.12,0.30,-56.56,98.10,171.05,10.46,26,
87.59,-0.51,-0.63,0.24,0.83,0.54,-0.09,0.40,-0.12,0.30,-56.58,99.68,171.83,10.46,26,
87.70,-0.48,-0.79,0.15,0.83,0.54,-0.08,0.40,-0.12,0.30,-56.70,98.61,171.47,10.46,27,
87.84,-0.64,-0.81,0.09,0.82,0.53,-0.07,0.39,-0.12,0.31,-56.73,97.75,172.13,10.46,23,
87.98,-0.43,-0.55,-0.01,0.82,0.54,-0.08,0.40,-0.12,0.30,-56.49,98.31,171.31,10.77,24,
88.10,-0.84,-0.74,0.18,0.82,0.54,-0.08,0.39,-0.12,0.30,-56.72,98.14,172.11,10.46,24,
88.22,-0.67,-0.69,0.13,0.82,0.54,-0.08,0.39,-0.12,0.31,-56.67,98.14,171.22,10.46,27,
88.35,-0.76,-0.85,0.15,0.82,0.54,-0.08,0.40,-0.12,0.30,-56.52,98.10,171.66,10.46,27,
88.49,-0.63,-0.99,0.10,0.82,0.54,-0.08,0.40,-0.12,0.30,-56.58,98.10,172.07,10.46,29,
88.62,-0.47,-0.93,0.16,0.83,0.54,-0.08,0.40,-0.12,0.30,-56.74,98.61,171.58,10.46,26,
88.73,-0.54,-0.79,0.24,0.82,0.54,-0.08,0.40,-0.12,0.30,-56.61,98.08,171.74,10.46,27,
88.88,-0.46,-0.64,0.20,0.82,0.54,-0.08,0.40,-0.12,0.30,-56.67,98.41,171.54,10.46,26,
89.03,-0.55,-0.70,0.23,0.82,0.53,-0.08,0.39,-0.11,0.30,-56.70,98.29,172.23,10.46,27,
89.14,-0.58,-0.68,0.10,0.82,0.54,-0.08,0.40,-0.13,0.30,-56.74,98.19,170.82,10.46,27,
89.29,-0.34,-0.55,0.16,0.82,0.54,-0.09,0.39,-0.12,0.31,-56.59,99.71,171.64,10.46,26,
89.41,-0.58,-0.55,0.24,0.82,0.54,-0.08,0.39,-0.12,0.30,-56.69,98.23,171.32,10.46,25,
89.53,-0.78,-0.93,0.08,0.82,0.53,-0.08,0.39,-0.12,0.30,-56.75,98.07,172.03,10.46,24,
89.64,-0.37,-0.72,0.19,0.82,0.54,-0.08,0.40,-0.12,0.29,-56.65,98.35,171.61,10.46,26,
89.78,-0.62,-0.78,0.37,0.83,0.54,-0.08,0.39,-0.11,0.30,-56.75,98.27,172.28,10.46,25,
89.91,-0.49,-0.83,0.19,0.82,0.54,-0.08,0.40,-0.12,0.29,-56.53,98.20,171.65,10.46,25,
90.03,-0.42,-0.79,0.13,0.82,0.53,-0.08,0.39,-0.12,0.29,-56.73,98.00,171.93,10.46,26,
90.17,-0.59,-0.78,0.20,0.83,0.53,-0.07,0.39,-0.12,0.31,-56.83,97.99,171.58,10.77,24,
90.29,-0.45,-0.72,0.04,0.82,0.54,-0.07,0.40,-0.12,0.30,-56.61,97.72,171.74,10.46,25,
90.44,-0.64,-0.83,0.09,0.82,0.54,-0.08,0.39,-0.12,0.30,-56.52,98.03,171.99,10.46,26,
90.56,-0.73,-0.98,0.16,0.82,0.54,-0.08,0.39,-0.12,0.30,-56.52,98.29,171.46,10.46,25,
90.69,-0.40,-0.65,0.15,0.82,0.54,-0.08,0.39,-0.12,0.30,-56.66,98.32,171.98,10.46,25,
90.81,-0.62,-0.84,0.10,0.83,0.54,-0.08,0.40,-0.12,0.30,-56.68,98.02,172.03,10.46,26,
90.95,-0.81,-0.54,-0.01,0.82,0.53,-0.08,0.40,-0.11,0.29,-56.79,98.20,172.56,10.77,24,
91.08,-0.46,-0.87,0.16,0.82,0.54,-0.08,0.40,-0.12,0.29,-56.58,98.23,171.88,10.77,27,
91.20,-0.58,-0.74,0.13,0.83,0.54,-0.08,0.39,-0.11,0.30,-56.69,97.96,172.71,10.46,25,
91.35,-0.66,-0.72,0.17,0.82,0.54,-0.08,0.40,-0.12,0.30,-56.57,98.25,172.30,10.46,27,
91.48,-0.41,-0.77,0.19,0.82,0.54,-0.06,0.39,-0.11,0.30,-56.68,96.73,172.79,10.46,24,
91.59,-0.62,-0.87,0.13,0.82,0.53,-0.08,0.40,-0.11,0.29,-56.77,98.04,172.74,10.46,28,
91.72,-0.50,-0.73,-0.04,0.82,0.54,-0.08,0.39,-0.12,0.30,-56.67,98.08,171.96,10.46,25,
91.87,-0.70,-0.84,0.24,0.82,0.54,-0.08,0.39,-0.11,0.31,-56.55,98.05,172.69,10.46,25,
91.98,-0.55,-0.93,0.28,0.82,0.54,-0.08,0.40,-0.12,0.30,-56.75,98.11,171.36,10.46,24,
92.12,-0.43,-0.80,0.21,0.82,0.53,-0.07,0.40,-0.12,0.30,-56.86,97.86,172.49,10.46,23,
92.25,-0.54,-0.69,0.22,0.82,0.54,-0.08,0.39,-0.12,0.29,-56.56,98.08,171.94,10.77,25,
92.37,-0.46,-0.77,0.20,0.82,0.54,-0.08,0.40,-0.11,0.29,-56.60,98.60,172.56,10.77,27,
92.49,-0.46,-0.78,0.25,0.82,0.54,-0.08,0.40,-0.12,0.30,-56.64,98.18,171.68,10.77,26,
92.63,-0.44,-0.70,0.16,0.82,0.54,-0.08,0.39,-0.11,0.30,-56.48,98.22,172.60,10.77,25,
92.78,-0.56,-0.78,0.13,0.82,0.53,-0.08,0.40,-0.12,0.30,-56.75,98.14,171.98,10.77,25,
92.91,-0.55,-0.75,0.24,0.82,0.54,-0.08,0.39,-0.12,0.30,-56.47,98.21,171.92,10.77,25,
93.04,-0.58,-0.66,0.26,0.82,0.54,-0.08,0.39,-0.12,0.29,-56.68,98.40,171.71,10.77,26,
93.17,-0.49,-0.76,0.05,0.82,0.54,-0.08,0.40,-0.12,0.29,-56.50,98.31,172.02,10.77,25,
93.29,-0.54,-0.80,0.06,0.82,0.54,-0.08,0.40,-0.12,0.30,-56.56,98.32,172.04,10.77,25,
93.43,-0.59,-0.62,0.22,0.82,0.53,-0.08,0.39,-0.12,0.30,-56.69,98.01,171.14,10.77,25,
93.55,-0.56,-0.72,0.20,0.82,0.54,-0.08,0.39,-0.12,0.30,-56.63,98.22,171.92,10.77,24,
93.67,-0.67,-0.88,0.04,0.82,0.54,-0.08,0.40,-0.12,0.30,-56.71,98.27,171.28,10.77,27,
93.80,-0.72,-0.64,0.22,0.82,0.53,-0.08,0.40,-0.11,0.31,-56.76,98.11,172.48,10.77,25,
93.93,-0.46,-0.82,0.07,0.82,0.54,-0.08,0.40,-0.12,0.31,-56.71,97.99,171.73,10.77,26,
94.07,-0.37,-0.71,0.10,0.82,0.54,-0.08,0.39,-0.12,0.30,-56.58,98.50,171.78,10.46,27,
94.21,-0.70,-0.85,0.02,0.82,0.54,-0.09,0.40,-0.12,0.30,-56.55,99.92,171.71,10.46,23,
94.32,-0.68,-0.69,0.08,0.82,0.54,-0.08,0.39,-0.12,0.30,-56.69,97.96,171.97,10.77,25,
94.45,-0.55,-0.61,0.15,0.82,0.54,-0.08,0.40,-0.11,0.30,-56.63,98.26,172.67,10.77,25,
94.58,-0.61,-0.77,0.12,0.82,0.54,-0.07,0.39,-0.11,0.31,-56.64,97.80,172.21,10.77,26,
94.72,-0.60,-0.67,0.15,0.82,0.54,-0.08,0.39,-0.12,0.30,-56.56,98.12,172.05,10.46,25,
94.85,-0.45,-0.70,0.18,0.82,0.54,-0.08,0.39,-0.12,0.30,-56.58,98.18,171.25,10.46,27,
94.98,-0.71,-0.78,0.01,0.82,0.54,-0.08,0.40,-0.11,0.30,-56.69,98.21,173.03,10.46,27,
95.10,-0.63,-0.72,0.19,0.82,0.54,-0.08,0.39,-0.12,0.30,-56.55,98.21,171.42,10.46,25,
95.23,-0.34,-0.76,0.13,0.82,0.54,-0.08,0.39,-0.12,0.30,-56.60,98.22,171.43,10.46,27,
95.36,-0.55,-0.90,0.18,0.82,0.54,-0.08,0.40,-0.12,0.29,-56.64,98.16,171.92,10.46,25,
95.48,-0.53,-0.64,0.22,0.82,0.54,-0.08,0.40,-0.12,0.30,-56.50,98.22,172.18,10.46,27,
95.63,-0.55,-0.89,0.17,0.82,0.53,-0.07,0.40,-0.12,0.30,-56.77,97.93,171.20,10.46,24,
95.76,-0.63,-0.69,0.18,0.82,0.54,-0.08,0.40,-0.11,0.30,-56.63,98.17,172.89,10.46,25,
95.91,-0.49,-0.61,0.14,0.83,0.53,-0.08,0.40,-0.12,0.30,-56.82,98.16,171.96,10.46,25,
96.00,-0.85,-0.88,0.25,0.82,0.54,-0.08,0.39,-0.11,0.29,-56.72,97.99,172.93,10.46,24,
96.13,-0.63,-0.64,0.14,0.82,0.54,-0.08,0.40,-0.12,0.31,-56.58,98.14,171.81,10.46,22,
96.28,-0.65,-0.79,0.24,0.82,0.53,-0.07,0.40,-0.12,0.30,-56.74,97.85,171.73,10.46,27,
96.41,-0.46,-0.67,0.20,0.82,0.54,-0.06,0.40,-0.12,0.30,-56.65,96.65,171.50,10.46,27,
96.52,-0.58,-0.90,0.16,0.82,0.54,-0.08,0.40,-0.11,0.29,-56.65,98.04,172.61,10.46,25,
96.65,-0.33,-0.71,0.08,0.82,0.54,-0.08,0.40,-0.11,0.31,-56.50,98.27,172.44,10.46,26,
96.78,-0.55,-0.67,0.28,0.82,0.54,-0.08,0.40,-0.12,0.30,-56.68,98.20,171.37,10.46,24,
96.91,-0.50,-0.55,0.16,0.82,0.53,-0.08,0.39,-0.11,0.30,-56.65,98.23,172.26,10.46,27,
97.06,-0.49,-0.76,0.10,0.82,0.54,-0.07,0.40,-0.12,0.30,-56.69,97.95,171.24,10.46,26,
97.18,-0.67,-0.64,0.09,0.82,0.54,-0.08,0.40,-0.12,0.31,-56.71,98.09,172.38,10.46,26,
97.32,-0.74,-0.78,0.11,0.82,0.54,-0.08,0.40,-0.12,0.29,-56.63,98.07,171.72,10.46,25,
97.47,-0.48,-0.56,0.28,0.82,0.54,-0.07,0.40,-0.12,0.30,-56.66,97.83,172.06,10.46,24,
97.56,-0.53,-0.83,0.20,0.82,0.54,-0.08,0.40,-0.13,0.30,-56.68,98.27,170.71,10.46,26,
97.69,-0.65,-0.72,0.28,0.82,0.54,-0.08,0.40,-0.11,0.30,-56.48,98.19,173.03,10.46,25,
97.82,-0.50,-0.78,0.10,0.82,0.53,-0.07,0.40,-0.12,0.31,-56.72,97.95,171.52,10.77,26,
97.96,-0.44,-0.74,0.13,0.82,0.54,-0.07,0.40,-0.12,0.30,-56.68,97.83,171.86,10.77,26,
98.08,-0.58,-0.73,0.15,0.82,0.54,-0.08,0.40,-0.12,0.30,-56.71,98.04,172.03,10.77,27,
98.22,-0.51,-0.77,0.10,0.83,0.53,-0.08,0.40,-0.12,0.29,-56.80,98.04,172.35,10.77,28,
98.34,-0.45,-0.85,0.13,0.82,0.53,-0.08,0.39,-0.11,0.30,-56.68,98.04,172.75,10.46,24,
98.48,-0.61,-0.47,0.25,0.82,0.54,-0.08,0.40,-0.12,0.30,-56.64,98.18,171.53,10.46,26,
98.62,-0.58,-0.70,0.13,0.82,0.54,-0.08,0.40,-0.12,0.29,-56.63,98.41,172.24,10.46,25,
98.75,-0.53,-0.52,0.26,0.82,0.54,-0.08,0.39,-0.12,0.29,-56.57,98.16,171.45,10.77,26,
98.86,-0.71,-0.73,0.22,0.82,0.54,-0.08,0.40,-0.12,0.30,-56.68,98.08,171.94,10.77,26,
99.01,-0.58,-0.87,0.17,0.82,0.54,-0.08,0.39,-0.12,0.30,-56.54,98.28,171.74,10.77,26,
99.13,-0.62,-0.72,0.10,0.82,0.53,-0.09,0.39,-0.12,0.30,-56.69,99.71,172.11,10.77,27,
99.24,-0.58,-0.66,0.14,0.82,0.54,-0.08,0.40,-0.12,0.30,-56.62,98.26,171.24,10.77,26,
99.37,-0.67,-0.73,0.13,0.82,0.54,-0.08,0.40,-0.12,0.30,-56.54,98.23,172.19,10.46,26,
99.52,-0.57,-0.52,0.19,0.82,0.54,-0.07,0.40,-0.12,0.30,-56.67,97.94,172.28,10.46,26,
99.63,-0.42,-0.67,0.23,0.82,0.54,-0.08,0.40,-0.11,0.29,-56.72,98.03,172.53,10.46,26,
99.78,-0.65,-0.95,0.10,0.82,0.54,-0.08,0.40,-0.12,0.30,-56.60,98.09,172.19,10.46,26,
99.90,-0.84,-1.05,0.18,0.82,0.54,-0.08,0.40,-0.12,0.30,-56.49,98.51,171.96,10.46,26,
100.05,-0.54,-0.76,0.18,0.82,0.53,-0.08,0.40,-0.12,0.30,-56.77,98.28,171.84,10.46,25,
100.15,-0.67,-0.89,0.19,0.82,0.53,-0.08,0.40,-0.12,0.30,-56.67,98.04,171.35,10.46,26,
100.31,-0.65,-0.70,0.20,0.82,0.53,-0.08,0.39,-0.11,0.30,-56.77,98.45,172.36,10.46,26,
100.42,-0.55,-0.78,0.15,0.82,0.54,-0.08,0.39,-0.12,0.29,-56.69,98.15,171.11,10.46,24,
100.56,-0.53,-0.70,0.14,0.83,0.54,-0.07,0.39,-0.12,0.30,-56.79,97.71,171.73,10.46,25,
100.68,-0.52,-0.61,0.16,0.82,0.54,-0.07,0.40,-0.13,0.29,-56.73,97.85,171.12,10.46,25,
100.80,-0.52,-0.86,0.20,0.83,0.53,-0.08,0.40,-0.12,0.30,-56.83,98.09,172.27,10.46,27,
100.93,-0.51,-0.76,0.03,0.82,0.54,-0.08,0.40,-0.12,0.30,-56.51,98.19,171.50,10.46,26,
101.08,-0.69,-1.01,0.13,0.82,0.53,-0.08,0.40,-0.12,0.30,-56.70,98.16,171.94,10.46,24,
101.22,-0.73,-0.71,0.22,0.82,0.54,-0.07,0.40,-0.12,0.30,-56.69,97.80,172.11,10.46,27,
101.32,-0.82,-0.67,0.20,0.82,0.54,-0.09,0.40,-0.12,0.30,-56.61,99.77,171.45,10.46,26,
101.45,-0.70,-0.72,0.10,0.82,0.54,-0.08,0.39,-0.12,0.30,-56.69,98.00,171.81,10.46,27,
101.58,-0.69,-0.59,0.19,0.82,0.53,-0.08,0.39,-0.12,0.29,-56.63,98.46,171.78,10.46,25,
101.71,-0.90,-0.93,0.37,0.82,0.54,-0.07,0.40,-0.12,0.30,-56.63,97.85,172.34,10.46,27,
101.84,-0.46,-0.66,0.20,0.82,0.53,-0.09,0.39,-0.12,0.29,-56.68,99.51,172.03,10.46,27,
101.97,-0.66,-0.63,0.22,0.82,0.53,-0.08,0.39,-0.11,0.30,-56.77,98.12,172.30,10.46,24,
102.10,-0.43,-0.48,0.13,0.82,0.54,-0.08,0.39,-0.12,0.30,-56.71,98.22,171.02,10.46,23,
102.23,-0.69,-0.76,0.24,0.82,0.54,-0.08,0.39,-0.12,0.30,-56.69,98.32,172.03,10.46,25,
102.38,-0.60,-0.71,0.22,0.82,0.54,-0.08,0.40,-0.13,0.29,-56.47,98.24,171.14,10.46,27,
102.51,-0.67,-0.86,-0.02,0.82,0.54,-0.08,0.40,-0.12,0.30,-56.70,98.35,172.20,10.46,26,
102.62,-0.60,-0.73,0.16,0.82,0.54,-0.08,0.40,-0.12,0.30,-56.62,98.22,171.74,10.46,27,
102.76,-0.55,-0.66,0.20,0.82,0.54,-0.08,0.40,-0.11,0.30,-56.48,98.38,172.54,10.46,26,
102.90,-0.55,-0.61,0.16,0.82,0.54,-0.07,0.40,-0.12,0.30,-56.70,97.95,172.03,10.46,25,
103.03,-0.40,-0.76,0.02,0.82,0.54,-0.08,0.39,-0.13,0.30,-56.58,98.18,170.73,10.46,26,
103.14,-0.60,-0.73,0.08,0.82,0.53,-0.07,0.40,-0.12,0.30,-56.75,97.91,172.15,10.46,24,
103.29,-0.62,-0.70,0.14,0.82,0.54,-0.08,0.39,-0.12,0.30,-56.66,98.56,171.96,10.46,25,
103.41,-0.44,-0.67,0.22,0.82,0.53,-0.08,0.40,-0.12,0.29,-56.74,98.13,172.24,10.46,26,
103.55,-0.23,-0.69,0.10,0.82,0.54,-0.08,0.40,-0.12,0.30,-56.49,97.98,171.26,10.46,26,
103.68,-0.79,-0.81,0.07,0.82,0.53,-0.08,0.39,-0.12,0.30,-56.83,98.08,171.81,10.46,26,
103.79,-0.83,-0.88,0.07,0.82,0.54,-0.08,0.40,-0.13,0.30,-56.64,98.19,170.75,10.46,27,
103.92,-0.70,-0.76,0.17,0.82,0.53,-0.07,0.40,-0.12,0.29,-56.75,98.00,172.19,10.46,25,
104.05,-0.61,-0.78,0.22,0.82,0.54,-0.08,0.40,-0.13,0.30,-56.64,98.32,170.87,10.46,26,
104.18,-0.54,-0.67,0.19,0.82,0.54,-0.08,0.40,-0.12,0.30,-56.70,98.02,171.37,10.46,25,
104.32,-0.63,-0.71,0.40,0.82,0.54,-0.08,0.40,-0.13,0.30,-56.68,98.16,170.48,10.46,26,
104.44,-0.46,-0.82,0.25,0.82,0.54,-0.08,0.40,-0.12,0.31,-56.58,98.05,171.26,10.46,28,
104.60,-0.58,-0.80,0.24,0.82,0.54,-0.08,0.40,-0.12,0.30,-56.61,98.15,171.79,10.46,25,
104.70,-0.66,-0.55,0.18,0.82,0.54,-0.08,0.40,-0.12,0.30,-56.69,98.08,171.65,10.46,25,
104.83,-0.53,-0.55,0.11,0.83,0.54,-0.08,0.40,-0.12,0.30,-56.75,98.40,172.34,10.46,23,
104.95,-0.84,-0.93,0.30,0.82,0.54,-0.07,0.40,-0.12,0.30,-56.57,97.88,172.01,10.46,26,
105.08,-0.76,-0.72,0.17,0.82,0.54,-0.07,0.40,-0.12,0.30,-56.70,96.92,171.79,10.46,25,
105.24,-0.71,-0.64,0.25,0.82,0.54,-0.08,0.40,-0.12,0.30,-56.59,98.05,171.74,10.46,25,
105.35,-0.60,-1.03,0.08,0.82,0.53,-0.08,0.40,-0.12,0.30,-56.70,98.13,171.73,10.46,27,
105.47,-0.58,-0.63,0.11,0.82,0.54,-0.08,0.40,-0.12,0.30,-56.63,98.27,171.42,10.46,26,
105.61,-0.64,-0.61,0.17,0.82,0.54,-0.09,0.39,-0.12,0.31,-56.55,99.24,172.28,10.46,28,
105.74,-0.91,-0.76,-0.01,0.82,0.54,-0.08,0.40,-0.12,0.31,-56.59,98.21,171.35,10.46,25,
105.86,-0.46,-0.88,0.12,0.82,0.54,-0.08,0.39,-0.12,0.31,-56.64,98.49,171.92,10.46,27,
106.03,-0.61,-0.67,0.24,0.82,0.54,-0.08,0.40,-0.12,0.30,-56.61,98.30,171.41,10.46,25,
106.13,-0.64,-0.77,0.24,0.82,0.54,-0.08,0.39,-0.12,0.30,-56.59,98.25,171.25,10.46,25,
106.25,-0.67,-0.56,0.13,0.82,0.54,-0.08,0.39,-0.12,0.30,-56.62,98.34,171.37,10.46,24,
106.40,-0.27,-0.81,0.22,0.82,0.54,-0.07,0.40,-0.12,0.30,-56.72,97.97,171.22,10.46,27,
106.51,-0.44,-0.54,0.10,0.82,0.54,-0.07,0.39,-0.11,0.30,-56.50,97.93,172.81,10.46,22,
106.66,-0.76,-0.63,0.14,0.82,0.54,-0.08,0.39,-0.12,0.29,-56.58,98.09,171.52,10.46,23,
106.78,-0.33,-0.74,0.19,0.82,0.54,-0.08,0.39,-0.12,0.30,-56.58,98.18,171.78,10.46,26,
106.91,-0.73,-0.92,0.12,0.82,0.54,-0.08,0.40,-0.12,0.29,-56.55,97.96,171.90,10.46,23,
107.06,-0.65,-0.47,0.16,0.82,0.54,-0.08,0.40,-0.11,0.30,-56.75,98.05,172.47,10.46,26,
107.16,-0.55,-0.71,0.18,0.82,0.54,-0.07,0.40,-0.13,0.30,-56.59,97.93,170.75,10.46,24,
107.31,-0.76,-0.73,0.16,0.82,0.54,-0.07,0.40,-0.12,0.30,-56.61,97.85,171.08,10.46,28,
107.42,-0.36,-0.69,0.07,0.82,0.53,-0.08,0.39,-0.13,0.30,-56.66,98.26,170.27,10.46,23,
107.57,-0.50,-0.95,0.24,0.82,0.54,-0.08,0.39,-0.12,0.31,-56.60,98.16,171.90,10.46,25,
107.68,-0.75,-0.70,0.00,0.82,0.53,-0.08,0.40,-0.12,0.30,-56.65,98.47,171.80,10.46,26,
107.81,-0.69,-0.79,0.21,0.82,0.54,-0.08,0.40,-0.12,0.30,-56.54,98.09,172.02,10.46,23,
107.95,-0.62,-0.60,0.21,0.82,0.54,-0.08,0.40,-0.12,0.30,-56.71,97.99,172.35,10.46,25,
108.07,-0.76,-0.81,0.15,0.82,0.54,-0.08,0.40,-0.12,0.29,-56.62,98.05,171.70,10.46,27,
108.22,-0.59,-0.53,0.28,0.82,0.54,-0.08,0.40,-0.12,0.30,-56.61,98.02,172.22,10.46,25,
108.33,-0.60,-0.71,0.15,0.82,0.54,-0.08,0.40,-0.13,0.30,-56.52,98.15,171.14,10.46,26,
108.46,-0.63,-0.71,0.16,0.82,0.53,-0.08,0.40,-0.12,0.30,-56.75,98.06,172.18,10.46,25,
108.61,-0.76,-0.79,0.07,0.82,0.54,-0.08,0.40,-0.12,0.30,-56.61,98.16,171.48,10.46,24,
108.72,-0.60,-0.93,0.17,0.82,0.53,-0.08,0.39,-0.11,0.30,-56.72,98.15,172.73,10.46,26,
108.87,-0.68,-0.73,0.10,0.83,0.53,-0.08,0.40,-0.12,0.30,-56.79,98.28,171.42,10.46,24,
108.99,-0.44,-0.74,0.26,0.82,0.54,-0.07,0.39,-0.12,0.30,-56.65,97.76,171.97,10.46,25,
109.10,-0.72,-0.83,0.11,0.82,0.54,-0.08,0.39,-0.12,0.30,-56.51,97.95,171.41,10.46,24,
109.24,-0.50,-0.81,0.34,0.82,0.54,-0.08,0.39,-0.12,0.30,-56.40,98.08,172.05,10.46,24,
109.37,-0.67,-0.61,0.13,0.82,0.54,-0.08,0.40,-0.11,0.30,-56.74,98.24,172.85,10.46,26,
109.50,-0.73,-0.83,0.14,0.82,0.54,-0.08,0.39,-0.12,0.30,-56.66,98.11,171.37,10.46,26,
109.63,-0.67,-0.91,0.25,0.82,0.53,-0.07,0.39,-0.12,0.30,-56.68,97.95,172.13,10.46,25,
109.78,-0.70,-0.67,0.10,0.83,0.54,-0.08,0.40,-0.12,0.30,-56.76,98.05,172.15,10.46,26,
109.88,-0.58,-0.72,0.07,0.82,0.54,-0.08,0.39,-0.12,0.30,-56.61,98.07,172.13,10.46,24,
110.02,-0.67,-0.70,0.22,0.82,0.54,-0.07,0.40,-0.12,0.30,-56.65,97.64,171.74,10.46,27,
110.15,-0.61,-0.69,0.16,0.82,0.54,-0.08,0.40,-0.12,0.30,-56.53,98.00,171.95,10.46,26,
110.28,-0.65,-0.73,0.19,0.82,0.53,-0.08,0.39,-0.12,0.30,-56.79,98.05,171.37,10.46,25,
110.40,-0.59,-0.87,0.01,0.82,0.54,-0.08,0.39,-0.12,0.30,-56.67,98.31,172.26,10.46,26,
110.55,-0.64,-0.83,0.10,0.82,0.54,-0.08,0.39,-0.12,0.30,-56.62,98.32,171.53,10.46,26,
110.68,-0.90,-0.82,0.19,0.82,0.54,-0.08,0.39,-0.11,0.30,-56.71,97.99,172.64,10.46,25,
110.81,-0.67,-0.81,0.25,0.82,0.53,-0.08,0.39,-0.12,0.30,-56.69,98.26,171.34,10.46,24,
110.92,-0.50,-0.93,0.13,0.83,0.54,-0.08,0.39,-0.12,0.30,-56.66,98.34,171.71,10.46,27,
111.08,-0.53,-0.90,0.13,0.82,0.53,-0.08,0.39,-0.12,0.30,-56.74,98.40,171.51,10.46,27,
111.19,-0.68,-0.67,0.22,0.82,0.54,-0.08,0.39,-0.12,0.29,-56.46,98.29,171.81,10.46,25,
111.31,-0.86,-0.94,0.22,0.82,0.54,-0.08,0.39,-0.11,0.30,-56.65,98.22,172.22,10.46,24,
111.46,-0.95,-0.70,0.03,0.82,0.53,-0.08,0.39,-0.12,0.29,-56.88,98.08,171.90,10.46,28,
111.57,-0.64,-0.93,0.21,0.82,0.54,-0.08,0.39,-0.11,0.31,-56.68,98.09,173.18,10.46,27,
111.72,-0.70,-0.63,0.13,0.82,0.54,-0.09,0.39,-0.12,0.29,-56.45,99.79,171.05,10.46,23,
111.83,-0.87,-0.91,0.11,0.82,0.54,-0.08,0.39,-0.12,0.30,-56.60,98.49,171.84,10.46,25,
111.98,-0.60,-0.70,0.27,0.82,0.53,-0.08,0.39,-0.12,0.30,-56.79,98.35,171.07,10.46,23,
112.09,-0.55,-0.69,0.10,0.82,0.54,-0.08,0.39,-0.12,0.30,-56.56,98.48,172.20,10.46,26,
112.23,-0.49,-0.72,0.18,0.83,0.54,-0.09,0.39,-0.12,0.31,-56.57,99.88,171.12,10.46,26,
112.35,-0.71,-0.81,0.09,0.82,0.54,-0.08,0.39,-0.11,0.30,-56.38,97.95,172.24,10.46,26,
112.48,-0.49,-0.78,0.16,0.82,0.53,-0.08,0.40,-0.12,0.30,-56.77,98.47,171.58,10.46,27,
112.61,-0.50,-0.70,0.10,0.82,0.54,-0.08,0.39,-0.11,0.31,-56.56,98.17,172.14,10.46,25,
112.74,-0.47,-0.83,0.37,0.82,0.53,-0.08,0.39,-0.12,0.31,-56.74,98.05,172.00,10.46,25,
112.87,-0.87,-0.86,0.10,0.82,0.54,-0.08,0.40,-0.12,0.30,-56.54,98.11,171.79,10.46,26,
113.00,-0.66,-0.71,0.22,0.82,0.54,-0.08,0.40,-0.11,0.31,-56.75,98.12,172.63,10.46,25,
113.16,-0.76,-0.65,0.13,0.82,0.53,-0.07,0.39,-0.12,0.30,-56.63,97.78,171.46,10.46,27,
113.26,-0.48,-0.69,0.07,0.82,0.54,-0.08,0.39,-0.12,0.31,-56.62,98.45,171.77,10.46,25,
113.40,-0.70,-0.70,0.31,0.82,0.53,-0.08,0.40,-0.12,0.30,-56.65,98.03,172.21,10.46,24,
113.52,-0.69,-0.65,0.23,0.82,0.53,-0.08,0.40,-0.11,0.31,-56.76,98.08,172.48,10.46,26,
113.66,-0.73,-0.71,0.16,0.82,0.54,-0.08,0.39,-0.12,0.30,-56.71,98.06,171.91,10.46,26,
113.78,-0.49,-0.76,0.16,0.82,0.54,-0.08,0.38,-0.12,0.31,-56.56,97.98,171.78,10.46,24,
113.92,-0.48,-0.70,0.20,0.82,0.54,-0.08,0.39,-0.12,0.30,-56.72,98.04,171.41,10.46,25,
114.04,-0.76,-0.50,0.08,0.82,0.53,-0.08,0.40,-0.12,0.31,-56.66,98.08,172.00,10.46,26,
114.19,-0.55,-0.90,0.31,0.82,0.54,-0.08,0.40,-0.13,0.30,-56.68,98.05,170.82,10.46,26,
114.31,-0.69,-0.79,0.22,0.82,0.54,-0.08,0.39,-0.11,0.31,-56.52,98.49,172.35,10.46,26,
114.42,-0.64,-0.73,0.29,0.82,0.54,-0.08,0.40,-0.12,0.30,-56.70,97.97,171.97,10.46,25,
114.56,-0.52,-0.70,0.12,0.82,0.54,-0.07,0.39,-0.12,0.30,-56.62,97.88,171.34,10.46,26,
114.69,-0.64,-0.71,0.28,0.82,0.54,-0.08,0.40,-0.12,0.31,-56.61,98.15,172.15,10.46,28,
114.82,-0.68,-0.84,0.12,0.82,0.53,-0.08,0.39,-0.12,0.31,-56.69,98.21,171.51,10.46,26,
114.98,-0.63,-0.79,0.25,0.82,0.54,-0.06,0.39,-0.12,0.31,-56.63,96.78,171.96,10.46,25,
115.09,-0.56,-0.82,0.05,0.82,0.54,-0.08,0.39,-0.13,0.31,-56.69,97.99,170.59,10.46,25,
115.21,-0.52,-0.59,0.05,0.82,0.54,-0.08,0.39,-0.11,0.31,-56.39,98.54,172.84,10.46,26,
115.33,-0.46,-1.02,0.18,0.82,0.54,-0.07,0.40,-0.13,0.30,-56.58,97.85,171.11,10.46,25,
115.46,-0.70,-0.73,0.10,0.82,0.53,-0.08,0.40,-0.12,0.30,-56.65,98.53,172.15,10.46,23,
115.59,-0.74,-0.80,0.23,0.82,0.54,-0.07,0.39,-0.12,0.30,-56.73,97.93,171.81,10.46,26,
115.72,-0.83,-0.76,0.28,0.82,0.54,-0.08,0.40,-0.11,0.30,-56.64,98.26,172.70,10.46,27,
115.86,-0.67,-0.79,0.24,0.82,0.54,-0.08,0.40,-0.12,0.30,-56.57,98.09,171.68,10.46,25,
115.99,-0.40,-0.64,0.20,0.82,0.54,-0.08,0.39,-0.11,0.29,-56.49,98.06,172.36,10.46,26,
116.12,-0.77,-0.76,0.22,0.82,0.54,-0.08,0.40,-0.12,0.30,-56.57,98.16,172.19,10.46,27,
116.24,-0.58,-0.82,0.22,0.82,0.54,-0.08,0.40,-0.12,0.29,-56.62,98.24,171.80,10.46,26,
116.37,-0.63,-0.82,0.16,0.82,0.54,-0.08,0.40,-0.12,0.30,-56.58,98.37,171.64,10.46,26,
116.53,-0.64,-0.70,0.11,0.82,0.54,-0.08,0.40,-0.12,0.30,-56.62,98.00,171.43,10.46,24,
116.63,-0.67,-0.91,-0.01,0.82,0.54,-0.08,0.40,-0.12,0.30,-56.64,98.03,172.42,10.46,23,
116.77,-0.89,-0.84,0.22,0.82,0.54,-0.08,0.40,-0.12,0.30,-56.66,98.07,171.71,10.46,26,
116.92,-0.52,-0.64,0.12,0.82,0.54,-0.08,0.40,-0.12,0.30,-56.51,98.16,171.79,10.46,27,
117.04,-0.51,-0.87,0.10,0.82,0.54,-0.07,0.40,-0.12,0.30,-56.74,97.84,171.39,10.46,24,
117.15,-0.53,-0.92,0.09,0.83,0.54,-0.09,0.39,-0.11,0.31,-56.58,99.83,173.01,10.46,26,
117.29,-0.70,-0.61,0.17,0.82,0.54,-0.08,0.39,-0.12,0.30,-56.66,97.98,171.47,10.46,26,
117.41,-0.63,-0.81,0.01,0.82,0.54,-0.08,0.40,-0.12,0.30,-56.64,98.08,171.86,10.46,27,
117.55,-0.50,-0.79,0.13,0.82,0.54,-0.08,0.40,-0.12,0.29,-56.58,98.12,171.90,10.46,26,
117.69,-0.95,-0.86,0.28,0.83,0.54,-0.07,0.40,-0.12,0.29,-56.76,97.91,172.10,10.46,27,
117.80,-0.67,-0.81,0.09,0.82,0.54,-0.07,0.40,-0.12,0.31,-56.65,97.86,172.62,10.46,26,
117.95,-0.53,-0.76,0.19,0.82,0.54,-0.08,0.40,-0.12,0.30,-56.57,98.31,171.55,10.46,26,
118.12,-0.56,-0.74,0.24,0.82,0.54,-0.08,0.40,-0.12,0.30,-56.40,98.45,172.26,10.46,26,
118.35,-0.68,-0.61,0.33,0.82,0.54,-0.08,0.40,-0.12,0.30,-56.64,98.01,171.36,10.46,27,
118.58,-0.93,-0.92,0.14,0.82,0.54,-0.07,0.39,-0.11,0.31,-56.64,97.88,172.62,10.46,26,
118.59,-0.36,-0.78,0.22,0.82,0.54,-0.08,0.40,-0.12,0.30,-56.63,98.22,172.11,10.46,26,
118.60,-0.76,-0.91,0.17,0.82,0.54,-0.07,0.40,-0.11,0.30,-56.76,97.93,172.73,10.46,25,
118.72,-0.67,-0.76,0.25,0.82,0.54,-0.08,0.40,-0.12,0.30,-56.60,98.04,171.26,10.46,26,
118.84,-0.57,-0.93,0.19,0.82,0.54,-0.06,0.40,-0.12,0.31,-56.54,96.67,172.11,10.46,25,
118.97,-0.52,-0.85,0.08,0.82,0.54,-0.08,0.40,-0.12,0.31,-56.51,98.13,171.76,10.46,25,
119.10,-0.52,-0.69,0.25,0.82,0.54,-0.08,0.40,-0.12,0.30,-56.66,98.02,172.01,10.46,27,
119.24,-0.93,-0.68,0.07,0.82,0.54,-0.08,0.40,-0.11,0.30,-56.62,98.17,172.83,10.46,28,
119.36,-0.61,-0.57,0.26,0.82,0.54,-0.08,0.40,-0.12,0.30,-56.59,98.45,171.82,10.46,25,
119.49,-0.81,-0.82,0.15,0.82,0.54,-0.08,0.40,-0.12,0.31,-56.56,98.23,172.25,10.46,27,
119.62,-0.40,-0.80,0.09,0.83,0.54,-0.08,0.40,-0.12,0.31,-56.70,98.36,172.08,10.46,27,
119.75,-0.61,-0.71,0.19,0.82,0.54,-0.08,0.40,-0.12,0.31,-56.56,97.94,172.07,10.46,25,
119.88,-0.70,-0.72,0.09,0.82,0.54,-0.08,0.39,-0.12,0.30,-56.53,98.15,171.12,10.46,28,
120.01,-0.55,-0.65,0.34,0.82,0.54,-0.08,0.40,-0.12,0.30,-56.52,98.17,172.32,10.46,25,
120.14,-0.55,-0.73,0.22,0.82,0.54,-0.07,0.40,-0.12,0.31,-56.56,97.93,171.90,10.46,27,
120.28,-0.37,-0.93,0.19,0.82,0.54,-0.08,0.39,-0.11,0.31,-56.49,98.12,172.76,10.46,25,
120.40,-0.63,-0.84,0.08,0.82,0.53,-0.08,0.40,-0.12,0.31,-56.78,98.10,171.80,10.46,26,
120.52,-0.71,-0.79,0.14,0.82,0.54,-0.08,0.40,-0.11,0.30,-56.60,98.40,172.89,10.46,25,
120.66,-0.70,-0.83,0.20,0.82,0.53,-0.08,0.40,-0.11,0.30,-56.76,98.12,172.79,10.46,27,
120.78,-0.53,-0.70,0.18,0.82,0.54,-0.08,0.40,-0.12,0.30,-56.58,98.35,172.35,10.46,27,
120.91,-0.34,-0.76,0.22,0.82,0.53,-0.07,0.40,-0.12,0.30,-56.68,97.96,172.03,10.46,25,
121.04,-0.62,-0.88,0.24,0.82,0.54,-0.08,0.39,-0.12,0.30,-56.64,98.24,171.67,10.46,24,
121.18,-0.52,-0.64,0.21,0.82,0.54,-0.07,0.39,-0.11,0.30,-56.73,97.74,172.47,10.46,27,
121.33,-0.55,-0.84,0.55,0.82,0.54,-0.08,0.40,-0.12,0.31,-56.48,97.99,171.58,10.46,25,
121.44,-0.67,-0.60,0.15,0.82,0.54,-0.08,0.39,-0.11,0.30,-56.62,98.25,172.33,10.46,25,
121.56,-0.64,-0.73,0.10,0.82,0.54,-0.08,0.40,-0.12,0.31,-56.65,98.41,171.85,10.46,26,
121.70,-0.46,-0.84,0.10,0.82,0.53,-0.08,0.39,-0.11,0.30,-56.64,98.41,172.40,10.46,27,
121.82,-0.71,-0.69,0.28,0.82,0.54,-0.08,0.40,-0.12,0.31,-56.58,98.15,171.88,10.46,27,
121.97,-0.64,-0.72,0.05,0.82,0.54,-0.08,0.39,-0.11,0.31,-56.51,98.53,172.40,10.46,26,
122.12,-0.67,-0.81,0.23,0.82,0.54,-0.08,0.40,-0.12,0.31,-56.65,98.16,172.15,10.46,27,
122.21,-0.52,-0.84,0.06,0.82,0.54,-0.08,0.40,-0.12,0.30,-56.58,98.17,172.24,10.46,25,
122.36,-0.63,-0.71,0.17,0.82,0.54,-0.08,0.39,-0.12,0.30,-56.66,98.17,171.91,10.46,27,
122.47,-0.61,-0.82,0.13,0.82,0.54,-0.08,0.39,-0.12,0.30,-56.53,98.03,171.48,10.46,25,
122.61,-0.27,-0.91,0.22,0.82,0.54,-0.08,0.39,-0.12,0.31,-56.58,98.09,172.15,10.46,25,
122.76,-0.39,-0.58,0.11,0.82,0.54,-0.08,0.40,-0.12,0.30,-56.60,98.08,171.41,10.46,26,
122.86,-0.64,-0.57,0.19,0.82,0.54,-0.08,0.39,-0.11,0.30,-56.59,98.02,172.52,10.46,24,
122.99,-0.69,-0.69,0.34,0.83,0.54,-0.08,0.39,-0.12,0.31,-56.81,98.49,171.40,10.46,25,
123.13,-0.62,-0.66,0.10,0.82,0.54,-0.07,0.39,-0.12,0.31,-56.59,97.86,171.43,10.46,27,
123.25,-0.67,-0.82,0.25,0.82,0.54,-0.08,0.40,-0.12,0.30,-56.56,98.15,171.38,10.46,27,
123.40,-0.60,-0.76,0.03,0.82,0.54,-0.08,0.39,-0.11,0.31,-56.53,98.37,172.22,10.46,24,
123.51,-0.56,-0.72,0.18,0.82,0.53,-0.08,0.40,-0.12,0.30,-56.73,98.49,171.26,10.46,25,
123.64,-0.76,-0.67,0.09,0.83,0.54,-0.08,0.39,-0.12,0.30,-56.64,98.52,171.36,10.46,25,
123.79,-0.60,-0.96,0.05,0.82,0.53,-0.08,0.40,-0.12,0.31,-56.66,98.01,171.54,10.46,28,
123.90,-0.54,-0.91,0.22,0.82,0.54,-0.07,0.39,-0.13,0.30,-56.49,97.92,170.85,10.46,25,
124.05,-0.61,-0.84,0.31,0.82,0.54,-0.08,0.40,-0.12,0.30,-56.66,98.14,172.20,10.46,25,
124.17,-0.56,-0.78,0.22,0.82,0.54,-0.08,0.39,-0.12,0.30,-56.65,98.06,171.68,10.46,24,
124.29,-0.54,-0.69,0.30,0.82,0.54,-0.08,0.40,-0.12,0.31,-56.66,98.30,172.30,10.46,23,
124.41,-0.31,-0.74,0.31,0.82,0.54,-0.08,0.39,-0.12,0.30,-56.65,98.16,171.82,10.46,25,
124.57,-0.52,-0.87,0.34,0.82,0.54,-0.08,0.39,-0.12,0.30,-56.58,98.26,171.95,10.46,26,
124.68,-0.34,-0.76,0.22,0.82,0.54,-0.08,0.40,-0.12,0.29,-56.64,98.06,171.50,10.46,25,
124.81,-0.55,-0.65,0.24,0.82,0.54,-0.08,0.39,-0.12,0.30,-56.62,98.51,171.86,10.46,26,
124.96,-0.70,-0.73,0.34,0.82,0.54,-0.09,0.40,-0.12,0.30,-56.46,99.81,171.40,10.46,26,
125.10,-0.69,-0.87,0.16,0.82,0.53,-0.08,0.39,-0.12,0.30,-56.67,98.24,171.78,10.46,25,
125.22,-0.75,-0.93,0.17,0.82,0.54,-0.08,0.40,-0.12,0.31,-56.57,98.30,172.01,10.46,27,
125.34,-0.56,-0.89,0.01,0.82,0.54,-0.08,0.39,-0.12,0.30,-56.55,98.30,172.07,10.46,25,
125.48,-0.70,-0.61,0.13,0.82,0.53,-0.08,0.40,-0.11,0.30,-56.56,97.99,172.87,10.46,26,
125.59,-0.71,-0.73,0.07,0.83,0.54,-0.08,0.39,-0.12,0.29,-56.73,98.12,171.96,10.46,29,
125.71,-0.33,-0.82,0.18,0.82,0.54,-0.08,0.40,-0.11,0.30,-56.64,98.22,172.65,10.46,25,
125.85,-0.58,-0.72,0.26,0.82,0.53,-0.08,0.39,-0.11,0.30,-56.72,98.37,172.26,10.46,25,
125.98,-0.50,-0.69,0.02,0.83,0.54,-0.08,0.40,-0.11,0.30,-56.77,98.11,172.55,10.46,23,
126.10,-0.66,-0.76,0.23,0.82,0.54,-0.08,0.40,-0.12,0.30,-56.50,98.31,171.68,10.46,24,
126.26,-0.66,-0.74,0.02,0.82,0.54,-0.08,0.39,-0.12,0.31,-56.65,98.09,172.17,10.46,27,
126.38,-0.32,-0.61,0.20,0.82,0.53,-0.08,0.39,-0.12,0.30,-56.75,98.07,171.75,10.46,24,
126.49,-0.79,-0.61,0.08,0.82,0.54,-0.08,0.40,-0.11,0.30,-56.56,98.00,172.42,10.46,26,
126.64,-0.79,-0.68,0.11,0.82,0.54,-0.08,0.40,-0.12,0.30,-56.57,98.32,172.15,10.46,24,
126.75,-0.43,-0.78,0.10,0.82,0.54,-0.08,0.39,-0.11,0.31,-56.54,98.19,172.47,10.46,24,
126.88,-0.62,-0.87,0.06,0.82,0.54,-0.08,0.40,-0.12,0.30,-56.53,98.16,172.26,10.46,27,
127.04,-0.46,-0.67,0.23,0.82,0.54,-0.08,0.40,-0.11,0.30,-56.56,98.02,172.38,10.46,26,
127.14,-0.64,-0.70,0.04,0.82,0.53,-0.08,0.39,-0.11,0.30,-56.79,98.29,172.48,10.46,27,
127.29,-0.64,-0.73,0.23,0.82,0.54,-0.07,0.39,-0.12,0.30,-56.60,97.85,172.03,10.46,28,
127.43,-0.57,-0.72,0.13,0.82,0.54,-0.08,0.40,-0.12,0.31,-56.42,98.23,172.02,10.46,26,
127.55,-0.65,-0.84,0.13,0.82,0.54,-0.08,0.39,-0.12,0.30,-56.57,97.99,171.27,10.46,25,
127.66,-0.71,-0.54,0.19,0.82,0.54,-0.08,0.39,-0.12,0.30,-56.60,97.97,172.27,10.46,26,
127.79,-0.67,-0.81,0.07,0.82,0.53,-0.08,0.40,-0.12,0.30,-56.70,98.03,172.17,10.46,25,
127.92,-0.59,-0.91,0.12,0.82,0.54,-0.08,0.40,-0.12,0.30,-56.58,98.06,172.27,10.46,26,
128.08,-0.47,-0.82,0.21,0.82,0.54,-0.08,0.40,-0.12,0.30,-56.65,98.19,171.60,10.46,26,
128.20,-0.55,-0.83,0.24,0.82,0.53,-0.08,0.39,-0.11,0.30,-56.76,98.14,173.10,10.46,27,
128.32,-0.76,-0.86,0.16,0.82,0.54,-0.07,0.40,-0.12,0.31,-56.55,97.93,171.56,10.46,25,
128.45,-0.67,-0.76,0.16,0.82,0.54,-0.08,0.40,-0.12,0.31,-56.65,98.26,172.15,10.46,28,
128.58,-0.76,-0.66,0.19,0.82,0.54,-0.07,0.40,-0.12,0.31,-56.57,97.72,172.34,10.46,26,
128.71,-0.43,-0.72,0.10,0.82,0.53,-0.08,0.39,-0.11,0.30,-56.71,98.28,172.44,10.46,26,
128.83,-0.31,-0.81,0.13,0.82,0.53,-0.09,0.40,-0.12,0.30,-56.57,99.81,171.84,10.46,25,
128.98,-0.64,-0.70,0.22,0.83,0.54,-0.08,0.40,-0.12,0.29,-56.68,98.14,171.88,10.46,27,
129.11,-0.46,-0.54,0.21,0.82,0.54,-0.08,0.40,-0.11,0.31,-56.53,98.24,172.43,10.46,24,
129.23,-0.43,-0.72,0.20,0.82,0.54,-0.08,0.40,-0.11,0.31,-56.67,98.29,172.75,10.46,24,
129.35,-0.61,-0.83,0.32,0.82,0.53,-0.08,0.39,-0.11,0.30,-56.65,98.59,172.35,10.46,27,
129.47,-0.90,-0.78,0.14,0.82,0.53,-0.08,0.39,-0.12,0.31,-56.71,98.14,171.42,10.46,24,
129.61,-0.88,-0.57,0.12,0.82,0.54,-0.08,0.40,-0.11,0.30,-56.51,98.42,172.76,10.46,25,
129.74,-0.71,-0.74,0.11,0.83,0.54,-0.08,0.40,-0.13,0.30,-56.58,98.44,171.02,10.46,27,
129.87,-0.79,-0.69,0.13,0.82,0.54,-0.08,0.39,-0.12,0.30,-56.60,98.27,171.98,10.46,27,
130.01,-0.69,-0.80,0.14,0.82,0.54,-0.08,0.40,-0.12,0.30,-56.69,98.24,172.14,10.46,27,
130.13,-0.63,-0.61,0.12,0.82,0.54,-0.08,0.40,-0.12,0.30,-56.58,98.23,171.75,10.46,26,
130.28,-0.58,-0.97,0.05,0.82,0.54,-0.08,0.39,-0.12,0.30,-56.55,98.14,171.94,10.46,24,
130.39,-0.70,-0.90,0.16,0.82,0.54,-0.08,0.39,-0.12,0.31,-56.68,98.41,171.56,10.46,25,
130.54,-0.46,-0.79,0.23,0.82,0.54,-0.08,0.39,-0.12,0.30,-56.64,98.05,171.60,10.46,27,
130.64,-0.73,-0.56,0.22,0.82,0.54,-0.08,0.39,-0.12,0.30,-56.68,98.30,171.15,10.46,25,
130.80,-0.49,-0.68,0.15,0.82,0.54,-0.07,0.39,-0.11,0.31,-56.57,97.79,172.63,10.46,26,
130.93,-0.60,-0.72,0.22,0.82,0.54,-0.08,0.39,-0.12,0.30,-56.66,98.32,171.72,10.46,26,
131.06,-0.53,-0.65,0.05,0.82,0.53,-0.09,0.39,-0.11,0.31,-56.51,99.79,172.40,10.46,27,
131.18,-0.39,-0.87,0.16,0.82,0.54,-0.08,0.40,-0.12,0.30,-56.53,98.01,171.69,10.46,24,
131.29,-0.50,-0.66,0.04,0.82,0.54,-0.08,0.39,-0.12,0.30,-56.57,98.11,172.17,10.46,26,
131.42,-0.33,-0.62,0.22,0.82,0.54,-0.08,0.40,-0.12,0.30,-56.60,98.11,171.32,10.46,25,
131.58,-0.64,-0.84,0.22,0.82,0.54,-0.08,0.39,-0.12,0.31,-56.63,98.13,171.83,10.46,25,
131.71,-0.76,-0.87,0.02,0.83,0.54,-0.08,0.39,-0.12,0.30,-56.78,98.23,172.02,10.46,26,
131.84,-0.49,-0.67,0.16,0.82,0.53,-0.07,0.39,-0.11,0.30,-56.79,97.99,172.67,10.46,25,
131.96,-0.65,-0.69,0.30,0.82,0.54,-0.08,0.39,-0.12,0.30,-56.52,98.16,172.06,10.46,27,
132.07,-0.89,-0.83,0.16,0.82,0.54,-0.07,0.39,-0.12,0.30,-56.56,97.83,171.23,10.46,28,
132.22,-0.61,-0.73,0.06,0.82,0.54,-0.08,0.40,-0.11,0.30,-56.59,98.18,173.25,10.46,28,
132.35,-0.56,-0.97,0.10,0.82,0.54,-0.08,0.39,-0.12,0.30,-56.65,98.01,171.48,10.46,26,
132.48,-0.61,-0.79,0.21,0.82,0.54,-0.08,0.39,-0.12,0.30,-56.67,98.26,172.19,10.46,25,
132.59,-0.48,-0.82,0.17,0.82,0.54,-0.08,0.40,-0.12,0.30,-56.51,97.99,171.16,10.46,25,
132.75,-0.69,-0.61,0.15,0.82,0.53,-0.08,0.39,-0.12,0.31,-56.78,98.16,171.67,10.46,28,
132.87,-0.67,-0.62,0.21,0.82,0.54,-0.07,0.39,-0.12,0.30,-56.61,97.82,171.40,10.46,25,
133.01,-0.64,-0.77,0.14,0.82,0.54,-0.08,0.39,-0.12,0.30,-56.53,98.25,172.12,10.46,26,
133.12,-0.65,-0.69,0.17,0.82,0.54,-0.08,0.40,-0.12,0.30,-56.55,97.97,171.38,10.46,27,
133.24,-0.64,-0.78,0.18,0.82,0.54,-0.08,0.40,-0.12,0.29,-56.65,98.05,171.20,10.46,25,
133.39,-0.69,-0.77,0.17,0.82,0.54,-0.08,0.39,-0.12,0.30,-56.58,98.27,171.83,10.46,24,
133.50,-0.64,-0.72,0.15,0.82,0.54,-0.08,0.39,-0.12,0.30,-56.59,98.55,171.52,10.46,28,
133.65,-0.68,-0.74,0.13,0.82,0.54,-0.08,0.39,-0.12,0.30,-56.72,98.00,171.84,10.46,29,
133.77,-0.63,-0.68,0.13,0.83,0.54,-0.08,0.39,-0.12,0.29,-56.67,98.44,171.12,10.46,26,
133.89,-0.58,-0.82,0.13,0.82,0.54,-0.08,0.39,-0.12,0.31,-56.62,98.23,172.05,10.46,27,
134.02,-0.81,-0.70,0.12,0.82,0.54,-0.08,0.39,-0.12,0.30,-56.57,98.25,171.04,10.46,23,
134.17,-0.56,-0.72,0.09,0.82,0.53,-0.07,0.39,-0.12,0.31,-56.79,97.67,171.56,10.46,25,
134.28,-0.78,-0.76,0.23,0.82,0.54,-0.08,0.39,-0.13,0.30,-56.62,98.33,170.59,10.46,26,
134.43,-0.42,-0.86,0.21,0.82,0.53,-0.08,0.39,-0.12,0.30,-56.75,98.57,172.29,10.46,26,
134.54,-0.64,-0.76,0.18,0.82,0.54,-0.08,0.39,-0.12,0.30,-56.59,98.12,171.02,10.46,26,
134.69,-0.60,-0.64,0.03,0.82,0.54,-0.08,0.43,-0.12,0.30,-56.69,98.23,172.72,10.46,24,
134.81,-0.53,-0.58,0.28,0.82,0.54,-0.08,0.40,-0.12,0.30,-56.62,98.27,172.35,10.46,26,
134.92,-0.61,-0.73,0.17,0.82,0.54,-0.08,0.40,-0.12,0.30,-56.72,98.12,171.97,10.46,25,
135.08,-0.57,-0.69,0.22,0.82,0.53,-0.08,0.39,-0.11,0.30,-56.71,98.19,172.52,10.46,26,
135.21,-0.69,-0.79,0.20,0.83,0.53,-0.07,0.40,-0.12,0.30,-56.81,97.95,171.91,10.46,26,
135.33,-0.95,-0.83,0.19,0.82,0.54,-0.08,0.39,-0.12,0.31,-56.56,98.16,171.82,10.46,26,
135.44,-0.58,-0.89,0.19,0.82,0.54,-0.08,0.39,-0.12,0.30,-56.69,98.03,170.96,10.46,29,
135.60,-0.66,-0.87,0.04,0.82,0.54,-0.08,0.39,-0.12,0.30,-56.63,98.22,172.14,10.46,27,
135.73,-0.66,-0.92,0.19,0.82,0.54,-0.08,0.40,-0.12,0.29,-56.62,98.24,171.16,10.46,29,
135.84,-0.45,-0.79,0.23,0.82,0.54,-0.07,0.40,-0.12,0.30,-56.52,97.93,172.04,10.46,27,
135.99,-0.68,-0.68,0.25,0.82,0.54,-0.08,0.39,-0.12,0.29,-56.61,98.01,171.79,10.46,28,
136.12,-0.91,-0.82,0.01,0.82,0.54,-0.08,0.40,-0.11,0.30,-56.65,98.04,172.52,10.46,29,
136.25,-0.70,-0.90,0.23,0.82,0.54,-0.08,0.39,-0.12,0.30,-56.59,98.12,171.72,10.46,28,
136.37,-0.45,-0.90,0.16,0.82,0.54,-0.08,0.40,-0.12,0.29,-56.55,98.17,172.29,10.46,25,
136.51,-0.38,-0.73,0.30,0.82,0.54,-0.08,0.40,-0.11,0.29,-56.65,97.97,172.62,10.46,25,
136.64,-0.76,-0.60,0.24,0.82,0.54,-0.09,0.40,-0.12,0.29,-56.41,99.83,171.77,10.46,27,
136.76,-0.91,-0.76,0.17,0.83,0.53,-0.08,0.39,-0.12,0.30,-56.83,98.17,172.08,10.46,25,
136.90,-0.73,-0.70,0.19,0.82,0.54,-0.08,0.40,-0.12,0.30,-56.45,97.99,172.36,10.46,23,
137.02,-0.81,-0.69,0.15,0.82,0.54,-0.08,0.39,-0.11,0.30,-56.64,98.29,172.82,10.46,25,
137.15,-0.64,-0.76,0.04,0.82,0.53,-0.08,0.40,-0.12,0.30,-56.75,98.07,171.74,10.46,27,
137.26,-0.99,-0.63,0.04,0.82,0.54,-0.08,0.39,-0.11,0.30,-56.66,98.51,172.58,10.46,23,
137.41,-0.36,-0.51,0.13,0.82,0.54,-0.08,0.40,-0.12,0.30,-56.58,98.22,171.61,10.46,27,
137.55,-0.40,-0.82,0.18,0.82,0.53,-0.07,0.39,-0.11,0.30,-56.84,97.64,173.07,10.46,24,
137.67,-0.64,-0.76,0.24,0.82,0.54,-0.07,0.40,-0.12,0.30,-56.61,97.93,172.09,10.46,25,
137.80,-0.45,-0.57,0.13,0.82,0.54,-0.08,0.39,-0.12,0.29,-56.65,98.12,172.15,10.46,24,
137.91,-0.49,-0.83,0.16,0.82,0.54,-0.08,0.40,-0.12,0.30,-56.60,98.41,172.01,10.46,25,
138.06,-0.65,-0.81,0.13,0.82,0.54,-0.07,0.40,-0.12,0.30,-56.60,97.94,172.23,10.46,26,
138.18,-0.34,-0.88,0.25,0.82,0.53,-0.08,0.40,-0.12,0.30,-56.77,98.12,172.06,10.46,26,
138.33,-0.64,-0.66,0.21,0.82,0.54,-0.07,0.40,-0.12,0.29,-56.72,97.78,171.77,10.46,26,
138.45,-0.66,-0.89,0.04,0.82,0.54,-0.08,0.39,-0.11,0.31,-56.58,98.22,172.34,10.46,25,
138.56,-0.58,-0.78,0.28,0.82,0.54,-0.07,0.40,-0.12,0.30,-56.65,97.93,171.13,10.46,26,
138.69,-0.58,-0.58,0.10,0.82,0.54,-0.07,0.39,-0.12,0.29,-56.68,97.80,171.58,10.46,27,
138.84,-0.76,-0.72,0.11,0.82,0.54,-0.08,0.39,-0.12,0.30,-56.67,98.06,171.22,10.46,22,
138.97,-0.55,-0.72,0.14,0.82,0.53,-0.08,0.39,-0.12,0.30,-56.77,98.00,172.26,10.46,26,
139.08,-0.71,-0.87,0.19,0.82,0.53,-0.08,0.39,-0.12,0.29,-56.65,98.08,171.27,10.46,26,
139.21,-0.55,-0.57,0.10,0.82,0.54,-0.08,0.39,-0.12,0.29,-56.57,98.68,172.00,10.46,23,
139.36,-0.39,-0.71,0.07,0.82,0.53,-0.07,0.39,-0.12,0.31,-56.76,97.92,171.38,10.46,26,
139.51,-0.39,-0.69,0.18,0.83,0.54,-0.08,0.40,-0.12,0.29,-56.73,98.09,172.13,10.46,27,
139.60,-0.49,-0.79,0.24,0.83,0.54,-0.08,0.40,-0.12,0.30,-56.73,98.09,172.20,10.46,27,
139.75,-0.56,-0.73,0.15,0.82,0.54,-0.08,0.39,-0.12,0.30,-56.55,98.04,171.78,10.46,26,
139.88,-0.63,-0.78,0.20,0.82,0.54,-0.07,0.39,-0.11,0.30,-56.74,97.91,172.62,10.46,25,
139.99,-0.56,-0.78,0.25,0.82,0.54,-0.07,0.39,-0.12,0.30,-56.67,97.80,172.18,10.46,27,
