2017-01-27-15-08-31
0
ophthalmoscope
D
0.00,226.93,255,
0.00,-0.53,-0.73,0.13,0.83,0.27,0.44,0.38,-0.20,-0.05,-58.28,31.51,161.48,26.93,255,
0.01,-0.68,-0.79,0.19,0.83,0.27,0.44,0.39,-0.20,-0.05,-58.37,31.46,161.59,27.25,255,
0.01,-0.64,-0.75,0.23,0.83,0.27,0.43,0.38,-0.20,-0.04,-58.47,31.86,161.21,27.25,255,
0.02,-0.58,-0.61,0.21,0.83,0.27,0.43,0.39,-0.20,-0.05,-58.42,31.80,161.17,27.25,255,
0.02,-0.62,-0.66,0.03,0.83,0.27,0.43,0.39,-0.19,-0.05,-58.47,31.84,162.30,27.25,255,
0.03,-0.73,-0.67,0.17,0.83,0.27,0.43,0.39,-0.20,-0.05,-58.50,31.69,161.18,27.25,255,
0.03,-0.41,-0.86,0.09,0.83,0.27,0.44,0.39,-0.20,-0.05,-58.34,31.78,161.41,27.25,255,
0.04,-0.73,-0.73,0.10,0.83,0.27,0.43,0.39,-0.20,-0.05,-58.42,31.61,161.56,27.25,255,
0.04,-0.46,-0.73,0.16,0.83,0.27,0.44,0.39,-0.20,-0.04,-58.44,31.71,161.24,27.25,255,
0.05,-0.76,-0.69,0.01,0.83,0.27,0.44,0.39,-0.20,-0.05,-58.30,31.69,160.86,27.25,255,
0.05,-0.13,-0.73,0.19,0.83,0.27,0.44,0.39,-0.20,-0.05,-58.22,31.31,161.90,26.93,255,
0.06,-0.40,-0.76,0.05,0.83,0.27,0.44,0.39,-0.21,-0.05,-58.21,31.60,160.45,27.25,255,
0.06,-0.46,-0.73,0.05,0.83,0.27,0.45,0.39,-0.20,-0.05,-57.73,31.05,161.37,26.93,255,
0.07,-0.67,-0.85,0.14,0.83,0.27,0.44,0.39,-0.20,-0.05,-58.49,31.57,160.82,26.93,255,
0.07,-0.45,-0.69,0.12,0.83,0.27,0.44,0.39,-0.20,-0.04,-58.45,31.75,160.95,26.93,255,
0.08,-0.69,-0.71,0.15,0.83,0.27,0.44,0.39,-0.20,-0.05,-58.38,31.72,161.33,26.93,255,
0.08,-0.52,-0.77,-0.08,0.83,0.27,0.43,0.39,-0.20,-0.05,-58.49,31.91,160.96,26.93,255,
0.09,-0.61,-0.79,0.04,0.83,0.27,0.44,0.39,-0.20,-0.04,-58.18,31.70,160.87,26.93,255,
0.09,-0.49,-0.62,0.07,0.83,0.27,0.43,0.39,-0.20,-0.05,-58.36,31.86,161.28,26.93,255,
0.10,-0.50,-0.80,0.05,0.83,0.27,0.44,0.39,-0.20,-0.05,-58.30,31.74,161.02,26.93,255,
0.10,-0.67,-0.80,0.13,0.83,0.27,0.44,0.39,-0.20,-0.05,-58.31,31.55,161.43,26.93,255,
0.11,-0.67,-0.73,0.08,0.83,0.27,0.43,0.39,-0.20,-0.05,-58.42,32.62,161.71,26.93,255,
0.11,-0.48,-0.68,-0.13,0.83,0.27,0.43,0.38,-0.20,-0.04,-58.33,32.32,160.54,26.93,255,
0.12,-0.67,-0.90,-0.01,0.83,0.27,0.44,0.39,-0.20,-0.05,-58.10,31.76,161.13,26.93,255,
0.19,-0.57,-0.79,0.14,0.83,0.27,0.43,0.38,-0.20,-0.05,-58.42,31.93,160.78,26.93,255,
0.32,-0.45,-0.78,0.12,0.83,0.27,0.43,0.39,-0.21,-0.05,-58.39,31.86,160.56,26.93,255,
0.47,-0.60,-0.78,0.24,0.83,0.27,0.43,0.39,-0.20,-0.05,-58.40,32.03,161.19,26.93,255,
0.58,-0.58,-0.75,0.22,0.83,0.27,0.43,0.39,-0.20,-0.05,-58.48,32.04,161.51,26.93,255,
0.73,-0.41,-0.65,0.05,0.83,0.27,0.43,0.39,-0.21,-0.05,-58.53,32.25,160.59,26.93,255,
0.86,-0.52,-0.78,0.06,0.83,0.27,0.42,0.39,-0.20,-0.05,-58.87,32.45,161.21,26.93,255,
0.98,-0.68,-0.82,0.28,0.83,0.27,0.44,0.39,-0.20,-0.05,-58.24,31.39,160.87,26.93,255,
1.10,-0.66,-0.77,0.19,0.83,0.27,0.44,0.39,-0.20,-0.05,-58.38,31.81,160.93,26.93,255,
1.26,-0.37,-0.61,-0.05,0.83,0.27,0.44,0.39,-0.20,-0.06,-58.24,31.50,161.54,26.93,255,
1.38,-0.37,-0.61,0.10,0.83,0.27,0.44,0.39,-0.20,-0.05,-58.18,31.39,162.01,26.93,255,
1.52,-0.42,-0.91,0.16,0.83,0.27,0.44,0.38,-0.20,-0.05,-58.35,31.44,161.33,26.93,255,
1.62,-0.56,-1.07,0.16,0.83,0.27,0.43,0.38,-0.20,-0.05,-58.58,31.51,160.87,26.93,255,
1.75,-0.34,-0.82,0.05,0.83,0.27,0.43,0.39,-0.20,-0.05,-58.54,31.54,161.68,26.93,255,
1.89,-0.58,-0.80,0.04,0.83,0.27,0.43,0.38,-0.20,-0.05,-58.46,31.74,160.54,26.93,255,
2.01,-0.53,-0.90,0.07,0.83,0.27,0.44,0.39,-0.21,-0.05,-58.40,31.67,160.31,26.93,255,
2.15,-0.43,-0.79,0.12,0.83,0.27,0.43,0.39,-0.20,-0.05,-58.34,31.84,161.51,26.93,255,
2.27,-0.55,-0.85,0.17,0.83,0.27,0.43,0.39,-0.20,-0.05,-58.43,31.66,161.12,26.93,255,
2.42,-0.52,-0.70,0.08,0.83,0.27,0.44,0.39,-0.20,-0.05,-58.23,31.29,161.52,26.93,255,
2.53,-0.42,-0.54,-0.03,0.83,0.27,0.44,0.39,-0.20,-0.05,-58.32,31.82,160.87,26.93,255,
2.68,-0.70,-0.56,0.01,0.83,0.27,0.43,0.39,-0.20,-0.06,-58.43,31.98,160.95,26.93,255,
2.80,-0.59,-0.67,0.12,0.83,0.27,0.43,0.39,-0.20,-0.05,-58.41,31.97,160.80,26.93,255,
2.94,-0.47,-0.93,0.28,0.83,0.27,0.43,0.39,-0.20,-0.05,-58.40,31.73,161.08,26.93,255,
3.06,-0.45,-1.01,0.12,0.83,0.27,0.43,0.39,-0.21,-0.05,-58.54,31.91,160.74,26.93,255,
3.18,-0.33,-0.66,0.22,0.83,0.27,0.44,0.38,-0.21,-0.06,-58.40,31.45,160.46,26.93,255,
3.33,-0.73,-0.63,0.16,0.83,0.27,0.43,0.39,-0.20,-0.05,-58.56,31.79,161.00,26.93,255,
3.46,-0.69,-0.61,0.25,0.83,0.27,0.43,0.39,-0.20,-0.06,-58.34,31.77,161.23,26.93,255,
3.59,-0.51,-0.64,0.01,0.83,0.27,0.44,0.39,-0.21,-0.05,-58.20,31.73,160.75,26.93,255,
3.73,-0.37,-0.52,0.08,0.83,0.27,0.43,0.39,-0.20,-0.04,-58.46,32.00,161.63,26.93,255,
3.85,-0.61,-0.73,0.26,0.83,0.27,0.43,0.39,-0.20,-0.04,-58.62,32.05,161.48,26.93,255,
3.98,-0.46,-0.76,0.14,0.83,0.27,0.44,0.39,-0.19,-0.04,-58.29,31.68,161.97,26.93,255,
4.11,-0.64,-0.80,0.13,0.83,0.27,0.44,0.39,-0.20,-0.05,-57.99,31.38,160.79,26.93,255,
4.22,-0.80,-0.90,0.22,0.83,0.27,0.43,0.38,-0.20,-0.05,-58.49,31.80,160.75,26.93,255,
4.35,-0.53,-0.79,-0.04,0.83,0.27,0.44,0.39,-0.20,-0.05,-58.19,31.35,161.43,26.93,255,
4.50,-0.56,-0.59,0.09,0.83,0.27,0.43,0.39,-0.20,-0.05,-58.43,31.80,161.51,26.93,255,
4.63,-0.55,-0.76,0.04,0.83,0.27,0.43,0.38,-0.20,-0.05,-58.37,31.85,161.30,27.25,255,
4.74,-0.48,-0.79,0.18,0.83,0.27,0.43,0.39,-0.19,-0.05,-58.55,31.80,162.02,27.25,255,
4.89,-0.32,-0.67,0.04,0.83,0.27,0.43,0.38,-0.20,-0.05,-58.53,32.03,161.46,27.25,255,
5.00,-0.45,-0.87,0.04,0.83,0.27,0.43,0.39,-0.20,-0.05,-58.42,31.94,161.27,27.25,255,
5.13,-0.68,-0.85,0.03,0.83,0.27,0.43,0.39,-0.20,-0.05,-58.58,32.03,161.16,27.25,255,
5.29,-0.65,-0.53,-0.04,0.83,0.27,0.44,0.38,-0.19,-0.05,-58.17,31.45,161.78,26.93,255,
5.41,-0.64,-0.73,0.10,0.83,0.27,0.42,0.39,-0.20,-0.05,-59.04,32.44,161.27,27.25,255,
5.55,-0.46,-0.90,0.19,0.83,0.27,0.43,0.39,-0.20,-0.05,-58.45,31.84,161.66,27.25,255,
5.67,-0.66,-0.65,0.20,0.83,0.27,0.44,0.39,-0.20,-0.05,-58.40,31.44,161.02,27.25,255,
5.79,-0.90,-0.67,0.09,0.83,0.27,0.44,0.39,-0.20,-0.05,-58.28,31.50,160.91,27.25,255,
5.91,-0.57,-0.62,0.04,0.83,0.27,0.43,0.38,-0.20,-0.05,-58.43,31.67,161.30,26.93,255,
6.06,-0.70,-0.90,0.01,0.83,0.27,0.45,0.39,-0.20,-0.05,-57.66,31.03,161.28,27.25,255,
6.19,-0.61,-0.65,-0.05,0.83,0.27,0.44,0.39,-0.21,-0.05,-58.35,31.46,160.45,27.25,255,
6.32,-0.59,-0.68,0.13,0.83,0.27,0.44,0.39,-0.20,-0.05,-58.31,31.55,161.20,27.25,255,
6.43,-0.49,-0.76,0.00,0.83,0.27,0.43,0.39,-0.19,-0.04,-58.45,31.67,161.77,27.25,255,
6.58,-0.44,-0.67,0.10,0.83,0.27,0.44,0.39,-0.19,-0.05,-58.41,31.54,162.15,26.93,255,
6.69,-0.67,-0.68,0.11,0.83,0.27,0.44,0.39,-0.20,-0.05,-58.36,31.85,161.46,27.25,255,
6.84,-0.52,-0.57,0.04,0.83,0.27,0.43,0.39,-0.20,-0.04,-58.43,31.83,162.07,27.25,255,
6.95,-0.47,-0.90,0.16,0.83,0.27,0.44,0.38,-0.20,-0.05,-58.33,31.40,161.18,27.25,255,
7.10,-0.55,-0.76,0.07,0.83,0.27,0.44,0.38,-0.20,-0.04,-58.34,31.50,161.13,27.25,255,
7.22,-0.50,-0.79,0.02,0.83,0.27,0.44,0.39,-0.20,-0.05,-58.43,31.60,161.43,27.25,255,
7.34,-0.44,-0.91,0.22,0.83,0.27,0.43,0.38,-0.19,-0.05,-58.57,31.99,161.71,27.25,255,
7.49,-0.37,-0.94,0.21,0.83,0.27,0.43,0.38,-0.20,-0.06,-58.38,32.07,161.59,26.93,255,
7.61,-0.61,-0.54,0.09,0.83,0.27,0.43,0.38,-0.20,-0.05,-58.38,31.91,160.81,27.25,255,
7.76,-0.56,-0.76,0.01,0.83,0.27,0.44,0.38,-0.20,-0.05,-58.40,31.57,161.58,26.93,255,
7.87,-0.49,-0.79,0.14,0.83,0.27,0.44,0.39,-0.20,-0.04,-58.40,31.59,161.31,27.25,255,
7.99,-0.55,-0.84,0.31,0.83,0.27,0.44,0.39,-0.20,-0.05,-58.39,31.54,161.41,27.25,255,
8.13,-0.61,-0.72,0.23,0.83,0.27,0.43,0.39,-0.20,-0.05,-58.52,32.17,161.66,27.25,255,
8.25,-0.74,-0.85,0.28,0.83,0.27,0.43,0.39,-0.19,-0.04,-58.56,31.72,162.00,27.25,255,
8.40,-0.25,-0.67,0.01,0.83,0.27,0.43,0.39,-0.20,-0.06,-58.46,31.73,161.66,27.25,255,
8.52,-0.52,-0.75,-0.01,0.83,0.27,0.44,0.39,-0.20,-0.06,-58.22,31.25,161.24,27.25,255,
8.66,-0.52,-0.55,0.11,0.83,0.27,0.44,0.39,-0.20,-0.06,-58.18,31.04,161.40,27.25,255,
8.78,-0.70,-0.67,0.03,0.83,0.27,0.44,0.38,-0.20,-0.05,-58.29,31.96,161.29,27.25,255,
8.92,-0.55,-0.80,0.19,0.83,0.27,0.43,0.39,-0.20,-0.05,-58.51,31.69,161.43,27.25,255,
9.04,-0.64,-0.62,0.24,0.83,0.27,0.43,0.38,-0.20,-0.05,-58.25,32.14,161.32,27.25,255,
9.16,-0.52,-0.93,0.14,0.83,0.27,0.43,0.39,-0.20,-0.05,-58.48,31.47,161.91,27.25,255,
9.31,-0.63,-0.70,0.13,0.83,0.27,0.44,0.39,-0.19,-0.05,-58.42,31.52,162.01,27.25,255,
9.43,-0.61,-0.65,0.19,0.83,0.27,0.44,0.38,-0.20,-0.05,-58.21,31.79,161.33,26.93,255,
9.54,-0.56,-0.79,0.01,0.83,0.27,0.44,0.39,-0.20,-0.05,-58.32,31.22,161.19,27.25,255,
9.70,-0.55,-0.81,0.07,0.83,0.27,0.44,0.39,-0.20,-0.04,-58.22,31.70,161.49,27.25,255,
9.82,-0.56,-0.76,0.13,0.83,0.27,0.43,0.39,-0.20,-0.04,-58.50,31.90,161.50,27.25,255,
9.94,-0.57,-0.87,0.10,0.83,0.27,0.43,0.38,-0.20,-0.04,-58.54,31.37,160.98,27.25,255,
10.09,-0.64,-0.61,0.20,0.83,0.27,0.44,0.39,-0.19,-0.05,-58.28,31.56,161.84,27.25,255,
10.21,-0.74,-0.84,0.15,0.83,0.27,0.44,0.38,-0.19,-0.05,-58.15,31.54,161.96,27.25,255,
10.33,-0.67,-0.84,0.07,0.84,0.27,0.44,0.39,-0.20,-0.05,-58.44,31.93,161.60,27.25,255,
10.48,-0.68,-0.79,0.11,0.83,0.27,0.44,0.39,-0.20,-0.04,-58.35,31.41,161.97,26.93,255,
10.60,-0.57,-0.69,0.08,0.83,0.27,0.44,0.39,-0.20,-0.04,-58.42,31.58,161.56,27.25,255,
10.72,-0.68,-0.92,0.20,0.83,0.27,0.43,0.39,-0.20,-0.04,-58.54,31.83,160.63,27.25,255,
10.87,-0.67,-0.93,0.27,0.83,0.27,0.44,0.39,-0.20,-0.04,-58.26,31.42,161.52,27.25,255,
10.99,-0.57,-0.76,0.08,0.83,0.27,0.43,0.39,-0.20,-0.05,-58.56,32.01,161.56,27.25,255,
11.14,-0.64,-0.79,0.13,0.83,0.27,0.44,0.38,-0.19,-0.04,-58.40,31.49,161.67,27.25,255,
11.26,-0.76,-0.88,0.12,0.84,0.27,0.43,0.38,-0.20,-0.04,-59.08,32.19,160.98,26.93,255,
11.38,-0.77,-0.71,0.16,0.83,0.27,0.44,0.39,-0.20,-0.05,-58.26,31.72,161.96,27.25,255,
11.52,-0.60,-0.76,0.10,0.83,0.27,0.43,0.38,-0.20,-0.04,-58.32,31.85,161.14,26.93,255,
11.64,-0.52,-0.73,0.13,0.83,0.27,0.44,0.39,-0.20,-0.03,-58.34,31.82,161.35,27.25,255,
11.76,-0.40,-0.92,0.00,0.83,0.27,0.44,0.38,-0.20,-0.04,-58.33,31.64,160.95,26.93,255,
11.88,-0.63,-0.69,0.13,0.83,0.27,0.44,0.39,-0.19,-0.04,-58.26,31.76,161.97,26.93,255,
12.04,-0.77,-0.93,0.10,0.83,0.27,0.44,0.38,-0.20,-0.04,-58.03,31.76,161.43,26.93,255,
12.16,-0.49,-0.62,-0.03,0.83,0.27,0.43,0.38,-0.19,-0.04,-58.59,31.84,161.74,26.93,255,
12.28,-0.59,-0.67,0.19,0.83,0.27,0.43,0.39,-0.20,-0.04,-58.37,31.57,161.22,26.93,255,
12.43,-0.73,-0.78,0.14,0.83,0.27,0.44,0.39,-0.20,-0.04,-58.30,31.61,161.59,26.93,255,
12.55,-0.63,-0.73,0.03,0.83,0.27,0.43,0.38,-0.20,-0.05,-58.44,31.77,161.21,27.25,255,
12.67,-0.57,-0.64,0.02,0.83,0.27,0.44,0.38,-0.19,-0.05,-58.44,31.56,162.04,27.25,255,
12.81,-0.51,-0.67,0.14,0.83,0.27,0.44,0.39,-0.20,-0.05,-58.30,31.44,161.17,26.93,255,
12.94,-0.53,-0.90,0.10,0.83,0.27,0.42,0.39,-0.20,-0.05,-58.75,32.57,161.96,26.93,255,
13.08,-0.35,-0.81,0.08,0.83,0.27,0.44,0.39,-0.20,-0.05,-58.41,31.34,161.88,27.25,255,
13.20,-0.82,-0.75,0.07,0.83,0.27,0.44,0.38,-0.20,-0.04,-58.42,31.70,160.64,26.93,255,
13.32,-0.58,-0.94,0.06,0.84,0.27,0.44,0.39,-0.20,-0.05,-58.49,31.66,161.35,26.93,255,
13.47,-0.58,-0.68,0.07,0.83,0.27,0.43,0.39,-0.20,-0.04,-58.61,31.65,161.30,26.93,255,
13.59,-0.60,-0.86,0.01,0.83,0.27,0.44,0.39,-0.20,-0.04,-58.45,31.62,161.73,26.93,255,
13.72,-0.53,-0.85,0.12,0.83,0.27,0.43,0.39,-0.20,-0.05,-58.64,31.72,161.37,26.93,255,
13.84,-0.58,-0.72,0.01,0.83,0.27,0.44,0.39,-0.20,-0.05,-58.35,31.62,161.80,26.93,255,
13.98,-0.57,-0.64,0.10,0.83,0.27,0.43,0.39,-0.20,-0.05,-58.43,31.77,161.31,26.93,255,
14.12,-0.64,-0.81,0.12,0.83,0.27,0.43,0.39,-0.19,-0.04,-58.54,31.67,162.11,26.93,255,
14.24,-0.64,-0.82,0.12,0.83,0.27,0.43,0.38,-0.20,-0.04,-58.62,32.03,161.57,26.93,255,
14.36,-0.65,-0.64,-0.03,0.83,0.27,0.44,0.39,-0.19,-0.05,-58.28,31.75,162.25,26.93,255,
14.51,-0.47,-0.74,0.04,0.83,0.27,0.43,0.39,-0.20,-0.05,-58.35,31.95,161.64,26.93,255,
14.63,-0.90,-0.64,0.06,0.83,0.27,0.44,0.39,-0.19,-0.05,-58.31,31.83,162.20,26.93,255,
14.74,-0.72,-0.82,0.27,0.83,0.27,0.44,0.39,-0.20,-0.05,-58.31,31.71,161.27,26.93,255,
14.90,-0.50,-0.79,0.12,0.83,0.27,0.43,0.39,-0.20,-0.05,-58.35,32.25,161.73,26.93,255,
15.02,-0.81,-0.67,-0.02,0.83,0.27,0.44,0.38,-0.20,-0.05,-58.43,31.51,160.94,26.93,255,
15.13,-0.64,-0.70,0.13,0.83,0.27,0.44,0.39,-0.20,-0.05,-58.35,31.72,161.13,27.25,255,
15.28,-0.67,-0.79,0.04,0.83,0.27,0.44,0.39,-0.20,-0.05,-58.35,31.66,161.44,27.25,255,
15.40,-0.59,-0.83,0.08,0.83,0.27,0.44,0.39,-0.20,-0.05,-58.42,31.65,161.58,26.93,255,
15.52,-0.72,-0.79,0.05,0.83,0.27,0.44,0.39,-0.20,-0.05,-58.41,31.60,161.83,27.25,255,
15.65,-0.59,-0.83,0.16,0.83,0.27,0.43,0.39,-0.20,-0.05,-58.30,32.02,161.73,26.93,255,
15.79,-0.63,-0.87,0.07,0.83,0.27,0.44,0.39,-0.20,-0.05,-58.24,31.81,161.82,27.25,255,
15.92,-0.64,-0.94,0.18,0.83,0.27,0.43,0.39,-0.20,-0.05,-58.45,31.70,161.57,27.25,255,
16.07,-0.73,-0.75,0.12,0.83,0.27,0.43,0.39,-0.20,-0.05,-58.49,31.67,161.57,27.25,255,
16.19,-0.48,-0.64,0.08,0.83,0.27,0.43,0.39,-0.20,-0.04,-58.55,31.77,162.04,27.25,255,
16.32,-0.75,-0.56,0.04,0.83,0.27,0.44,0.39,-0.20,-0.05,-58.20,31.55,161.56,27.25,255,
16.43,-0.57,-0.74,0.04,0.83,0.27,0.44,0.39,-0.20,-0.04,-58.37,31.60,161.57,27.25,255,
16.59,-0.56,-0.91,0.13,0.83,0.27,0.44,0.39,-0.20,-0.05,-58.28,31.80,161.23,27.25,255,
16.72,-0.51,-0.83,0.04,0.83,0.27,0.44,0.39,-0.20,-0.05,-58.38,31.69,161.51,27.25,255,
16.84,-0.31,-0.61,0.13,0.83,0.27,0.44,0.38,-0.20,-0.05,-57.98,31.12,161.02,27.25,255,
16.95,-0.43,-0.79,0.10,0.83,0.27,0.43,0.39,-0.20,-0.04,-58.45,32.10,161.20,26.93,255,
17.10,-0.67,-0.81,0.14,0.83,0.27,0.43,0.38,-0.19,-0.05,-58.34,31.93,161.66,27.25,255,
17.22,-0.46,-0.72,0.13,0.83,0.27,0.44,0.39,-0.20,-0.05,-58.31,32.15,160.96,27.25,255,
17.37,-0.40,-0.87,0.10,0.83,0.27,0.44,0.39,-0.20,-0.04,-58.33,31.88,161.92,27.25,255,
17.49,-0.52,-0.94,0.08,0.83,0.27,0.43,0.38,-0.20,-0.05,-58.54,31.64,160.81,26.93,255,
17.60,-0.47,-0.75,0.20,0.83,0.27,0.44,0.39,-0.20,-0.05,-58.35,31.76,161.47,26.93,255,
17.73,-0.75,-0.74,0.14,0.83,0.27,0.43,0.39,-0.20,-0.05,-58.36,32.09,161.48,27.25,255,
17.86,-0.61,-0.96,0.06,0.83,0.27,0.43,0.39,-0.19,-0.04,-58.51,31.81,162.05,27.25,255,
18.02,-0.79,-0.74,0.02,0.83,0.27,0.44,0.39,-0.20,-0.05,-58.31,31.85,161.43,26.93,255,
18.14,-0.38,-0.70,0.12,0.83,0.27,0.43,0.39,-0.20,-0.05,-58.59,31.67,161.22,26.93,255,
18.25,-0.53,-0.88,0.10,0.83,0.27,0.42,0.38,-0.20,-0.05,-58.97,32.38,161.42,26.93,255,
18.41,-0.63,-0.95,0.28,0.83,0.27,0.44,0.39,-0.20,-0.05,-58.05,31.37,161.58,26.93,255,
18.53,-0.50,-0.95,0.11,0.83,0.27,0.45,0.39,-0.20,-0.05,-57.93,30.89,160.87,26.93,255,
18.67,-0.81,-0.92,0.07,0.83,0.27,0.44,0.39,-0.20,-0.04,-58.31,31.53,161.47,27.25,255,
18.79,-0.46,-0.66,0.04,0.83,0.27,0.43,0.39,-0.19,-0.05,-58.43,31.81,161.76,26.93,255,
18.91,-0.78,-0.93,0.13,0.83,0.27,0.44,0.38,-0.20,-0.05,-58.24,31.91,161.65,26.93,255,
19.03,-0.81,-0.98,0.16,0.83,0.27,0.42,0.38,-0.20,-0.05,-58.89,32.67,161.55,26.93,255,
19.18,-0.63,-0.76,0.19,0.83,0.27,0.43,0.38,-0.19,-0.04,-58.37,31.84,161.85,26.93,255,
19.31,-0.41,-0.85,0.07,0.83,0.27,0.44,0.39,-0.19,-0.04,-58.38,31.65,162.58,26.93,255,
19.42,-0.53,-0.90,0.01,0.83,0.27,0.43,0.39,-0.20,-0.04,-58.58,32.02,161.71,26.93,255,
19.57,-0.74,-0.65,0.08,0.83,0.27,0.44,0.39,-0.20,-0.05,-58.32,31.76,160.81,26.93,255,
19.68,-0.67,-0.60,0.22,0.83,0.27,0.44,0.39,-0.21,-0.05,-58.30,31.74,160.68,26.93,255,
19.83,-0.70,-0.61,0.16,0.83,0.27,0.44,0.39,-0.20,-0.04,-58.40,31.53,161.49,26.93,255,
19.96,-0.72,-0.70,0.19,0.83,0.27,0.44,0.39,-0.20,-0.05,-58.26,31.72,161.53,26.93,255,
20.09,-0.59,-0.79,0.00,0.83,0.27,0.43,0.38,-0.19,-0.04,-58.42,31.74,161.74,26.93,255,
20.21,-0.76,-0.91,0.07,0.83,0.27,0.44,0.39,-0.20,-0.05,-58.26,31.49,161.08,26.93,255,
20.33,-0.73,-0.78,0.08,0.83,0.27,0.44,0.39,-0.20,-0.04,-58.31,31.66,161.68,26.93,255,
20.48,-0.58,-0.73,0.20,0.83,0.27,0.44,0.38,-0.20,-0.04,-58.40,31.95,161.04,26.93,255,
20.61,-0.55,-0.74,0.20,0.83,0.27,0.44,0.39,-0.20,-0.04,-58.21,31.62,161.54,26.93,255,
20.72,-0.55,-0.70,0.04,0.83,0.27,0.44,0.38,-0.19,-0.05,-58.27,31.87,162.02,26.93,255,
20.88,-0.61,-0.75,0.03,0.83,0.27,0.43,0.38,-0.20,-0.04,-58.51,31.50,160.87,26.93,255,
21.00,-0.55,-0.76,0.05,0.83,0.27,0.44,0.38,-0.20,-0.05,-58.33,31.65,161.14,26.93,255,
21.13,-0.50,-0.69,0.17,0.83,0.27,0.44,0.38,-0.20,-0.05,-58.43,31.60,161.24,26.93,255,
21.27,-0.75,-0.80,0.09,0.83,0.27,0.43,0.38,-0.20,-0.05,-58.50,31.41,161.25,26.93,255,
21.37,-0.59,-0.64,0.18,0.83,0.27,0.43,0.39,-0.20,-0.05,-58.49,32.05,161.13,26.93,255,
21.50,-0.57,-0.70,0.13,0.83,0.27,0.43,0.38,-0.19,-0.05,-58.39,31.93,161.74,26.93,255,
21.63,-0.49,-0.87,0.08,0.83,0.27,0.44,0.39,-0.20,-0.05,-58.43,31.68,160.78,26.93,255,
21.76,-0.59,-0.90,0.16,0.83,0.27,0.44,0.39,-0.21,-0.05,-58.29,31.67,160.51,27.25,255,
21.89,-0.62,-0.74,-0.07,0.83,0.27,0.43,0.39,-0.20,-0.05,-58.89,32.01,160.82,26.93,255,
22.04,-0.53,-0.81,0.18,0.83,0.27,0.43,0.38,-0.20,-0.04,-58.33,31.92,161.43,26.93,255,
22.16,-0.68,-0.62,0.04,0.83,0.27,0.44,0.39,-0.20,-0.06,-58.37,31.70,160.95,26.93,255,
22.28,-0.65,-0.73,0.07,0.83,0.27,0.44,0.39,-0.21,-0.05,-58.33,31.57,160.51,26.93,255,
22.44,-0.79,-0.72,0.09,0.83,0.27,0.44,0.39,-0.20,-0.04,-58.41,31.58,161.82,26.93,255,
22.57,-0.81,-0.75,0.07,0.83,0.27,0.43,0.38,-0.20,-0.05,-58.45,31.90,161.32,26.93,255,
22.69,-0.55,-0.76,0.10,0.83,0.27,0.44,0.39,-0.20,-0.05,-58.17,31.61,161.14,26.93,255,
22.81,-0.58,-0.70,0.07,0.83,0.27,0.44,0.39,-0.20,-0.05,-58.33,31.59,161.30,26.93,255,
22.93,-0.61,-0.67,0.08,0.83,0.27,0.44,0.38,-0.20,-0.05,-58.32,31.56,161.05,26.93,255,
23.06,-0.76,-0.78,0.15,0.83,0.27,0.43,0.39,-0.20,-0.05,-58.74,32.05,161.62,26.93,255,
23.21,-0.58,-0.78,-0.01,0.83,0.27,0.44,0.39,-0.20,-0.05,-58.28,31.53,161.12,26.93,255,
23.34,-0.60,-0.63,0.07,0.83,0.27,0.42,0.39,-0.20,-0.05,-58.91,32.39,161.51,26.93,255,
23.47,-0.64,-0.79,0.14,0.83,0.27,0.44,0.39,-0.20,-0.05,-58.30,31.65,161.41,26.93,255,
23.59,-0.67,-0.81,0.07,0.83,0.27,0.43,0.39,-0.20,-0.05,-58.53,31.64,160.78,26.93,255,
23.71,-0.80,-0.70,0.08,0.83,0.27,0.44,0.39,-0.21,-0.05,-58.39,31.57,160.75,27.25,255,
23.86,-0.78,-0.86,0.09,0.83,0.27,0.44,0.39,-0.21,-0.05,-58.24,31.79,160.70,26.93,255,
23.99,-0.56,-0.83,-1.89,0.83,0.27,0.44,0.39,-0.21,-0.05,-58.32,31.56,160.61,27.25,255,
24.10,-0.61,-0.90,0.00,0.83,0.27,0.44,0.39,-0.21,-0.05,-58.35,31.57,160.63,26.93,255,
24.25,-0.63,-1.05,0.07,0.83,0.27,0.44,0.38,-0.20,-0.04,-58.41,31.67,160.93,26.93,255,
24.36,-0.52,-0.84,0.10,0.83,0.27,0.43,0.39,-0.20,-0.04,-58.49,31.87,160.87,27.25,255,
24.49,-0.65,-0.90,0.10,0.83,0.27,0.43,0.39,-0.20,-0.04,-58.54,31.75,161.30,26.93,255,
24.64,-0.56,-0.92,0.10,0.83,0.27,0.43,0.39,-0.20,-0.04,-58.43,32.08,160.91,27.25,255,
24.75,-0.84,-0.68,0.15,0.83,0.27,0.44,0.38,-0.20,-0.05,-58.14,31.57,160.73,26.93,255,
24.90,-0.55,-1.07,0.28,0.83,0.27,0.44,0.39,-0.20,-0.05,-58.36,31.63,160.81,27.25,255,
25.02,-0.64,-0.71,0.04,0.83,0.27,0.43,0.39,-0.20,-0.04,-58.43,31.77,161.10,26.93,255,
25.14,-0.79,-0.81,0.15,0.83,0.27,0.44,0.39,-0.20,-0.05,-58.28,31.57,160.64,27.25,255,
25.29,-0.54,-0.85,0.13,0.83,0.27,0.44,0.39,-0.20,-0.04,-58.18,31.90,161.02,26.93,255,
25.41,-0.76,-0.97,0.06,0.83,0.27,0.44,0.38,-0.20,-0.04,-58.22,31.44,160.72,26.93,255,
25.58,-0.77,-0.66,0.20,0.83,0.27,0.42,0.38,-0.19,-0.04,-59.03,32.39,161.70,26.93,255,
25.81,-0.49,-0.74,0.08,0.83,0.27,0.44,0.38,-0.20,-0.04,-58.33,31.83,161.02,26.93,255,
25.90,-0.97,-0.78,0.12,0.83,0.27,0.44,0.38,-0.20,-0.05,-58.23,31.52,160.90,26.93,255,
26.12,-0.68,-0.81,0.03,0.83,0.27,0.43,0.39,-0.20,-0.05,-58.35,31.93,161.39,26.93,255,
26.15,-0.64,-0.84,0.16,0.83,0.27,0.43,0.39,-0.20,-0.05,-58.36,31.68,161.03,26.93,255,
26.19,-0.77,-0.72,0.13,0.83,0.27,0.44,0.39,-0.21,-0.06,-58.24,31.65,160.24,27.25,255,
26.33,-0.55,-0.82,-0.01,0.83,0.27,0.43,0.39,-0.20,-0.04,-58.56,31.89,161.03,26.93,255,
26.45,-0.82,-0.65,0.04,0.83,0.27,0.43,0.39,-0.20,-0.05,-58.58,31.79,161.66,26.93,255,
26.59,-0.76,-0.76,0.04,0.83,0.27,0.44,0.39,-0.20,-0.05,-58.34,31.82,160.85,27.25,255,
26.72,-0.77,-1.14,0.00,0.83,0.27,0.44,0.39,-0.20,-0.05,-58.37,31.75,160.91,27.25,255,
26.85,-0.75,-0.79,0.13,0.83,0.27,0.43,0.39,-0.20,-0.05,-58.53,31.87,160.85,26.93,255,
26.98,-0.55,-0.81,0.00,0.83,0.27,0.45,0.39,-0.20,-0.05,-57.81,31.12,161.19,26.93,255,
27.11,-0.66,-0.90,-0.15,0.83,0.27,0.44,0.39,-0.21,-0.05,-58.24,31.56,160.77,27.25,255,
27.24,-0.58,-0.76,0.10,0.83,0.27,0.44,0.39,-0.20,-0.04,-58.43,31.35,161.60,27.25,255,
27.36,-0.52,-0.93,0.08,0.83,0.27,0.43,0.39,-0.20,-0.04,-58.47,31.70,161.32,26.93,255,
27.50,-0.54,-0.80,0.04,0.83,0.27,0.44,0.39,-0.20,-0.04,-58.31,31.74,161.43,26.93,255,
27.63,-0.73,-0.72,0.08,0.83,0.27,0.44,0.39,-0.20,-0.04,-58.34,31.62,161.67,27.25,255,
27.74,-0.79,-0.90,0.01,0.83,0.27,0.44,0.39,-0.20,-0.05,-58.38,31.54,160.87,27.25,255,
27.89,-0.78,-0.72,-0.03,0.83,0.27,0.44,0.39,-0.20,-0.05,-58.39,31.37,161.21,26.93,255,
28.02,-0.73,-0.79,-0.01,0.83,0.27,0.44,0.39,-0.20,-0.04,-58.35,31.72,161.21,26.93,255,
28.13,-0.59,-0.78,0.08,0.83,0.27,0.44,0.39,-0.20,-0.05,-58.31,31.84,161.69,27.25,255,
28.28,-0.76,-0.79,0.27,0.83,0.27,0.44,0.39,-0.20,-0.04,-58.38,31.71,161.34,26.93,255,
28.41,-0.75,-0.67,0.06,0.83,0.27,0.44,0.38,-0.20,-0.05,-58.26,31.76,161.11,27.25,255,
28.54,-0.70,-0.64,0.10,0.83,0.27,0.44,0.39,-0.20,-0.05,-58.26,31.58,161.09,26.93,255,
28.67,-0.85,-0.77,0.10,0.83,0.27,0.44,0.39,-0.21,-0.05,-58.23,31.44,160.65,27.25,255,
28.80,-0.63,-0.93,0.20,0.83,0.27,0.43,0.39,-0.20,-0.04,-58.53,31.98,160.96,26.93,255,
28.93,-0.61,-0.87,0.15,0.83,0.27,0.43,0.39,-0.20,-0.04,-58.32,32.00,161.54,27.25,255,
29.06,-0.64,-0.83,0.13,0.83,0.27,0.44,0.39,-0.19,-0.05,-58.31,31.67,161.98,26.93,255,
29.19,-0.62,-1.03,0.12,0.83,0.27,0.44,0.39,-0.20,-0.05,-58.22,31.55,161.74,26.93,255,
29.31,-0.69,-0.99,0.24,0.83,0.27,0.44,0.39,-0.20,-0.05,-58.40,31.47,161.48,26.93,255,
29.45,-0.63,-0.67,0.11,0.83,0.27,0.44,0.39,-0.20,-0.05,-58.28,31.73,161.36,26.93,255,
29.56,-0.75,-0.61,0.16,0.83,0.27,0.43,0.39,-0.20,-0.05,-58.39,32.21,161.73,26.93,255,
29.71,-0.58,-0.87,0.15,0.83,0.27,0.44,0.38,-0.19,-0.05,-58.36,31.84,161.84,26.93,255,
29.82,-0.72,-0.77,0.13,0.83,0.27,0.43,0.39,-0.20,-0.05,-58.44,31.66,161.53,26.93,255,
29.97,-0.64,-0.85,0.01,0.83,0.27,0.43,0.39,-0.20,-0.05,-58.43,31.64,161.50,26.93,255,
30.08,-0.76,-0.75,0.11,0.83,0.27,0.43,0.38,-0.19,-0.05,-58.54,32.25,161.71,26.93,255,
30.23,-0.70,-0.70,0.15,0.83,0.27,0.44,0.39,-0.20,-0.05,-58.13,31.81,161.38,26.93,255,
30.35,-0.64,-0.69,0.01,0.83,0.27,0.43,0.39,-0.20,-0.04,-58.38,32.08,161.38,26.93,255,
30.48,-0.52,-0.70,0.01,0.83,0.27,0.43,0.39,-0.20,-0.05,-58.55,31.51,161.42,26.93,255,
30.61,-0.67,-0.84,0.16,0.83,0.27,0.43,0.39,-0.20,-0.04,-58.44,31.87,161.76,26.93,255,
30.75,-0.77,-0.76,0.10,0.83,0.27,0.44,0.39,-0.20,-0.05,-58.35,31.58,161.60,26.93,255,
30.85,-0.73,-0.81,0.00,0.83,0.27,0.44,0.39,-0.20,-0.05,-58.42,31.72,161.55,26.93,255,
30.99,-0.44,-0.84,0.15,0.83,0.27,0.43,0.39,-0.20,-0.04,-58.43,31.87,161.21,26.93,255,
31.12,-0.55,-0.69,0.10,0.83,0.27,0.44,0.39,-0.20,-0.05,-58.28,31.63,161.29,26.93,255,
31.25,-0.81,-0.90,0.05,0.83,0.27,0.42,0.39,-0.20,-0.05,-58.79,32.69,161.56,26.93,255,
31.40,-0.63,-0.85,0.06,0.83,0.27,0.43,0.38,-0.20,-0.05,-58.56,32.53,161.02,26.93,255,
31.51,-0.65,-0.73,0.03,0.83,0.27,0.43,0.39,-0.20,-0.04,-58.52,32.16,161.51,26.93,255,
31.66,-0.65,-0.73,0.10,0.83,0.27,0.44,0.40,-0.19,-0.04,-58.29,32.12,162.37,26.93,255,
31.77,-0.64,-0.78,0.16,0.83,0.27,0.43,0.39,-0.20,-0.05,-58.54,32.01,161.66,26.93,255,
31.91,-0.69,-0.52,0.12,0.83,0.27,0.43,0.39,-0.20,-0.04,-58.44,31.93,161.71,26.93,255,
32.02,-0.45,-0.70,0.08,0.83,0.27,0.43,0.39,-0.20,-0.04,-58.54,31.57,161.87,26.93,255,
32.15,-0.57,-0.54,0.12,0.83,0.27,0.43,0.39,-0.20,-0.04,-58.42,31.98,161.66,26.93,255,
32.31,-0.79,-0.93,0.01,0.83,0.27,0.44,0.39,-0.20,-0.05,-58.31,31.72,161.57,26.93,255,
32.43,-0.76,-0.82,0.08,0.83,0.27,0.44,0.39,-0.19,-0.04,-58.35,31.56,162.06,26.93,255,
32.56,-0.66,-0.68,-0.03,0.83,0.27,0.44,0.39,-0.20,-0.05,-58.29,31.44,161.41,26.93,255,
32.69,-0.70,-0.85,0.01,0.83,0.27,0.43,0.39,-0.20,-0.04,-58.29,31.98,161.14,26.93,255,
32.82,-0.45,-0.70,-0.02,0.83,0.27,0.44,0.39,-0.19,-0.04,-58.23,31.68,162.12,26.93,255,
32.95,-0.74,-0.58,0.07,0.83,0.27,0.43,0.38,-0.21,-0.05,-58.54,31.72,160.14,26.93,255,
33.08,-0.77,-0.84,0.01,0.83,0.27,0.44,0.39,-0.20,-0.05,-58.29,31.81,160.71,26.93,255,
33.22,-0.50,-0.78,-0.02,0.83,0.27,0.44,0.39,-0.20,-0.05,-58.28,31.77,161.07,26.93,255,
33.33,-0.42,-0.60,0.19,0.83,0.27,0.44,0.39,-0.19,-0.04,-58.33,31.45,161.77,26.93,255,
33.45,-0.64,-0.88,0.19,0.83,0.27,0.43,0.39,-0.20,-0.05,-58.65,32.26,161.08,26.93,255,
33.60,-0.85,-0.81,0.08,0.83,0.27,0.44,0.39,-0.20,-0.05,-58.24,31.59,160.67,27.25,255,
33.71,-0.50,-0.81,0.10,0.83,0.27,0.42,0.39,-0.20,-0.05,-58.85,32.58,161.03,27.25,255,
33.84,-0.55,-0.82,0.28,0.83,0.27,0.43,0.39,-0.20,-0.04,-58.35,31.96,161.71,26.93,255,
33.98,-0.46,-0.79,0.07,0.83,0.27,0.44,0.38,-0.20,-0.05,-58.15,31.85,161.67,26.93,255,
34.11,-0.47,-0.67,0.22,0.83,0.27,0.44,0.39,-0.20,-0.05,-58.39,31.51,161.58,26.93,255,
34.26,-0.58,-0.83,0.07,0.81,0.27,0.44,0.40,-0.20,-0.05,-57.82,31.69,161.93,26.93,255,
34.38,-0.55,-0.77,0.13,0.83,0.27,0.44,0.39,-0.20,-0.04,-58.52,31.54,161.08,26.93,255,
34.52,-0.46,-0.80,0.08,0.83,0.27,0.44,0.39,-0.19,-0.04,-58.33,31.54,162.21,26.93,255,
34.64,-0.70,-0.72,0.19,0.83,0.27,0.44,0.39,-0.20,-0.04,-58.36,31.75,160.97,26.93,255,
34.75,-0.60,-0.65,0.10,0.83,0.27,0.44,0.38,-0.20,-0.04,-58.40,31.41,160.74,26.93,255,
34.90,-0.43,-0.57,0.01,0.83,0.27,0.43,0.39,-0.21,-0.04,-58.35,31.81,160.49,26.93,255,
35.01,-0.69,-0.87,0.19,0.83,0.27,0.44,0.38,-0.20,-0.04,-58.28,31.62,160.85,26.93,255,
35.16,-0.55,-0.65,0.07,0.83,0.27,0.44,0.38,-0.20,-0.04,-58.36,31.32,160.50,26.93,255,
35.29,-0.44,-0.89,-0.03,0.83,0.27,0.44,0.39,-0.20,-0.04,-58.26,31.45,160.96,26.93,255,
35.41,-0.43,-0.86,0.01,0.83,0.27,0.43,0.39,-0.20,-0.05,-58.40,32.04,161.53,26.93,255,
35.56,-0.43,-0.77,0.08,0.83,0.27,0.43,0.38,-0.20,-0.05,-58.40,31.79,160.49,27.25,255,
35.67,-0.76,-0.84,0.13,0.83,0.27,0.43,0.39,-0.20,-0.05,-58.45,31.65,160.67,26.93,255,
35.81,-0.53,-0.61,0.14,0.83,0.27,0.43,0.38,-0.21,-0.05,-58.29,31.92,160.44,26.93,255,
35.95,-0.57,-0.53,0.07,0.83,0.27,0.43,0.39,-0.20,-0.05,-58.52,31.71,160.66,26.93,255,
36.07,-0.82,-0.64,0.09,0.83,0.27,0.44,0.38,-0.20,-0.05,-58.23,32.02,160.33,26.93,255,
36.19,-0.67,-0.77,0.10,0.83,0.27,0.43,0.39,-0.20,-0.04,-58.45,31.73,161.05,26.93,255,
36.31,-0.58,-0.80,0.19,0.83,0.27,0.43,0.39,-0.20,-0.05,-58.28,32.06,161.31,26.93,255,
36.44,-0.51,-0.80,0.04,0.83,0.27,0.43,0.39,-0.20,-0.05,-58.55,31.75,161.00,26.93,255,
36.58,-0.69,-0.87,0.01,0.83,0.27,0.43,0.39,-0.20,-0.04,-58.59,32.00,161.02,27.25,255,
36.70,-0.55,-0.88,0.07,0.83,0.27,0.43,0.39,-0.20,-0.04,-58.47,31.95,161.42,26.93,255,
36.85,-0.72,-0.68,0.07,0.83,0.27,0.43,0.38,-0.20,-0.05,-58.29,31.99,161.14,26.93,255,
36.98,-0.70,-0.96,0.18,0.83,0.27,0.43,0.39,-0.21,-0.04,-58.50,31.85,160.44,27.25,255,
37.11,-0.86,-0.57,0.16,0.83,0.27,0.43,0.39,-0.21,-0.05,-58.45,31.88,160.40,26.93,255,
37.25,-1.01,-0.55,0.09,0.83,0.27,0.44,0.39,-0.20,-0.05,-58.23,31.33,161.72,26.93,255,
37.35,-0.72,-0.90,0.09,0.83,0.27,0.45,0.38,-0.20,-0.04,-57.82,30.61,160.91,26.93,255,
37.51,-0.63,-0.79,0.00,0.83,0.27,0.43,0.39,-0.20,-0.05,-58.50,31.74,161.02,26.93,255,
37.62,-0.64,-0.79,0.10,0.83,0.27,0.44,0.38,-0.20,-0.04,-58.35,31.93,160.85,26.93,255,
37.74,-0.60,-0.66,0.06,0.83,0.27,0.44,0.38,-0.20,-0.05,-58.35,31.55,161.02,26.93,255,
37.87,-0.52,-0.88,0.15,0.83,0.27,0.44,0.39,-0.20,-0.05,-58.37,31.62,161.31,26.93,255,
38.00,-0.68,-0.74,0.07,0.83,0.27,0.43,0.38,-0.20,-0.05,-58.39,31.98,161.05,26.93,255,
38.13,-0.70,-0.66,0.10,0.84,0.27,0.43,0.39,-0.20,-0.05,-58.61,31.78,161.50,27.25,255,
38.26,-0.55,-0.55,0.01,0.83,0.27,0.43,0.39,-0.20,-0.05,-58.29,31.96,161.76,26.93,255,
38.41,-0.49,-0.83,0.24,0.83,0.27,0.43,0.39,-0.20,-0.05,-58.68,32.16,161.29,26.93,255,
38.53,-0.53,-0.67,0.13,0.83,0.27,0.44,0.38,-0.20,-0.04,-58.32,31.34,161.45,26.93,255,
38.67,-0.75,-0.95,0.16,0.83,0.27,0.43,0.38,-0.20,-0.05,-58.33,31.81,160.75,26.93,255,
38.79,-0.79,-0.82,-0.07,0.83,0.27,0.43,0.39,-0.19,-0.05,-58.50,31.92,162.24,26.93,255,
38.93,-0.79,-0.74,0.14,0.83,0.27,0.44,0.39,-0.20,-0.05,-58.42,31.72,161.11,26.93,255,
39.06,-0.58,-0.79,0.01,0.83,0.27,0.43,0.38,-0.20,-0.05,-58.42,31.82,161.19,26.93,255,
39.17,-0.51,-1.02,0.10,0.83,0.27,0.44,0.39,-0.20,-0.04,-58.41,31.58,161.47,26.93,255,
39.32,-0.73,-0.81,0.13,0.83,0.27,0.43,0.38,-0.20,-0.05,-58.36,31.93,161.41,26.93,255,
39.46,-0.64,-0.76,0.08,0.83,0.27,0.43,0.39,-0.20,-0.05,-58.43,31.68,161.74,26.93,255,
39.56,-0.70,-0.81,0.10,0.83,0.27,0.44,0.38,-0.20,-0.05,-58.30,31.67,160.82,26.93,255,
39.69,-0.43,-0.89,0.04,0.83,0.27,0.44,0.38,-0.20,-0.04,-58.30,31.77,161.03,26.93,255,
39.83,-0.58,-0.76,0.08,0.83,0.27,0.43,0.38,-0.20,-0.04,-58.34,32.18,161.42,26.93,255,
39.97,-0.54,-0.99,0.01,0.83,0.27,0.44,0.38,-0.19,-0.05,-58.16,31.71,161.93,26.93,255,
