Date/Time     :  2018-05-09-13-44-19
Scenario      : #1
Device Name   :  Blood Pressure Cuff
seconds,    kPa , mmHg Actual, mmHg Simulated, SIM
  0.27 ,   0.57 ,        4.31,           4.31, False
  0.52 ,   0.59 ,        4.40,           4.40, False
  0.76 ,   0.70 ,        5.27,           5.27, False
  1.00 ,   0.80 ,        6.02,           6.02, False
  1.27 ,   1.06 ,        7.98,           7.98, False
  1.51 ,   1.17 ,        8.78,           8.78, False
  1.77 ,   1.31 ,        9.80,           9.80, False
  2.02 ,   1.26 ,        9.43,           9.43, False
  2.27 ,   1.95 ,       14.66,          14.66, False
  2.52 ,   1.75 ,       13.13,          13.13, False
  2.77 ,   2.53 ,       19.00,          19.00, False
  3.01 ,   2.29 ,       17.21,          17.21, False
  3.26 ,   3.37 ,       25.32,          25.32, False
  3.52 ,   3.04 ,       22.81,          22.81, False
  3.76 ,   4.36 ,       32.74,          32.74, False
  4.02 ,   3.95 ,       29.60,          29.60, False
  4.26 ,   5.83 ,       43.73,          43.73, False
  4.52 ,   5.26 ,       39.46,          39.46, False
  4.76 ,   7.86 ,       58.99,          58.99, False
  5.02 ,   7.25 ,       54.39,          54.39, False
  5.26 ,   8.71 ,       65.35,          65.35, False
  5.50 ,   9.28 ,       69.62,          69.62, False
  5.75 ,   8.84 ,       66.30,          66.30, False
  6.01 ,  11.96 ,       89.75,          89.75, True
  6.28 ,  11.11 ,       83.35,          83.35, False
  6.52 ,  14.78 ,      110.85,         110.85, True
  6.75 ,  13.70 ,      102.80,         102.80, True
  7.02 ,  16.87 ,      126.55,         126.55, True
  7.27 ,  16.37 ,      122.79,         122.79, True
  7.52 ,  16.21 ,      121.59,         121.59, True
  7.76 ,  19.64 ,      147.37,         147.37, False
  8.01 ,  18.64 ,      139.85,         139.85, True
  8.27 ,  23.06 ,      173.01,         173.01, False
  8.51 ,  21.84 ,      163.86,         163.86, False
  8.76 ,  23.89 ,      179.25,         179.25, False
  9.02 ,  25.27 ,      189.55,         186.26, False
  9.28 ,  24.15 ,      181.22,         185.55, False
  9.50 ,  25.95 ,      194.72,         183.97, False
  9.77 ,  26.65 ,      199.91,         194.09, False
 10.00 ,  25.76 ,      193.24,         195.05, False
 10.27 ,  24.87 ,      186.62,         192.15, False
 10.50 ,  24.21 ,      181.66,         188.31, False
 10.77 ,  23.48 ,      176.19,         183.20, False
 11.02 ,  22.83 ,      171.27,         178.07, False
 11.27 ,  22.23 ,      166.78,         173.52, False
 11.52 ,  21.68 ,      162.62,         168.92, False
 11.76 ,  21.13 ,      158.54,         164.67, False
 12.01 ,  20.59 ,      154.49,         160.52, False
 12.28 ,  20.05 ,      150.40,         156.29, False
 12.51 ,  19.59 ,      146.95,         152.62, False
 12.76 ,  19.11 ,      143.39,         148.73, False
 13.01 ,  18.65 ,      139.94,         145.04, False
 13.26 ,  18.27 ,      137.06,         141.74, True
 13.50 ,  17.82 ,      133.72,         138.43, True
 13.77 ,  17.39 ,      130.44,         135.00, True
 14.02 ,  16.97 ,      127.34,         131.81, True
 14.26 ,  16.61 ,      124.62,         128.92, True
 14.51 ,  16.22 ,      121.69,         125.92, True
 14.76 ,  15.84 ,      118.84,         124.36, True
 15.02 ,  15.51 ,      116.33,         120.74, True
 15.26 ,  15.15 ,      113.69,         117.79, True
 15.51 ,  14.79 ,      110.96,         116.31, True
 15.77 ,  14.44 ,      108.36,         112.87, True
 16.02 ,  14.13 ,      106.00,         110.00, True
 16.26 ,  13.83 ,      103.73,         108.67, True
 16.51 ,  13.50 ,      101.26,         105.37, True
 16.77 ,  13.22 ,       99.20,         102.67, True
 17.01 ,  12.90 ,       96.80,         101.41, True
 17.27 ,  12.58 ,       94.36,          98.28, True
 17.52 ,  12.38 ,       92.91,          95.79, True
 17.77 ,  12.05 ,       90.42,          94.62, True
 18.00 ,  11.79 ,       88.49,          92.10, True
 18.28 ,  11.57 ,       86.79,          89.44, True
 18.52 ,  11.45 ,       85.94,          88.57, True
 18.75 ,  11.03 ,       82.74,          86.30, True
 19.02 ,  10.76 ,       80.71,          83.75, False
 19.26 ,  10.72 ,       80.46,          82.77, False
 19.51 ,  10.35 ,       77.67,          80.78, False
 19.76 ,  10.08 ,       75.60,          78.61, False
 20.02 ,   9.94 ,       74.57,          77.50, False
 20.27 ,   9.68 ,       72.64,          75.57, False
 20.51 ,   9.42 ,       70.68,          73.53, False
 20.77 ,   9.21 ,       69.07,          71.57, False
 21.00 ,   9.07 ,       68.01,          70.19, False
 21.26 ,   8.83 ,       66.27,          68.57, False
 21.53 ,   8.59 ,       64.47,          66.78, False
 21.78 ,   8.49 ,       63.68,          65.43, False
 22.01 ,   8.29 ,       62.22,          64.19, False
 22.26 ,   8.08 ,       60.63,          62.79, False
 22.51 ,   7.96 ,       59.71,          61.28, False
 22.78 ,   7.77 ,       58.30,          60.05, False
 23.01 ,   7.60 ,       57.05,          58.88, False
 23.27 ,   7.39 ,       55.41,          57.47, False
 23.51 ,   7.22 ,       54.20,          56.21, False
 23.77 ,   6.95 ,       52.12,          54.59, False
 24.02 ,   6.70 ,       50.23,          52.72, False
 24.27 ,   6.52 ,       48.91,          51.12, False
 24.52 ,   6.29 ,       47.19,          49.51, False
 24.77 ,   6.07 ,       45.54,          47.92, False
 25.02 ,   5.92 ,       44.39,          46.38, False
 25.26 ,   5.73 ,       42.96,          44.97, False
 25.50 ,   5.40 ,       40.55,          43.27, False
 25.77 ,   5.14 ,       38.53,          41.20, False
 26.00 ,   4.90 ,       36.75,          36.75, False
 26.26 ,   4.66 ,       34.92,          34.92, False
 26.52 ,   4.43 ,       33.22,          33.22, False
 26.76 ,   4.28 ,       32.11,          32.11, False
 27.02 ,   4.06 ,       30.47,          30.47, False
 27.27 ,   3.88 ,       29.08,          29.08, False
 27.53 ,   3.72 ,       27.90,          27.90, False
 27.75 ,   3.57 ,       26.75,          26.75, False
 28.03 ,   3.44 ,       25.82,          25.82, False
 28.26 ,   3.31 ,       24.80,          24.80, False
 28.52 ,   3.22 ,       24.14,          24.14, False
 28.77 ,   3.33 ,       25.02,          25.02, False
 29.01 ,   3.17 ,       23.81,          23.81, False
 29.27 ,   2.95 ,       22.10,          22.10, False
 29.51 ,   2.83 ,       21.25,          21.25, False
 29.78 ,   2.75 ,       20.64,          20.64, False
 30.00 ,   2.71 ,       20.36,          20.36, False
 30.26 ,   2.75 ,       20.66,          20.66, False
 30.52 ,   4.66 ,       34.92,          34.92, False
 30.76 ,   6.99 ,       52.41,          52.41, False
 31.02 ,   6.40 ,       48.00,          48.00, False
 31.26 ,   8.82 ,       66.17,          66.17, False
 31.52 ,   8.15 ,       61.18,          61.18, False
 31.75 ,  11.28 ,       84.66,          84.66, False
 32.01 ,  10.48 ,       78.60,          78.60, False
 32.28 ,  14.32 ,      107.42,         107.42, True
 32.52 ,  13.37 ,      100.32,         100.32, True
 32.77 ,  14.69 ,      110.21,         110.21, True
 33.00 ,  16.77 ,      125.80,         125.80, True
 33.25 ,  15.87 ,      119.06,         119.06, True
 33.52 ,  20.62 ,      154.67,         154.67, False
 33.75 ,  19.63 ,      147.26,         147.26, False
 34.02 ,  18.76 ,      140.73,         140.73, True
 34.26 ,  18.22 ,      136.73,         136.73, True
 34.52 ,  17.64 ,      132.33,         132.33, True
 34.77 ,  17.05 ,      127.91,         127.91, True
 35.00 ,  16.56 ,      124.21,         124.21, True
 35.26 ,  16.13 ,      121.03,         121.03, True
 35.53 ,  15.58 ,      116.87,         116.87, True
 35.76 ,  15.20 ,      114.05,         114.05, True
 36.03 ,  14.84 ,      111.37,         111.37, True
 36.27 ,  14.42 ,      108.22,         108.22, True
 36.52 ,  14.19 ,      106.44,         106.44, True
 36.76 ,  13.96 ,      104.72,         104.72, True
 37.00 ,  13.51 ,      101.35,         101.35, True
 37.27 ,  13.06 ,       97.95,          97.95, True
 37.52 ,  12.82 ,       96.20,          96.20, True
 37.77 ,  12.44 ,       93.32,          93.32, True
 38.01 ,  12.11 ,       90.83,          90.83, True
 38.27 ,  11.86 ,       88.94,          88.94, True
 38.53 ,  11.52 ,       86.39,          86.39, True
 38.76 ,  11.20 ,       84.01,          84.01, False
 39.01 ,  11.01 ,       82.57,          82.57, False
 39.26 ,  10.72 ,       80.46,          80.46, False
 39.52 ,  10.65 ,       79.92,          79.92, False
 39.76 ,  10.86 ,       81.45,          81.45, False
 40.01 ,  10.52 ,       78.93,          78.93, False
 40.25 ,  10.13 ,       76.00,          76.00, False
 40.51 ,   9.79 ,       73.46,          73.46, False
 40.77 ,   9.47 ,       71.04,          71.04, False
 41.02 ,   9.16 ,       68.75,          68.75, False
 41.26 ,   8.97 ,       67.27,          67.27, False
 41.53 ,   8.74 ,       65.56,          65.56, False
 41.77 ,   8.49 ,       63.71,          63.71, False
 42.00 ,   8.27 ,       62.08,          62.08, False
 42.27 ,   8.07 ,       60.56,          60.56, False
 42.51 ,   7.86 ,       58.96,          58.96, False
 42.77 ,   7.62 ,       57.19,          57.19, False
 43.02 ,   7.46 ,       55.95,          55.95, False
 43.25 ,   7.29 ,       54.69,          54.69, False
 43.52 ,   7.08 ,       53.13,          53.13, False
 43.77 ,   6.92 ,       51.92,          51.92, False
 44.02 ,   6.76 ,       50.71,          50.71, False
 44.26 ,   6.58 ,       49.38,          49.38, False
 44.52 ,   6.45 ,       48.42,          48.42, False
