2017-02-09-20-12-44
0
ophthalmoscope
D
0.00,1.90,255,
0.00,-2.05,-1.35,-1.35,0.86,0.02,0.43,0.39,-0.10,-0.21,-63.65,2.27,174.49,1.90,255,
0.01,-2.17,-1.35,-1.03,0.86,0.02,0.43,0.39,-0.10,-0.21,-63.66,2.23,174.69,1.90,255,
0.01,-2.00,-1.23,-1.17,0.86,0.02,0.43,0.39,-0.10,-0.22,-63.76,2.33,174.68,1.90,255,
0.02,-1.96,-1.39,-1.41,0.86,0.02,0.43,0.39,-0.09,-0.21,-63.68,2.66,175.18,1.90,255,
0.02,-2.09,-1.12,-1.20,0.86,0.02,0.42,0.38,-0.09,-0.22,-63.85,2.29,174.76,1.90,255,
0.03,-2.02,-1.10,-1.35,0.86,0.02,0.42,0.39,-0.10,-0.21,-63.98,2.48,174.30,1.90,255,
0.03,-1.82,-1.23,-1.34,0.86,0.02,0.43,0.39,-0.09,-0.22,-63.74,2.73,174.81,1.90,255,
0.04,-2.03,-1.42,-1.26,0.86,0.02,0.43,0.39,-0.10,-0.21,-63.71,2.45,174.56,1.90,255,
0.04,-2.07,-1.41,-1.33,0.86,0.02,0.44,0.39,-0.10,-0.21,-63.10,2.45,174.11,1.90,255,
0.04,-2.25,-1.44,-1.32,0.86,0.02,0.43,0.38,-0.10,-0.21,-63.75,2.47,174.44,1.90,255,
0.05,-1.96,-1.20,-1.39,0.86,0.02,0.43,0.39,-0.09,-0.21,-63.50,2.22,175.00,1.90,255,
0.05,-1.80,-1.35,-1.26,0.86,0.02,0.42,0.39,-0.09,-0.21,-63.76,2.42,174.95,1.90,255,
0.06,-2.08,-1.24,-1.32,0.86,0.02,0.42,0.39,-0.09,-0.21,-63.89,2.34,175.40,1.90,255,
0.06,-2.27,-1.42,-1.34,0.86,0.02,0.42,0.39,-0.09,-0.22,-63.75,2.25,175.33,1.90,255,
0.07,-2.02,-1.44,-1.24,0.86,0.02,0.43,0.39,-0.09,-0.21,-63.73,2.39,175.58,1.90,255,
0.07,-2.10,-1.50,-1.34,0.86,0.02,0.42,0.39,-0.09,-0.21,-63.82,2.10,175.30,1.90,255,
0.08,-1.79,-1.44,-1.47,0.86,0.02,0.42,0.39,-0.09,-0.21,-63.91,2.49,175.11,1.90,255,
0.08,-2.06,-1.18,-1.11,0.86,0.02,0.42,0.39,-0.09,-0.22,-63.69,2.35,175.35,1.90,255,
0.09,-2.03,-1.15,-0.98,0.86,0.02,0.43,0.39,-0.10,-0.21,-63.65,2.34,174.32,1.90,255,
0.09,-1.93,-1.37,-1.38,0.86,0.02,0.43,0.39,-0.09,-0.22,-63.68,2.55,175.63,1.90,255,
0.12,-2.19,-1.18,-1.26,0.86,0.02,0.43,0.39,-0.10,-0.21,-63.69,2.22,174.74,1.90,255,
0.25,-1.82,-1.23,-1.35,0.86,0.02,0.42,0.39,-0.10,-0.20,-63.77,2.15,174.77,1.90,255,
0.38,-1.98,-1.48,-1.33,0.86,0.02,0.43,0.39,-0.10,-0.21,-63.59,2.38,174.40,1.90,255,
0.51,-1.92,-1.40,-1.30,0.86,0.02,0.43,0.39,-0.10,-0.21,-63.59,2.23,174.58,1.90,255,
0.64,-2.04,-1.19,-1.36,0.86,0.02,0.42,0.39,-0.10,-0.22,-63.78,2.68,174.05,1.90,255,
0.77,-1.98,-1.07,-1.14,0.86,0.02,0.42,0.39,-0.10,-0.21,-63.77,2.58,174.99,1.90,255,
0.91,-1.87,-1.23,-1.30,0.86,0.02,0.41,0.39,-0.09,-0.21,-64.60,2.96,175.28,1.90,255,
1.02,-1.96,-1.28,-1.22,0.86,0.02,0.42,0.39,-0.10,-0.18,-64.05,2.54,174.40,1.90,255,
1.15,-2.00,-1.23,-1.29,0.86,0.02,0.42,0.39,-0.09,-0.20,-63.93,2.32,175.30,1.90,255,
1.29,-2.21,-1.27,-1.35,0.86,0.02,0.43,0.39,-0.09,-0.21,-63.59,2.50,175.05,1.90,255,
1.41,-2.21,-1.18,-1.49,0.87,0.02,0.43,0.39,-0.09,-0.21,-63.77,2.66,175.59,1.90,255,
1.54,-1.92,-1.37,-1.42,0.86,0.02,0.42,0.39,-0.09,-0.21,-63.98,2.47,175.34,1.90,255,
1.66,-2.08,-1.26,-1.32,0.86,0.02,0.42,0.39,-0.09,-0.21,-63.78,2.66,175.10,1.90,255,
1.80,-1.98,-1.28,-1.11,0.86,0.02,0.42,0.39,-0.10,-0.21,-63.76,2.31,174.74,1.90,255,
1.92,-2.12,-1.08,-1.23,0.86,0.02,0.42,0.39,-0.09,-0.21,-63.87,2.58,175.23,1.90,255,
2.07,-1.89,-1.26,-1.39,0.86,0.02,0.42,0.39,-0.10,-0.21,-63.89,2.72,174.34,1.90,255,
2.19,-2.09,-1.26,-1.19,0.86,0.02,0.42,0.39,-0.10,-0.21,-63.81,2.14,174.77,1.90,255,
2.34,-2.12,-1.18,-1.17,0.86,0.02,0.42,0.39,-0.10,-0.22,-63.93,2.46,174.05,1.90,255,
2.45,-2.06,-1.18,-1.22,0.86,0.02,0.43,0.39,-0.09,-0.22,-63.68,2.24,175.19,1.90,255,
2.57,-1.91,-1.28,-1.41,0.86,0.02,0.43,0.39,-0.09,-0.21,-63.49,2.38,175.25,1.90,255,
2.70,-2.21,-1.45,-1.11,0.86,0.02,0.43,0.39,-0.09,-0.21,-63.75,2.27,175.07,1.90,255,
2.84,-2.07,-1.48,-1.14,0.86,0.02,0.43,0.39,-0.09,-0.21,-63.68,2.18,175.13,1.90,255,
2.98,-1.78,-1.27,-1.28,0.86,0.02,0.42,0.39,-0.09,-0.21,-63.73,2.16,175.20,1.90,255,
3.12,-2.33,-1.53,-1.47,0.86,0.02,0.43,0.39,-0.10,-0.21,-63.74,2.70,174.63,1.90,255,
3.25,-1.92,-1.36,-1.17,0.86,0.02,0.43,0.39,-0.10,-0.21,-63.56,2.69,174.57,1.90,255,
3.38,-1.97,-1.29,-1.21,0.86,0.02,0.42,0.39,-0.10,-0.22,-64.02,2.45,174.65,1.90,255,
3.49,-2.07,-1.45,-1.33,0.86,0.02,0.42,0.39,-0.10,-0.21,-63.80,2.57,174.74,1.90,255,
3.62,-1.95,-1.26,-1.45,0.86,0.02,0.43,0.40,-0.09,-0.22,-63.66,2.08,175.21,1.90,255,
3.74,-2.00,-1.41,-1.43,0.86,0.02,0.43,0.39,-0.09,-0.22,-63.63,2.61,175.45,1.90,255,
3.87,-2.00,-1.31,-1.36,0.86,0.02,0.42,0.39,-0.10,-0.22,-64.02,2.39,174.77,1.90,255,
4.01,-1.98,-1.24,-1.23,0.86,0.02,0.43,0.39,-0.09,-0.21,-63.64,2.21,175.26,1.90,255,
4.16,-1.93,-1.38,-1.41,0.86,0.02,0.42,0.39,-0.10,-0.20,-63.93,2.53,174.87,1.90,255,
4.26,-2.14,-1.36,-1.32,0.86,0.02,0.43,0.40,-0.09,-0.21,-63.71,2.87,175.62,1.90,255,
4.39,-2.22,-1.22,-1.12,0.86,0.02,0.42,0.39,-0.10,-0.21,-63.73,2.10,174.93,1.90,255,
4.54,-2.10,-1.20,-1.35,0.86,0.00,0.43,0.39,-0.09,-0.22,-63.75,0.42,175.75,1.90,255,
4.66,-1.97,-1.23,-1.15,0.86,0.02,0.42,0.39,-0.10,-0.21,-63.80,2.21,174.98,1.90,255,
4.81,-2.05,-1.33,-1.15,0.86,0.02,0.42,0.39,-0.09,-0.21,-63.80,2.38,175.58,1.90,255,
4.91,-2.08,-1.26,-1.32,0.86,0.02,0.42,0.39,-0.10,-0.21,-63.85,2.39,174.57,1.90,255,
5.06,-2.15,-1.33,-1.43,0.86,0.02,0.42,0.40,-0.10,-0.21,-63.77,2.19,174.57,1.90,255,
5.20,-2.22,-1.42,-1.28,0.86,0.02,0.43,0.40,-0.09,-0.21,-63.63,2.19,175.46,1.90,255,
5.32,-2.08,-1.38,-1.33,0.86,0.02,0.42,0.39,-0.09,-0.21,-63.78,2.34,175.12,1.90,255,
5.45,-2.10,-1.31,-1.27,0.86,0.02,0.42,0.39,-0.10,-0.22,-63.77,2.34,174.63,1.90,255,
5.59,-1.93,-1.20,-1.14,0.86,0.02,0.42,0.39,-0.10,-0.22,-63.81,2.28,174.40,1.90,255,
5.69,-1.99,-1.35,-1.35,0.86,0.02,0.42,0.39,-0.10,-0.21,-63.92,2.25,174.85,1.90,255,
5.82,-2.03,-1.14,-1.11,0.86,0.02,0.42,0.39,-0.10,-0.21,-63.77,2.59,174.54,1.90,255,
5.96,-2.27,-1.28,-1.25,0.86,0.02,0.43,0.39,-0.10,-0.21,-63.64,2.49,174.62,1.90,255,
6.08,-2.03,-1.38,-1.20,0.86,0.02,0.43,0.39,-0.10,-0.21,-63.50,2.68,174.48,1.90,255,
6.21,-2.20,-1.20,-1.02,0.86,0.02,0.42,0.40,-0.10,-0.22,-63.76,2.28,174.56,1.90,255,
6.34,-1.96,-1.12,-1.13,0.86,0.02,0.42,0.40,-0.09,-0.21,-63.81,2.21,175.25,1.90,255,
6.49,-2.00,-1.33,-1.23,0.86,0.02,0.42,0.39,-0.09,-0.21,-63.85,2.16,175.60,1.90,255,
6.60,-2.01,-1.41,-1.36,0.86,0.02,0.44,0.40,-0.10,-0.21,-63.08,2.29,174.89,1.90,255,
6.73,-1.98,-1.23,-1.53,0.86,0.02,0.42,0.39,-0.09,-0.21,-63.72,2.25,175.76,1.90,255,
6.86,-2.29,-1.25,-1.50,0.86,0.02,0.42,0.39,-0.10,-0.21,-63.76,2.14,174.97,1.90,255,
7.00,-1.93,-1.44,-0.99,0.86,0.02,0.42,0.40,-0.09,-0.21,-63.73,2.18,175.13,1.90,255,
7.13,-1.97,-1.23,-1.42,0.86,0.02,0.42,0.39,-0.09,-0.20,-63.81,2.72,175.33,1.90,255,
7.27,-2.26,-1.27,-1.21,0.86,0.02,0.42,0.40,-0.10,-0.21,-63.74,2.45,174.80,1.90,255,
7.38,-1.97,-1.24,-1.27,0.86,0.02,0.42,0.40,-0.10,-0.21,-63.70,2.34,174.70,1.90,255,
7.51,-2.24,-1.32,-1.40,0.86,0.02,0.43,0.39,-0.09,-0.21,-63.69,2.51,175.00,1.90,255,
7.64,-2.05,-1.29,-1.26,0.86,0.02,0.42,0.39,-0.10,-0.22,-63.82,2.33,174.94,1.90,255,
7.79,-2.06,-1.35,-1.32,0.86,0.02,0.43,0.40,-0.10,-0.21,-63.68,2.28,174.76,1.90,255,
7.90,-2.06,-1.15,-1.13,0.86,0.02,0.42,0.39,-0.10,-0.22,-63.70,2.50,174.50,1.90,255,
8.03,-2.09,-1.20,-1.28,0.86,0.02,0.42,0.39,-0.10,-0.21,-63.72,2.31,174.29,1.90,255,
8.16,-2.09,-1.42,-1.14,0.86,0.02,0.42,0.39,-0.10,-0.21,-63.84,2.78,174.86,1.90,255,
8.28,-2.06,-1.31,-1.52,0.86,0.02,0.42,0.39,-0.10,-0.21,-63.77,2.30,174.39,1.90,255,
8.45,-2.09,-1.29,-1.21,0.86,0.02,0.42,0.39,-0.10,-0.21,-63.78,2.46,174.92,1.90,255,
8.57,-2.21,-1.41,-1.23,0.86,0.02,0.42,0.39,-0.09,-0.21,-63.87,2.68,175.83,1.90,255,
8.68,-2.14,-1.35,-1.40,0.86,0.02,0.42,0.39,-0.10,-0.21,-63.80,2.39,174.77,1.90,255,
8.81,-2.24,-1.23,-1.18,0.86,0.02,0.42,0.40,-0.09,-0.21,-63.74,2.37,175.73,1.90,255,
8.94,-1.94,-1.47,-1.14,0.86,0.02,0.42,0.39,-0.09,-0.21,-63.82,2.72,175.53,1.90,255,
9.07,-2.17,-1.34,-1.02,0.86,0.02,0.42,0.39,-0.09,-0.22,-63.82,2.37,175.38,1.90,255,
9.19,-2.21,-1.16,-1.41,0.86,0.02,0.42,0.39,-0.10,-0.22,-63.82,2.31,174.82,1.90,255,
9.33,-2.34,-1.51,-1.36,0.86,0.02,0.42,0.40,-0.10,-0.22,-63.84,2.55,174.23,1.90,255,
9.45,-2.24,-1.38,-1.26,0.86,0.02,0.43,0.39,-0.09,-0.21,-63.69,2.35,175.16,1.90,255,
9.59,-2.09,-1.44,-1.21,0.86,0.02,0.42,0.39,-0.10,-0.21,-63.90,2.43,174.81,1.90,255,
9.71,-2.10,-1.51,-1.37,0.86,0.02,0.43,0.39,-0.10,-0.22,-63.71,2.68,174.65,1.90,255,
9.86,-2.00,-1.26,-1.14,0.86,0.02,0.43,0.39,-0.10,-0.21,-63.69,2.53,174.28,1.90,255,
9.99,-2.12,-1.39,-1.23,0.86,0.02,0.43,0.39,-0.09,-0.22,-63.67,2.36,175.18,1.90,255,
10.10,-2.25,-1.28,-1.38,0.86,0.02,0.42,0.39,-0.10,-0.22,-63.77,2.39,174.67,1.90,255,
10.24,-2.06,-1.37,-1.19,0.86,0.02,0.42,0.39,-0.09,-0.22,-63.74,2.32,175.12,1.90,255,
10.36,-1.91,-1.14,-1.11,0.86,0.02,0.43,0.39,-0.09,-0.22,-63.74,2.27,175.21,1.90,255,
10.50,-2.12,-1.45,-1.11,0.86,0.02,0.42,0.39,-0.10,-0.22,-63.76,2.15,174.76,1.90,255,
10.64,-2.14,-1.14,-1.23,0.86,0.02,0.43,0.40,-0.10,-0.21,-63.65,2.21,175.11,1.90,255,
10.75,-2.00,-1.20,-1.19,0.86,0.02,0.42,0.39,-0.09,-0.22,-63.81,2.43,175.32,1.90,255,
10.88,-2.24,-1.43,-1.59,0.86,0.02,0.43,0.39,-0.10,-0.22,-63.62,2.34,174.84,1.90,255,
11.01,-1.85,-1.53,-0.97,0.86,0.02,0.42,0.39,-0.10,-0.22,-63.82,2.14,174.66,1.90,255,
11.15,-2.18,-1.31,-1.29,0.86,0.02,0.42,0.39,-0.09,-0.22,-63.91,2.35,175.68,1.90,255,
11.27,-1.93,-1.28,-1.26,0.86,0.02,0.41,0.39,-0.09,-0.22,-64.56,2.35,175.05,1.90,255,
11.42,-1.94,-1.23,-1.17,0.86,0.02,0.42,0.39,-0.09,-0.22,-63.79,2.52,175.59,1.90,255,
11.56,-2.06,-1.25,-1.32,0.86,0.02,0.42,0.39,-0.09,-0.22,-63.69,2.34,175.51,1.90,255,
11.68,-2.30,-1.43,-1.42,0.86,0.02,0.42,0.39,-0.09,-0.22,-63.77,2.55,175.36,1.90,255,
11.82,-2.00,-1.20,-1.53,0.86,0.02,0.43,0.39,-0.09,-0.21,-63.78,2.12,175.39,1.90,255,
11.94,-1.99,-1.50,-1.33,0.86,0.02,0.42,0.39,-0.09,-0.21,-63.81,2.16,175.66,1.90,255,
12.06,-2.14,-1.27,-1.31,0.86,0.02,0.42,0.40,-0.10,-0.21,-63.86,2.40,174.77,1.90,255,
12.20,-1.73,-1.30,-1.14,0.86,0.02,0.42,0.39,-0.09,-0.21,-63.86,2.30,175.60,1.90,255,
12.33,-2.06,-1.25,-1.06,0.86,0.02,0.42,0.39,-0.09,-0.21,-63.73,2.45,175.94,1.90,255,
12.47,-2.00,-1.40,-1.16,0.86,0.02,0.42,0.39,-0.09,-0.22,-63.90,2.31,175.57,1.90,255,
12.57,-1.97,-1.38,-1.10,0.86,0.02,0.42,0.39,-0.09,-0.22,-63.76,2.26,175.25,1.90,255,
12.71,-2.20,-1.44,-1.18,0.86,0.02,0.43,0.39,-0.09,-0.22,-63.68,2.38,175.39,1.90,255,
12.84,-2.20,-1.41,-1.20,0.86,0.02,0.42,0.38,-0.09,-0.21,-63.76,2.64,175.09,1.90,255,
12.98,-2.06,-1.14,-1.33,0.86,0.02,0.42,0.39,-0.09,-0.22,-63.78,2.52,175.23,1.90,255,
13.10,-1.94,-1.45,-1.38,0.86,0.02,0.42,0.39,-0.09,-0.21,-63.77,2.31,174.99,1.90,255,
13.24,-1.97,-1.40,-1.44,0.86,0.02,0.43,0.39,-0.09,-0.21,-63.56,2.16,175.29,1.90,255,
13.35,-2.12,-1.36,-1.14,0.86,0.02,0.42,0.39,-0.09,-0.20,-63.73,2.63,174.87,1.90,255,
13.48,-1.92,-1.45,-1.14,0.86,0.02,0.42,0.40,-0.09,-0.20,-63.81,2.24,175.75,1.90,255,
13.62,-2.03,-1.32,-1.27,0.86,0.02,0.42,0.39,-0.08,-0.21,-63.79,2.31,176.48,1.90,255,
13.74,-2.11,-1.37,-1.28,0.86,0.02,0.43,0.39,-0.09,-0.21,-63.70,2.42,175.73,1.90,255,
13.89,-2.07,-1.45,-1.17,0.86,0.02,0.42,0.39,-0.09,-0.21,-63.76,2.32,175.89,1.90,255,
14.00,-2.05,-1.44,-1.51,0.86,0.02,0.42,0.40,-0.10,-0.21,-63.95,2.13,174.59,1.90,255,
14.13,-2.21,-1.38,-1.19,0.86,0.02,0.42,0.40,-0.10,-0.22,-63.95,2.10,174.98,1.90,255,
14.25,-2.17,-1.30,-1.20,0.86,0.02,0.42,0.39,-0.10,-0.21,-63.65,2.49,174.69,1.90,255,
14.39,-2.20,-1.33,-1.07,0.86,0.02,0.42,0.40,-0.09,-0.21,-63.85,2.49,175.65,1.90,255,
14.52,-2.09,-1.32,-1.13,0.86,0.02,0.42,0.39,-0.09,-0.21,-63.91,2.61,175.38,1.90,255,
14.64,-2.03,-1.38,-1.14,0.86,0.02,0.43,0.39,-0.09,-0.21,-63.55,2.19,175.77,1.90,255,
14.77,-2.24,-1.32,-1.23,0.86,0.02,0.42,0.39,-0.09,-0.21,-63.81,2.54,175.25,1.90,255,
14.90,-1.96,-1.21,-1.12,0.86,0.02,0.42,0.39,-0.10,-0.21,-63.78,2.19,174.73,1.90,255,
15.03,-2.17,-1.49,-1.27,0.86,0.00,0.43,0.39,-0.09,-0.21,-63.76,0.12,176.01,1.90,255,
15.16,-2.11,-1.43,-1.17,0.86,0.02,0.42,0.39,-0.09,-0.21,-63.83,2.38,175.40,1.90,255,
15.31,-1.95,-1.14,-1.40,0.86,0.02,0.42,0.39,-0.09,-0.21,-63.84,2.19,174.92,1.90,255,
15.43,-1.83,-1.33,-1.17,0.86,0.02,0.42,0.39,-0.09,-0.22,-63.85,2.37,175.28,1.90,255,
15.55,-2.12,-1.48,-1.46,0.86,0.02,0.42,0.39,-0.09,-0.21,-63.87,2.29,175.84,1.90,255,
15.69,-1.98,-1.26,-1.17,0.86,0.02,0.42,0.39,-0.09,-0.21,-63.87,2.26,175.67,1.90,255,
15.83,-2.01,-1.26,-1.17,0.86,0.02,0.42,0.39,-0.09,-0.22,-63.73,2.45,175.90,1.90,255,
15.95,-2.02,-1.44,-1.34,0.86,0.02,0.43,0.39,-0.09,-0.22,-63.70,2.29,175.48,1.90,255,
16.08,-2.12,-1.04,-1.08,0.86,0.02,0.43,0.39,-0.09,-0.22,-63.66,2.43,175.82,1.90,255,
16.20,-2.18,-1.47,-1.39,0.86,0.02,0.42,0.39,-0.09,-0.22,-64.07,2.35,175.32,1.90,255,
16.34,-2.19,-1.26,-1.15,0.86,0.02,0.42,0.38,-0.09,-0.21,-63.87,2.56,176.00,1.90,255,
16.46,-1.98,-1.35,-1.23,0.87,0.02,0.42,0.39,-0.09,-0.21,-64.09,2.41,175.09,1.90,255,
16.59,-2.08,-1.47,-1.07,0.86,0.02,0.42,0.39,-0.09,-0.21,-63.89,2.45,175.90,1.90,255,
16.72,-1.94,-1.29,-0.88,0.86,0.02,0.42,0.39,-0.09,-0.22,-63.86,2.55,175.32,1.90,255,
16.85,-0.12,-1.42,-1.48,0.86,0.02,0.42,0.39,-0.09,-0.21,-63.83,2.53,175.88,1.90,255,
16.98,-2.31,-1.30,-1.48,0.86,0.02,0.42,0.39,-0.09,-0.21,-63.68,2.75,175.16,1.90,255,
17.11,-1.97,-1.46,-1.43,0.86,0.02,0.43,0.39,-0.09,-0.22,-63.68,2.24,175.14,1.90,255,
17.24,-2.36,-1.45,-1.32,0.86,0.02,0.43,0.39,-0.09,-0.21,-63.68,2.18,175.38,1.90,255,
17.37,-2.12,-1.14,-1.05,0.86,0.02,0.43,0.39,-0.09,-0.21,-63.71,2.39,174.89,1.90,255,
17.50,-2.06,-1.42,-1.42,0.86,0.03,0.43,0.39,-0.09,-0.21,-63.52,4.17,175.97,1.90,255,
17.64,-2.07,-1.29,-1.35,0.86,0.02,0.42,0.39,-0.09,-0.21,-63.85,2.37,175.63,1.90,255,
17.76,-1.97,-1.49,-1.16,0.86,0.02,0.42,0.39,-0.09,-0.21,-63.71,2.39,175.63,1.90,255,
17.91,-2.06,-1.33,-1.16,0.86,0.02,0.42,0.39,-0.09,-0.21,-63.78,2.48,175.27,1.90,255,
18.03,-2.18,-1.35,-1.35,0.86,0.02,0.42,0.39,-0.10,-0.22,-63.75,2.16,174.65,1.90,255,
18.15,-1.98,-1.32,-1.23,0.86,0.02,0.43,0.39,-0.09,-0.22,-63.74,2.49,175.16,1.90,255,
18.28,-2.18,-1.40,-1.23,0.86,0.02,0.42,0.39,-0.09,-0.22,-63.77,2.49,175.56,1.90,255,
18.43,-2.39,-1.31,-1.36,0.86,0.02,0.43,0.39,-0.09,-0.22,-63.66,2.45,175.44,1.90,255,
18.54,-2.12,-1.25,-1.16,0.86,0.02,0.43,0.39,-0.09,-0.21,-63.56,2.35,176.09,1.90,255,
18.69,-2.01,-1.39,-1.23,0.86,0.02,0.42,0.39,-0.09,-0.21,-63.89,2.20,175.10,1.90,255,
18.80,-2.10,-1.11,-1.14,0.86,0.02,0.43,0.39,-0.09,-0.21,-63.61,2.22,175.56,1.90,255,
18.95,-1.94,-1.21,-1.10,0.86,0.02,0.42,0.39,-0.09,-0.21,-63.70,2.35,175.79,1.90,255,
19.06,-2.00,-1.38,-1.15,0.86,0.02,0.42,0.39,-0.09,-0.22,-63.75,2.48,175.77,1.90,255,
19.19,-2.19,-1.32,-1.29,0.86,0.02,0.43,0.39,-0.09,-0.22,-63.71,2.15,175.28,1.90,255,
19.33,-1.96,-1.19,-1.17,0.86,0.02,0.42,0.39,-0.09,-0.22,-63.82,2.31,175.04,1.90,255,
19.45,-2.03,-1.31,-1.29,0.86,0.02,0.42,0.39,-0.09,-0.22,-63.77,2.49,175.90,1.90,255,
19.60,-1.97,-1.36,-1.16,0.86,0.02,0.42,0.39,-0.09,-0.22,-63.77,2.29,175.55,1.90,255,
19.70,-2.15,-1.26,-1.08,0.86,0.02,0.42,0.39,-0.10,-0.21,-63.79,2.46,174.31,1.90,255,
19.84,-2.29,-1.31,-1.21,0.86,0.02,0.42,0.39,-0.09,-0.21,-63.75,2.31,175.60,1.90,255,
19.97,-2.33,-1.32,-1.47,0.86,0.02,0.42,0.39,-0.09,-0.21,-63.77,2.43,175.23,1.90,255,
20.09,-2.13,-1.50,-1.22,0.86,0.02,0.42,0.39,-0.09,-0.21,-63.92,2.34,175.87,1.90,255,
20.22,-1.88,-1.37,-1.31,0.86,0.02,0.42,0.39,-0.09,-0.21,-63.81,2.36,175.20,1.90,255,
20.36,-1.97,-1.34,-1.24,0.86,0.02,0.43,0.39,-0.09,-0.21,-63.62,2.31,174.96,1.90,255,
20.48,-2.18,-1.35,-1.38,0.86,0.02,0.43,0.39,-0.10,-0.21,-63.67,2.19,174.66,1.90,255,
20.61,-1.97,-1.51,-1.18,0.86,0.02,0.42,0.39,-0.10,-0.22,-63.70,2.51,174.69,1.90,255,
20.75,-2.15,-1.40,-1.38,0.86,0.02,0.42,0.39,-0.10,-0.21,-63.76,2.24,174.81,1.90,255,
20.87,-2.09,-1.44,-1.22,0.86,0.02,0.43,0.39,-0.10,-0.21,-63.53,2.43,174.37,1.90,255,
21.01,-2.13,-1.64,-1.22,0.86,0.02,0.42,0.39,-0.09,-0.20,-63.76,2.55,175.03,1.90,255,
21.13,-2.08,-1.26,-1.23,0.86,0.02,0.42,0.39,-0.09,-0.21,-63.80,2.46,175.00,1.90,255,
21.26,-2.01,-1.41,-1.13,0.86,0.02,0.42,0.39,-0.10,-0.22,-63.76,2.29,174.68,1.90,255,
21.39,-2.14,-1.53,-1.37,0.86,0.02,0.42,0.39,-0.09,-0.21,-63.74,2.36,174.95,1.90,255,
21.52,-2.05,-1.46,-1.36,0.86,0.02,0.42,0.39,-0.09,-0.21,-63.84,2.26,175.09,1.90,255,
21.65,-2.09,-1.34,-1.31,0.86,0.02,0.42,0.39,-0.10,-0.22,-63.72,2.75,174.59,1.90,255,
21.79,-2.25,-1.33,-1.59,0.86,0.02,0.43,0.39,-0.10,-0.21,-63.64,2.28,174.61,1.90,255,
21.94,-2.02,-1.28,-1.19,0.86,0.02,0.43,0.39,-0.09,-0.21,-63.65,2.38,175.28,1.90,255,
22.06,-1.97,-1.21,-1.18,0.86,0.02,0.42,0.39,-0.09,-0.22,-63.93,2.23,175.22,1.90,255,
22.17,-2.14,-1.26,-1.11,0.86,0.02,0.42,0.39,-0.09,-0.21,-63.83,2.41,175.05,1.90,255,
22.30,-2.10,-1.47,-1.31,0.86,0.02,0.43,0.39,-0.09,-0.21,-63.64,2.47,175.52,1.90,255,
22.45,-2.08,-1.45,-1.21,0.86,0.02,0.42,0.39,-0.09,-0.22,-63.83,2.41,175.51,1.90,255,
22.57,-2.20,-1.37,-1.25,0.86,0.02,0.42,0.39,-0.09,-0.21,-63.75,2.52,175.50,1.90,255,
22.69,-2.09,-1.35,-1.39,0.86,0.02,0.43,0.39,-0.09,-0.21,-63.74,2.52,175.17,1.90,255,
22.85,-2.18,-1.07,-1.05,0.86,0.02,0.42,0.39,-0.10,-0.21,-63.65,2.21,174.51,1.90,255,
22.97,-2.13,-1.57,-1.44,0.86,0.02,0.42,0.40,-0.10,-0.21,-63.79,2.48,174.68,1.90,255,
23.11,-2.02,-1.32,-1.25,0.86,0.02,0.42,0.39,-0.09,-0.22,-63.74,2.31,175.49,1.90,255,
23.22,-2.10,-1.28,-1.03,0.86,0.02,0.42,0.39,-0.09,-0.18,-63.72,2.03,174.86,1.90,255,
23.34,-2.09,-1.43,-0.98,0.86,0.02,0.42,0.39,-0.09,-0.21,-63.80,2.41,175.36,1.90,255,
23.47,-2.09,-1.35,-1.29,0.86,0.02,0.42,0.39,-0.09,-0.21,-63.86,2.36,175.37,1.90,255,
23.61,-2.24,-1.38,-1.41,0.86,0.02,0.42,0.39,-0.09,-0.20,-63.71,2.57,175.44,1.90,255,
23.72,-2.12,-1.35,-1.20,0.86,0.02,0.43,0.39,-0.09,-0.21,-63.58,2.46,175.78,1.90,255,
23.86,-2.14,-1.27,-1.04,0.86,0.02,0.42,0.39,-0.09,-0.21,-63.78,2.39,175.24,1.90,255,
24.01,-2.13,-1.39,-1.29,0.86,0.02,0.42,0.40,-0.10,-0.20,-63.80,2.39,174.88,1.90,255,
24.13,-2.21,-1.47,-1.34,0.86,0.02,0.42,0.39,-0.09,-0.20,-63.81,2.33,175.65,1.90,255,
24.25,-2.04,-1.29,-1.48,0.86,0.02,0.43,0.39,-0.09,-0.21,-63.66,2.23,175.13,1.90,255,
24.37,-2.17,-1.37,-1.38,0.86,0.02,0.43,0.39,-0.09,-0.21,-63.71,2.44,175.32,1.90,255,
24.53,-2.23,-1.53,-1.23,0.86,0.02,0.42,0.39,-0.09,-0.21,-63.73,2.04,175.40,1.90,255,
24.65,-2.16,-1.28,-1.14,0.86,0.02,0.42,0.39,-0.09,-0.21,-63.79,2.37,175.21,1.90,255,
24.76,-2.06,-1.57,-1.19,0.86,0.02,0.43,0.39,-0.10,-0.21,-63.71,2.31,174.45,1.90,255,
24.93,-2.18,-1.40,-1.53,0.86,0.02,0.42,0.39,-0.09,-0.21,-63.78,2.50,175.20,1.90,255,
25.05,-2.04,-1.41,-1.30,0.86,0.02,0.42,0.39,-0.09,-0.21,-63.86,2.66,176.12,1.90,255,
25.18,-2.17,-1.31,-1.42,0.86,0.02,0.43,0.39,-0.09,-0.21,-63.58,2.31,175.83,1.90,255,
25.30,-2.02,-1.46,-1.29,0.86,0.02,0.42,0.39,-0.09,-0.22,-63.73,2.36,175.34,1.90,255,
25.41,-2.08,-1.39,-1.26,0.86,0.02,0.43,0.39,-0.10,-0.21,-63.59,2.17,174.79,1.90,255,
25.57,-2.09,-1.38,-1.55,0.86,0.01,0.42,0.39,-0.09,-0.21,-63.71,1.79,175.82,1.90,255,
25.68,-2.08,-1.22,-1.14,0.86,0.02,0.43,0.39,-0.09,-0.21,-63.65,2.35,175.18,1.90,255,
25.80,-2.01,-1.47,-1.22,0.86,0.02,0.43,0.39,-0.09,-0.21,-63.69,2.28,175.33,1.90,255,
25.96,-2.27,-1.35,-1.32,0.84,0.02,0.42,0.39,-0.09,-0.21,-63.27,2.55,175.63,1.90,255,
26.09,-2.02,-1.26,-1.24,0.86,0.02,0.42,0.39,-0.09,-0.21,-63.84,2.29,175.46,1.90,255,
26.20,-2.16,-1.19,-1.20,0.86,0.02,0.42,0.39,-0.09,-0.21,-63.91,2.32,175.79,1.90,255,
26.35,-2.24,-1.32,-1.32,0.86,0.02,0.42,0.39,-0.09,-0.21,-63.73,2.58,175.17,1.90,255,
26.47,-2.10,-1.38,-1.26,0.86,0.01,0.43,0.40,-0.09,-0.21,-63.69,2.01,175.31,1.90,255,
26.58,-2.11,-1.41,-1.02,0.86,0.02,0.43,0.39,-0.10,-0.21,-63.68,2.46,174.77,1.90,255,
26.74,-2.25,-1.41,-1.35,0.86,0.02,0.43,0.39,-0.09,-0.21,-63.74,2.04,175.44,1.90,255,
26.86,-1.95,-1.36,-1.23,0.86,0.02,0.43,0.39,-0.09,-0.21,-63.59,2.29,175.55,1.90,255,
26.97,-2.12,-1.29,-1.05,0.86,0.02,0.42,0.39,-0.09,-0.21,-63.74,2.41,175.84,1.90,255,
27.11,-2.07,-1.43,-1.32,0.86,0.02,0.43,0.39,-0.09,-0.21,-63.58,2.08,175.48,1.90,255,
27.23,-2.23,-1.24,-1.09,0.86,0.02,0.42,0.39,-0.09,-0.21,-63.80,2.39,175.50,1.90,255,
27.36,-2.07,-1.37,-1.17,0.86,0.02,0.43,0.39,-0.09,-0.21,-63.67,2.27,175.76,1.90,255,
27.50,-2.05,-1.52,-1.50,0.86,0.02,0.42,0.40,-0.09,-0.22,-63.80,2.48,176.19,1.90,255,
27.62,-2.18,-1.35,-1.47,0.86,0.02,0.42,0.39,-0.10,-0.21,-63.69,2.42,174.85,1.90,255,
27.75,-1.94,-1.38,-1.29,0.86,0.02,0.42,0.39,-0.09,-0.22,-63.66,2.16,176.11,1.90,255,
27.90,-2.18,-1.23,-1.28,0.86,0.02,0.42,0.39,-0.10,-0.22,-63.73,2.43,174.91,1.90,255,
28.02,-2.15,-1.49,-1.09,0.86,0.02,0.43,0.39,-0.09,-0.21,-63.65,2.61,175.26,1.90,255,
28.17,-1.83,-1.37,-1.15,0.86,0.02,0.43,0.39,-0.09,-0.22,-63.58,2.34,175.29,1.90,255,
28.29,-2.12,-1.41,-1.40,0.84,0.02,0.43,0.39,-0.08,-0.22,-63.16,2.37,176.35,1.90,255,
28.43,-2.15,-1.30,-1.21,0.86,0.02,0.43,0.39,-0.09,-0.21,-63.75,2.56,176.11,1.90,255,
28.55,-2.00,-1.32,-1.14,0.86,0.02,0.42,0.39,-0.09,-0.21,-63.86,2.42,175.79,1.90,255,
28.66,-0.26,-1.22,-1.43,0.86,0.02,0.42,0.39,-0.09,-0.21,-63.89,2.45,175.88,1.90,255,
28.80,-2.06,-1.14,-1.30,0.86,0.02,0.43,0.40,-0.09,-0.21,-63.63,2.21,176.38,1.90,255,
28.94,-2.11,-1.46,-1.32,0.86,0.02,0.43,0.39,-0.09,-0.21,-63.77,2.41,175.32,1.90,255,
29.06,-2.32,-1.19,-1.24,0.86,0.02,0.42,0.39,-0.09,-0.22,-63.84,2.08,175.90,1.90,255,
29.17,-2.15,-1.32,-1.09,0.86,0.02,0.42,0.40,-0.09,-0.22,-63.82,2.29,175.56,1.90,255,
29.32,-2.21,-1.32,-1.32,0.86,0.02,0.43,0.39,-0.10,-0.21,-63.68,2.32,174.60,1.90,255,
29.44,-1.98,-1.36,-1.32,0.87,0.02,0.43,0.40,-0.10,-0.21,-63.97,2.16,174.62,1.90,255,
29.57,-2.05,-1.30,-1.27,0.86,0.02,0.42,0.39,-0.09,-0.22,-63.77,2.48,175.99,1.90,255,
29.69,-1.96,-1.38,-1.35,0.86,0.02,0.43,0.39,-0.09,-0.22,-63.54,2.15,175.16,1.90,255,
29.85,-2.12,-1.47,-1.50,0.86,0.02,0.42,0.39,-0.10,-0.22,-63.79,2.23,174.70,1.90,255,
29.96,-1.97,-1.29,-1.23,0.86,0.02,0.43,0.39,-0.09,-0.21,-63.65,2.28,175.30,1.90,255,
30.09,-2.09,-1.29,-1.15,0.86,0.02,0.42,0.39,-0.09,-0.21,-63.79,2.61,175.77,1.90,255,
30.21,-2.24,-1.41,-1.32,0.86,0.02,0.43,0.39,-0.10,-0.22,-63.64,2.17,174.13,1.90,255,
30.36,-2.18,-1.44,-1.14,0.86,0.02,0.43,0.39,-0.09,-0.21,-63.62,2.54,175.19,1.90,255,
30.48,-2.28,-1.34,-1.18,0.86,0.02,0.42,0.39,-0.09,-0.21,-63.86,2.21,175.11,1.90,255,
30.63,-1.91,-1.33,-1.16,0.86,0.02,0.42,0.39,-0.09,-0.21,-63.77,2.57,175.57,1.90,255,
30.73,-2.18,-1.38,-1.22,0.86,0.02,0.42,0.39,-0.09,-0.21,-63.85,2.51,176.22,1.90,255,
30.89,-2.19,-1.39,-1.34,0.86,0.02,0.42,0.40,-0.09,-0.21,-63.80,2.19,175.40,1.90,255,
31.02,-2.04,-1.29,-1.17,0.86,0.02,0.43,0.39,-0.09,-0.21,-63.69,2.25,175.73,1.90,255,
31.15,-2.09,-1.35,-1.01,0.86,0.02,0.42,0.40,-0.09,-0.22,-63.89,2.41,175.75,1.90,255,
31.26,-1.83,-1.44,-1.10,0.86,0.01,0.43,0.39,-0.09,-0.21,-63.59,2.01,175.97,1.90,255,
31.41,-1.99,-1.24,-1.23,0.86,0.02,0.42,0.39,-0.09,-0.21,-63.78,2.49,175.13,1.90,255,
31.53,-2.11,-1.42,-1.20,0.86,0.02,0.43,0.39,-0.10,-0.21,-63.72,2.29,174.93,1.90,255,
31.64,-1.97,-1.57,-1.17,0.86,0.02,0.42,0.39,-0.09,-0.21,-63.90,2.23,175.09,1.90,255,
31.77,-2.27,-1.29,-1.23,0.84,0.02,0.42,0.39,-0.09,-0.21,-63.31,2.64,175.18,1.90,255,
31.93,-2.07,-1.39,-1.27,0.86,0.02,0.43,0.39,-0.09,-0.20,-63.56,2.49,175.84,1.90,255,
32.06,-2.22,-1.32,-1.17,0.86,0.02,0.43,0.39,-0.10,-0.21,-63.59,2.50,174.95,1.90,255,
32.17,-2.09,-1.17,-1.38,0.86,0.02,0.42,0.39,-0.09,-0.21,-63.78,2.32,175.42,1.90,255,
32.30,-2.15,-1.38,-1.08,0.86,0.02,0.42,0.39,-0.09,-0.21,-63.78,2.34,175.38,1.90,255,
32.42,-1.95,-1.41,-1.21,0.86,0.02,0.42,0.39,-0.09,-0.21,-63.79,2.29,175.62,1.90,255,
32.57,-2.06,-1.33,-1.03,0.86,0.02,0.42,0.40,-0.10,-0.21,-63.72,2.21,174.82,1.90,255,
32.68,-2.18,-1.38,-1.35,0.86,0.02,0.43,0.39,-0.10,-0.21,-63.65,2.45,174.52,1.90,255,
32.83,-2.11,-1.43,-1.04,0.86,0.02,0.43,0.39,-0.10,-0.21,-63.71,2.63,174.89,1.90,255,
32.94,-2.05,-1.23,-1.33,0.85,0.02,0.42,0.40,-0.09,-0.22,-63.62,2.75,175.12,1.90,255,
33.09,-2.17,-1.14,-1.16,0.86,0.02,0.43,0.36,-0.09,-0.21,-63.60,2.18,174.41,1.90,255,
33.21,-2.10,-1.48,-1.45,0.86,0.02,0.42,0.39,-0.09,-0.21,-63.79,2.37,175.13,1.90,255,
33.33,-2.06,-1.23,-1.35,0.86,0.02,0.42,0.39,-0.09,-0.21,-63.76,2.31,175.47,1.90,255,
33.46,-2.39,-1.46,-1.16,0.86,0.02,0.42,0.39,-0.09,-0.21,-63.82,2.43,175.59,1.90,255,
33.61,-1.87,-1.40,-1.17,0.86,0.02,0.42,0.39,-0.09,-0.21,-63.78,2.31,175.75,1.90,255,
33.74,-2.14,-1.35,-1.47,0.86,0.02,0.42,0.40,-0.09,-0.21,-64.01,2.31,175.67,1.90,255,
33.86,-2.06,-1.44,-1.27,0.86,0.02,0.42,0.39,-0.09,-0.22,-63.87,2.29,175.86,1.90,255,
33.98,-2.27,-1.45,-1.23,0.86,0.02,0.42,0.39,-0.09,-0.22,-63.73,2.31,175.71,1.90,255,
34.13,-2.11,-1.26,-1.05,0.86,0.02,0.43,0.39,-0.09,-0.21,-63.53,2.26,175.83,1.90,255,
34.26,-2.30,-1.36,-1.32,0.86,0.02,0.42,0.39,-0.08,-0.20,-63.73,2.32,176.35,1.90,255,
34.38,-1.94,-1.44,-1.23,0.86,0.02,0.42,0.39,-0.09,-0.21,-63.70,2.57,175.95,1.90,255,
34.50,-2.21,-1.39,-1.11,0.86,0.02,0.43,0.39,-0.09,-0.21,-63.75,2.35,175.64,1.90,255,
34.66,-2.10,-1.33,-1.13,0.86,0.02,0.43,0.39,-0.09,-0.22,-63.63,2.23,175.46,1.90,255,
34.78,-2.03,-1.11,-1.12,0.86,0.02,0.41,0.40,-0.09,-0.22,-64.52,2.37,175.25,1.90,255,
34.89,-2.26,-1.51,-1.23,0.86,0.03,0.42,0.39,-0.09,-0.22,-63.77,4.12,175.35,1.90,255,
35.04,-2.09,-1.61,-1.14,0.86,0.02,0.42,0.39,-0.09,-0.22,-63.70,2.29,175.52,1.90,255,
35.16,-2.30,-1.38,-1.12,0.86,0.02,0.42,0.39,-0.10,-0.21,-63.82,2.08,174.94,1.90,255,
35.28,-2.06,-1.50,-1.14,0.86,0.02,0.42,0.39,-0.09,-0.21,-63.86,2.51,175.22,1.90,255,
35.41,-2.09,-1.55,-1.15,0.86,0.02,0.43,0.39,-0.09,-0.22,-63.62,2.35,175.21,1.90,255,
35.53,-2.21,-1.41,-1.29,0.86,0.02,0.42,0.39,-0.09,-0.21,-63.79,2.60,175.64,1.90,255,
35.68,-2.26,-1.41,-1.25,0.86,0.02,0.42,0.39,-0.09,-0.21,-63.86,2.30,175.40,1.90,255,
35.80,-2.09,-1.35,-1.10,0.86,0.02,0.42,0.39,-0.09,-0.21,-63.75,2.07,175.78,1.90,255,
35.95,-2.23,-1.31,-1.30,0.86,0.02,0.42,0.39,-0.09,-0.21,-63.75,2.35,175.13,1.90,255,
36.07,-2.12,-1.31,-1.06,0.86,0.02,0.42,0.39,-0.09,-0.21,-63.79,2.46,175.44,1.90,255,
36.18,-2.21,-1.27,-1.23,0.86,0.02,0.43,0.39,-0.09,-0.22,-63.69,2.35,175.71,1.90,255,
36.31,-2.16,-1.45,-1.03,0.86,0.02,0.42,0.39,-0.10,-0.22,-63.81,2.20,174.69,1.90,255,
36.47,-2.18,-1.36,-1.29,0.86,0.02,0.43,0.39,-0.09,-0.21,-63.63,2.22,175.36,1.90,255,
36.59,-2.10,-1.44,-1.14,0.86,0.02,0.42,0.39,-0.09,-0.21,-63.84,2.22,175.38,1.90,255,
36.70,-2.24,-1.47,-1.10,0.86,0.02,0.43,0.39,-0.09,-0.21,-63.63,2.34,175.65,1.90,255,
36.84,-2.20,-1.47,-1.17,0.86,0.02,0.42,0.39,-0.09,-0.21,-63.75,2.33,175.32,1.90,255,
36.99,-2.06,-1.29,-1.30,0.86,0.02,0.42,0.40,-0.09,-0.21,-63.74,2.27,175.27,1.90,255,
37.11,-2.19,-1.51,-1.08,0.86,0.02,0.42,0.39,-0.09,-0.22,-63.97,2.33,175.21,1.90,255,
37.24,-2.21,-1.20,-1.38,0.86,0.02,0.42,0.39,-0.09,-0.22,-63.80,2.39,175.53,1.90,255,
37.38,-2.23,-1.43,-1.09,0.86,0.02,0.42,0.39,-0.09,-0.21,-63.77,2.28,174.80,1.90,255,
37.50,-2.22,-1.47,-1.19,0.86,0.02,0.42,0.39,-0.10,-0.22,-63.71,2.38,174.37,1.90,255,
37.62,-2.09,-1.42,-1.35,0.86,0.02,0.42,0.39,-0.09,-0.21,-63.71,2.54,175.16,1.90,255,
37.77,-3.76,-1.52,-1.42,0.86,0.02,0.42,0.39,-0.09,-0.21,-63.77,2.36,175.02,1.90,255,
37.87,-2.11,-1.41,-1.29,0.86,0.02,0.42,0.39,-0.09,-0.21,-63.68,2.48,175.28,1.90,255,
38.02,-2.27,-1.32,-1.20,0.86,0.02,0.43,0.39,-0.09,-0.20,-63.70,2.37,175.77,1.90,255,
38.15,-2.12,-1.29,-1.26,0.86,0.02,0.42,0.39,-0.09,-0.21,-63.71,2.29,175.54,1.90,255,
38.27,-2.12,-1.59,-1.20,0.86,0.02,0.42,0.39,-0.09,-0.21,-63.78,2.42,175.38,1.90,255,
38.39,-2.21,-1.34,-1.19,0.86,0.02,0.42,0.39,-0.10,-0.22,-63.80,2.27,174.75,1.90,255,
38.54,-1.88,-1.41,-1.26,0.86,0.02,0.43,0.39,-0.09,-0.22,-63.60,2.26,175.53,1.90,255,
38.67,-2.28,-1.21,-1.34,0.86,0.02,0.42,0.39,-0.09,-0.21,-63.77,2.50,175.91,1.90,255,
38.79,-2.32,-1.20,-1.14,0.86,0.02,0.43,0.39,-0.09,-0.21,-63.59,2.30,175.25,1.90,255,
38.91,-2.25,-1.32,-1.59,0.86,0.02,0.43,0.40,-0.09,-0.21,-63.70,2.49,175.24,1.90,255,
39.06,-2.16,-1.33,-1.40,0.86,0.02,0.42,0.39,-0.09,-0.21,-63.71,2.32,175.47,1.90,255,
39.19,-2.25,-1.47,-1.23,0.86,0.02,0.42,0.40,-0.09,-0.21,-63.72,2.38,175.88,1.90,255,
39.31,-2.15,-1.44,-1.33,0.86,0.02,0.42,0.39,-0.09,-0.22,-63.69,2.27,175.76,1.90,255,
39.43,-2.09,-1.35,-1.26,0.86,0.02,0.43,0.39,-0.09,-0.22,-63.61,2.32,175.02,1.90,255,
39.58,-2.10,-1.29,-1.41,0.86,0.02,0.42,0.39,-0.09,-0.21,-63.85,2.37,175.36,1.90,255,
39.70,-2.03,-1.44,-1.14,0.86,0.02,0.43,0.39,-0.09,-0.21,-63.58,2.11,175.78,1.90,255,
39.82,-2.23,-1.29,-1.43,0.86,0.02,0.42,0.39,-0.09,-0.22,-63.87,2.27,175.03,1.90,255,
39.97,-2.27,-1.36,-1.16,0.86,0.02,0.42,0.39,-0.09,-0.21,-63.72,2.39,175.05,1.90,255,
40.10,-2.36,-1.46,-1.38,0.86,0.02,0.42,0.39,-0.09,-0.22,-63.70,2.38,175.02,1.90,255,
40.22,-1.94,-1.17,-1.25,0.86,0.02,0.42,0.39,-0.09,-0.21,-63.72,2.42,175.69,1.90,255,
40.34,-2.15,-1.29,-1.18,0.86,0.02,0.42,0.39,-0.09,-0.21,-63.81,2.56,175.91,1.90,255,
40.49,-2.16,-1.41,-1.30,0.86,0.02,0.42,0.39,-0.10,-0.21,-63.71,2.45,174.61,1.90,255,
40.61,-1.97,-1.45,-1.41,0.86,0.02,0.42,0.39,-0.09,-0.21,-63.82,2.57,175.11,1.90,255,
40.72,-2.09,-1.20,-1.13,0.86,0.02,0.42,0.39,-0.09,-0.21,-63.73,2.45,175.75,1.90,255,
40.88,-2.00,-1.50,-1.21,0.86,0.02,0.43,0.39,-0.09,-0.21,-63.71,2.06,174.87,1.90,255,
40.99,-2.08,-1.26,-1.13,0.86,0.02,0.42,0.39,-0.09,-0.21,-63.87,2.46,175.32,1.90,255,
41.14,-1.98,-1.13,-1.28,0.86,0.02,0.42,0.39,-0.09,-0.21,-63.76,2.21,175.59,1.90,255,
41.25,-2.19,-1.47,-1.30,0.86,0.02,0.42,0.39,-0.09,-0.21,-63.78,2.35,175.67,1.90,255,
41.38,-1.97,-1.13,-1.22,0.86,0.02,0.42,0.39,-0.09,-0.21,-63.78,2.61,175.46,1.90,255,
41.53,-1.98,-1.43,-1.13,0.86,0.02,0.42,0.40,-0.10,-0.22,-63.73,2.38,175.12,1.90,255,
41.65,-2.10,-1.24,-1.38,0.86,0.02,0.42,0.39,-0.09,-0.20,-63.75,2.49,175.24,1.90,255,
41.76,-2.12,-1.26,-1.08,0.86,0.02,0.42,0.39,-0.09,-0.21,-63.69,2.39,175.66,1.90,255,
41.92,-2.13,-1.37,-1.08,0.86,0.02,0.42,0.40,-0.09,-0.20,-63.91,2.47,175.83,1.90,255,
42.04,-2.15,-1.08,-1.59,0.86,0.02,0.42,0.39,-0.09,-0.20,-63.79,2.59,174.95,1.90,255,
42.16,-2.20,-1.32,-1.56,0.86,0.02,0.43,0.39,-0.10,-0.21,-63.74,2.40,174.89,1.90,255,
42.31,-2.21,-1.23,-1.26,0.86,0.02,0.42,0.39,-0.09,-0.21,-63.93,2.11,175.04,1.90,255,
42.44,-1.97,-1.33,-1.35,0.86,0.02,0.43,0.39,-0.09,-0.21,-63.62,2.25,175.19,1.90,255,
42.56,-2.15,-1.22,-1.39,0.86,0.02,0.43,0.39,-0.09,-0.18,-63.69,2.16,175.23,1.90,255,
42.67,-2.08,-1.53,-1.23,0.86,0.02,0.43,0.39,-0.09,-0.21,-63.66,2.43,175.07,1.90,255,
42.82,-2.24,-1.17,-1.22,0.86,0.02,0.42,0.39,-0.09,-0.21,-63.77,2.16,175.62,1.90,255,
42.94,-1.97,-1.58,-1.45,0.86,0.02,0.44,0.39,-0.09,-0.20,-63.05,2.40,175.77,1.90,255,
43.09,-2.42,-1.45,-1.20,0.86,0.02,0.42,0.39,-0.10,-0.21,-63.73,2.58,174.97,1.90,255,
43.20,-2.09,-1.35,-1.11,0.86,0.02,0.43,0.39,-0.09,-0.21,-63.69,2.57,175.58,1.90,255,
43.32,-2.12,-1.37,-1.12,0.86,0.02,0.43,0.39,-0.09,-0.21,-63.54,2.31,176.09,1.90,255,
43.47,-2.25,-1.36,-1.20,0.86,0.02,0.42,0.39,-0.09,-0.20,-63.79,2.46,176.20,1.90,255,
43.60,-2.33,-1.23,-1.40,0.86,0.02,0.43,0.39,-0.09,-0.21,-63.69,2.15,175.62,1.90,255,
43.71,-2.14,-1.38,-1.39,0.86,0.02,0.43,0.39,-0.09,-0.21,-63.74,2.26,175.14,1.90,255,
43.86,-2.20,-1.54,-1.14,0.86,0.02,0.42,0.39,-0.09,-0.21,-63.65,2.25,175.77,1.90,255,
44.01,-2.07,-1.53,-1.24,0.86,0.02,0.42,0.39,-0.09,-0.21,-63.75,2.43,176.23,1.90,255,
44.10,-2.55,-1.34,-1.29,0.86,0.02,0.42,0.39,-0.09,-0.21,-63.82,2.27,175.40,1.90,255,
44.25,-2.30,-1.44,-1.21,0.86,0.02,0.42,0.40,-0.09,-0.21,-63.65,2.59,176.06,1.90,255,
44.37,-2.11,-1.35,-1.17,0.86,0.02,0.42,0.39,-0.09,-0.20,-63.79,2.42,175.15,1.90,255,
44.49,-2.29,-1.40,-1.26,0.86,0.02,0.42,0.39,-0.09,-0.21,-63.71,2.20,174.98,1.90,255,
44.64,-2.27,-1.42,-1.12,0.86,0.02,0.42,0.39,-0.10,-0.22,-63.79,2.70,174.63,1.90,255,
44.75,-2.18,-1.27,-1.35,0.86,0.02,0.42,0.39,-0.09,-0.20,-63.72,2.24,176.15,1.90,255,
44.90,-2.33,-1.38,-1.35,0.86,0.02,0.43,0.39,-0.09,-0.21,-63.68,2.18,175.06,1.90,255,
45.02,-2.32,-1.48,-1.26,0.86,0.02,0.43,0.39,-0.09,-0.21,-63.72,2.43,175.19,1.90,255,
45.13,-2.18,-1.35,-1.46,0.86,0.02,0.43,0.39,-0.09,-0.21,-63.71,2.42,175.92,1.90,255,
45.29,-2.09,-1.33,-1.08,0.86,0.02,0.42,0.40,-0.09,-0.21,-63.73,2.21,176.14,1.90,255,
45.41,-2.01,-1.43,-1.32,0.86,0.02,0.42,0.39,-0.09,-0.20,-64.00,2.39,175.49,1.90,255,
45.53,-2.15,-1.43,-1.42,0.86,0.02,0.43,0.39,-0.09,-0.21,-63.64,2.16,175.11,1.90,255,
45.68,-2.22,-1.47,-1.20,0.85,0.02,0.42,0.39,-0.09,-0.21,-63.49,2.43,175.52,1.90,255,
45.80,-2.19,-1.38,-1.02,0.86,0.02,0.43,0.39,-0.09,-0.21,-63.67,2.31,175.77,1.90,255,
45.94,-2.04,-1.26,-1.29,0.86,0.02,0.42,0.39,-0.09,-0.21,-63.75,2.46,175.61,1.90,255,
46.07,-2.20,-1.52,-1.64,0.86,0.02,0.43,0.39,-0.09,-0.21,-63.70,2.30,175.95,1.90,255,
46.18,-2.10,-1.29,-1.49,0.86,0.02,0.42,0.39,-0.09,-0.21,-63.73,2.34,175.46,1.90,255,
46.33,-1.97,-1.35,-1.11,0.86,0.02,0.42,0.40,-0.10,-0.21,-63.84,2.43,174.50,1.90,255,
46.44,-2.07,-1.27,-1.06,0.86,0.02,0.42,0.39,-0.10,-0.21,-63.79,2.14,174.48,1.90,255,
46.57,-2.13,-1.35,-1.24,0.86,0.02,0.42,0.39,-0.09,-0.21,-63.87,2.43,175.00,1.90,255,
46.72,-2.18,-1.37,-1.20,0.86,0.02,0.43,0.39,-0.09,-0.21,-63.68,2.32,175.28,1.90,255,
46.84,-2.24,-1.41,-1.09,0.86,0.02,0.42,0.39,-0.10,-0.22,-63.96,2.36,174.82,1.90,255,
46.95,-2.14,-1.34,-1.39,0.86,0.01,0.42,0.39,-0.09,-0.21,-63.72,1.97,174.95,1.90,255,
47.11,-2.29,-1.55,-1.38,0.86,0.02,0.43,0.39,-0.10,-0.21,-63.57,2.50,174.87,1.90,255,
47.23,-2.23,-1.42,-1.44,0.86,0.02,0.42,0.39,-0.09,-0.21,-63.74,2.46,175.39,1.90,255,
47.34,-2.32,-1.48,-1.53,0.86,0.02,0.43,0.39,-0.09,-0.22,-63.74,2.15,175.34,1.90,255,
47.49,-2.06,-1.33,-0.96,0.86,0.02,0.43,0.39,-0.09,-0.21,-63.62,2.38,175.79,1.90,255,
47.60,-2.07,-1.39,-1.25,0.86,0.02,0.43,0.39,-0.09,-0.20,-63.69,2.34,175.76,1.90,255,
47.76,-2.06,-1.34,-1.39,0.86,0.00,0.42,0.39,-0.09,-0.21,-63.83,0.07,175.19,1.90,255,
47.88,-2.19,-1.47,-1.39,0.86,0.02,0.42,0.39,-0.09,-0.21,-63.89,2.60,175.17,1.90,255,
47.99,-2.16,-1.22,-1.42,0.86,0.02,0.43,0.39,-0.09,-0.21,-63.66,2.16,174.85,1.90,255,
48.14,-1.98,-1.19,-0.97,0.86,0.02,0.43,0.39,-0.09,-0.21,-63.57,2.28,175.18,1.90,255,
48.26,-2.03,-1.37,-1.32,0.86,0.01,0.42,0.39,-0.09,-0.21,-63.79,1.96,175.08,1.90,255,
48.38,-2.03,-1.53,-1.45,0.86,0.02,0.43,0.39,-0.09,-0.21,-63.68,2.57,175.67,1.90,255,
48.53,-2.09,-1.32,-1.43,0.86,0.02,0.43,0.39,-0.09,-0.21,-63.66,2.48,175.43,1.90,255,
48.65,-2.13,-1.44,-1.17,0.86,0.02,0.43,0.39,-0.09,-0.20,-63.69,2.28,175.57,1.90,255,
48.77,-2.27,-1.42,-1.14,0.86,0.02,0.43,0.39,-0.09,-0.21,-63.64,2.32,175.39,1.90,255,
48.90,-2.16,-1.32,-1.18,0.86,0.02,0.42,0.39,-0.09,-0.21,-63.88,2.48,175.82,1.90,255,
49.05,-2.16,-1.46,-1.20,0.86,0.02,0.43,0.39,-0.09,-0.21,-63.46,2.40,175.14,1.90,255,
49.16,-1.98,-1.31,-1.23,0.86,0.02,0.43,0.39,-0.09,-0.21,-63.63,2.19,175.51,1.90,255,
49.31,-2.22,-1.53,-1.15,0.86,0.02,0.42,0.39,-0.09,-0.21,-63.72,2.29,175.23,1.90,255,
49.43,-2.03,-1.16,-1.14,0.86,0.02,0.42,0.39,-0.09,-0.21,-63.80,2.47,175.21,1.90,255,
49.55,-2.37,-1.55,-1.25,0.86,0.02,0.43,0.39,-0.09,-0.22,-63.69,2.50,174.82,1.90,255,
49.70,-2.16,-1.44,-1.24,0.86,0.01,0.42,0.38,-0.09,-0.21,-63.73,1.95,174.82,1.90,255,
49.81,-2.26,-1.24,-1.13,0.86,0.02,0.42,0.39,-0.09,-0.21,-63.90,2.35,175.34,1.90,255,
49.94,-2.35,-1.29,-1.21,0.86,0.02,0.43,0.39,-0.09,-0.21,-63.70,2.45,175.86,1.90,255,
50.09,-2.11,-1.30,-1.24,0.86,0.02,0.42,0.39,-0.09,-0.21,-63.75,2.50,175.36,1.90,255,
50.21,-2.27,-1.29,-1.36,0.86,0.02,0.43,0.38,-0.09,-0.21,-63.65,2.61,175.54,1.90,255,
50.35,-2.19,-1.32,-1.22,0.86,0.02,0.42,0.39,-0.09,-0.22,-63.73,2.36,175.86,1.90,255,
50.47,-2.22,-1.38,-1.35,0.86,0.02,0.43,0.39,-0.08,-0.22,-63.70,2.18,176.41,1.90,255,
50.61,-2.19,-1.45,-1.44,0.86,0.02,0.43,0.39,-0.09,-0.21,-63.62,2.33,174.94,1.90,255,
50.73,-2.23,-1.42,-1.22,0.86,0.02,0.43,0.39,-0.09,-0.21,-63.55,2.44,175.62,1.90,255,
50.85,-2.06,-1.32,-1.24,0.86,0.02,0.42,0.39,-0.09,-0.22,-63.73,2.29,175.96,1.90,255,
51.00,-1.94,-1.29,-1.33,0.86,0.02,0.43,0.39,-0.09,-0.21,-63.76,2.12,175.90,1.90,255,
51.12,-2.00,-1.40,-1.57,0.86,0.02,0.42,0.39,-0.09,-0.21,-63.80,2.39,175.49,1.90,255,
51.24,-2.04,-1.35,-1.20,0.86,0.02,0.43,0.39,-0.09,-0.21,-63.63,2.22,175.35,1.90,255,
51.37,-2.18,-1.32,-1.30,0.86,0.02,0.42,0.38,-0.09,-0.21,-63.76,2.70,175.47,1.90,255,
51.52,-2.16,-1.29,-1.49,0.84,0.02,0.43,0.39,-0.09,-0.21,-63.27,2.22,175.17,1.90,255,
51.64,-2.14,-1.36,-1.40,0.86,0.02,0.42,0.39,-0.10,-0.22,-63.79,2.49,174.71,1.90,255,
51.76,-1.97,-1.33,-1.12,0.86,0.02,0.42,0.39,-0.09,-0.21,-63.72,2.49,175.23,1.90,255,
51.91,-2.12,-1.67,-1.38,0.86,0.02,0.43,0.39,-0.10,-0.22,-63.60,2.42,174.86,1.90,255,
52.03,-2.27,-1.35,-1.37,0.86,0.02,0.43,0.39,-0.09,-0.22,-63.71,2.22,175.14,1.90,255,
52.14,-2.18,-1.11,-1.11,0.86,0.02,0.42,0.39,-0.09,-0.21,-63.76,2.26,175.44,1.90,255,
52.27,-1.87,-1.26,-0.95,0.86,0.02,0.43,0.39,-0.09,-0.22,-63.63,2.61,175.15,1.90,255,
52.42,-2.24,-1.51,-1.32,0.86,0.02,0.42,0.39,-0.09,-0.21,-63.93,2.47,175.38,1.90,255,
52.55,-2.11,-1.37,-1.16,0.86,0.02,0.42,0.39,-0.09,-0.21,-63.97,2.46,175.47,1.90,255,
52.66,-2.29,-1.29,-1.34,0.86,0.02,0.43,0.39,-0.09,-0.21,-63.68,2.55,176.23,1.90,255,
52.79,-2.01,-1.23,-1.14,0.86,0.02,0.42,0.39,-0.09,-0.22,-63.87,2.46,175.61,1.90,255,
52.92,-1.98,-1.38,-1.35,0.86,0.02,0.42,0.39,-0.09,-0.21,-63.73,2.41,175.45,1.90,255,
53.05,-2.08,-1.20,-1.28,0.86,0.02,0.42,0.39,-0.09,-0.22,-63.79,2.44,175.94,1.90,255,
53.21,-2.21,-1.35,-1.28,0.86,0.02,0.42,0.39,-0.09,-0.22,-63.79,2.51,175.68,1.90,255,
53.32,-2.30,-1.35,-1.13,0.86,0.02,0.42,0.39,-0.09,-0.21,-63.78,2.35,175.42,1.90,255,
53.44,-2.15,-1.46,-1.05,0.86,0.02,0.42,0.38,-0.09,-0.22,-63.81,2.37,174.88,1.90,255,
53.59,-2.39,-1.40,-1.22,0.86,0.03,0.43,0.39,-0.09,-0.21,-63.63,3.95,175.56,1.90,255,
53.71,-2.12,-1.00,-1.28,0.86,0.02,0.42,0.39,-0.09,-0.21,-63.85,2.47,175.04,1.90,255,
53.85,-2.34,-1.35,-1.24,0.87,0.02,0.43,0.39,-0.10,-0.21,-63.93,2.55,174.78,1.90,255,
53.97,-2.06,-1.34,-1.67,0.86,0.02,0.43,0.38,-0.10,-0.22,-63.58,2.10,174.66,1.90,255,
54.09,-2.29,-1.31,-1.29,0.86,0.02,0.43,0.39,-0.09,-0.22,-63.74,2.32,175.11,1.90,255,
54.25,-2.24,-1.29,-1.41,0.86,0.02,0.43,0.39,-0.10,-0.22,-63.67,2.31,174.35,1.90,255,
54.36,-1.93,-1.26,-0.95,0.86,0.02,0.43,0.39,-0.09,-0.22,-63.77,2.36,175.25,1.90,255,
54.50,-2.29,-1.41,-1.14,0.86,0.02,0.43,0.39,-0.09,-0.21,-63.68,2.24,175.17,1.90,255,
54.61,-2.00,-1.17,-1.11,0.86,0.02,0.42,0.39,-0.09,-0.21,-63.76,2.25,175.50,1.90,255,
54.76,-2.25,-1.14,-1.14,0.86,0.03,0.43,0.39,-0.09,-0.21,-63.57,4.16,175.47,1.90,255,
54.88,-2.19,-1.41,-1.26,0.84,0.02,0.43,0.39,-0.09,-0.21,-63.21,2.17,175.61,1.90,255,
55.00,-2.12,-1.41,-1.10,0.86,0.02,0.42,0.39,-0.09,-0.21,-63.71,2.47,175.57,1.90,255,
55.15,-2.08,-1.38,-1.24,0.87,0.02,0.43,0.39,-0.09,-0.21,-63.84,2.34,175.43,1.90,255,
55.28,-2.00,-1.29,-1.21,0.86,0.02,0.43,0.39,-0.09,-0.20,-63.69,2.38,175.72,1.90,255,
55.39,-2.24,-1.35,-1.54,0.86,0.02,0.42,0.39,-0.09,-0.20,-63.77,2.31,175.04,1.90,255,
55.54,-2.09,-1.47,-1.25,0.86,0.02,0.42,0.39,-0.10,-0.21,-63.75,2.37,174.75,1.90,255,
55.66,-2.21,-1.32,-1.16,0.86,0.02,0.42,0.39,-0.09,-0.20,-63.78,2.46,175.41,1.90,255,
55.80,-2.08,-1.51,-1.42,0.86,0.02,0.43,0.39,-0.09,-0.22,-63.69,2.39,175.16,1.90,255,
55.92,-2.18,-1.51,-1.35,0.86,0.02,0.43,0.39,-0.09,-0.21,-63.57,2.39,175.59,1.90,255,
56.04,-2.29,-1.33,-1.22,0.86,0.02,0.42,0.39,-0.09,-0.22,-63.76,2.56,175.81,1.90,255,
56.17,-2.03,-1.41,-1.21,0.86,0.02,0.43,0.39,-0.09,-0.21,-63.65,2.21,175.66,1.90,255,
56.30,-2.07,-1.38,-1.29,0.86,0.02,0.42,0.39,-0.10,-0.22,-63.80,2.45,174.66,1.90,255,
56.43,-2.04,-1.47,-1.17,0.86,0.02,0.42,0.39,-0.10,-0.22,-63.78,2.15,174.64,1.90,255,
56.56,-2.09,-1.19,-1.24,0.86,0.02,0.42,0.39,-0.09,-0.21,-63.95,2.30,174.91,1.90,255,
56.69,-2.29,-1.52,-1.20,0.86,0.02,0.42,0.38,-0.09,-0.22,-63.79,2.29,174.99,1.90,255,
56.83,-2.16,-1.61,-1.31,0.86,0.02,0.43,0.39,-0.09,-0.21,-63.65,2.35,175.50,1.90,255,
56.95,-2.21,-1.59,-1.11,0.86,0.02,0.42,0.39,-0.09,-0.22,-63.79,2.24,175.41,1.90,255,
57.10,-2.40,-1.29,-1.08,0.86,0.02,0.42,0.39,-0.09,-0.21,-63.78,2.40,175.49,1.90,255,
57.22,-2.34,-1.45,-1.18,0.86,0.02,0.43,0.38,-0.08,-0.21,-63.65,2.22,176.12,1.90,255,
57.34,-2.19,-1.29,-1.18,0.86,0.02,0.42,0.39,-0.09,-0.21,-63.76,2.27,175.18,1.90,255,
57.48,-2.26,-1.31,-1.16,0.86,0.01,0.43,0.39,-0.09,-0.21,-63.55,2.00,175.63,1.90,255,
57.59,-2.19,-1.31,-1.26,0.86,0.02,0.43,0.39,-0.09,-0.22,-63.67,2.56,175.53,1.90,255,
57.73,-2.18,-1.62,-1.45,0.86,0.02,0.42,0.39,-0.09,-0.22,-63.73,2.51,175.74,1.90,255,
57.88,-2.24,-1.34,-1.39,0.86,0.02,0.43,0.39,-0.09,-0.22,-63.66,2.35,175.19,1.90,255,
57.99,-2.24,-1.38,-1.29,0.86,0.02,0.43,0.39,-0.09,-0.21,-63.64,2.56,175.26,1.90,255,
58.25,-2.10,-1.35,-1.09,0.86,0.02,0.42,0.39,-0.09,-0.22,-63.72,2.19,175.25,1.90,255,
58.39,-2.24,-1.56,-1.26,0.84,0.02,0.42,0.39,-0.09,-0.21,-63.37,2.40,175.50,1.90,255,
58.52,-2.01,-1.38,-1.12,0.86,0.02,0.42,0.39,-0.10,-0.21,-63.76,2.29,174.56,1.90,255,
58.57,-2.19,-1.17,-1.23,0.86,0.02,0.42,0.38,-0.09,-0.21,-63.83,2.51,175.26,1.90,255,
58.66,-2.34,-1.28,-1.21,0.86,0.02,0.42,0.38,-0.09,-0.22,-63.93,2.32,175.71,1.90,255,
58.78,-1.94,-1.37,-1.16,0.86,0.02,0.42,0.39,-0.09,-0.21,-63.74,2.37,175.23,1.90,255,
58.92,-2.18,-1.44,-1.36,0.86,0.01,0.43,0.39,-0.10,-0.22,-63.71,1.98,174.68,1.90,255,
59.04,-2.03,-1.41,-1.33,0.86,0.02,0.42,0.39,-0.09,-0.22,-63.79,2.06,175.08,1.90,255,
59.15,-2.04,-1.41,-1.17,0.86,0.02,0.43,0.38,-0.09,-0.22,-63.56,2.38,174.88,1.90,255,
59.31,-2.25,-1.23,-1.18,0.86,0.02,0.43,0.39,-0.09,-0.21,-63.53,2.23,174.78,1.90,255,
59.41,-2.16,-1.26,-1.32,0.86,0.02,0.43,0.39,-0.09,-0.21,-63.63,2.64,175.35,1.90,255,
59.54,-2.30,-1.26,-1.12,0.86,0.02,0.42,0.39,-0.09,-0.21,-63.98,2.19,175.57,1.90,255,
59.67,-2.05,-1.42,-1.21,0.86,0.02,0.43,0.39,-0.09,-0.22,-63.65,2.19,175.78,1.90,255,
59.80,-0.08,-1.27,-1.30,0.86,0.02,0.43,0.38,-0.09,-0.22,-63.63,2.35,174.89,1.90,255,
59.93,-2.28,-1.38,-1.30,0.86,0.02,0.42,0.38,-0.09,-0.22,-63.82,2.26,175.25,1.90,255,
60.08,-2.30,-1.52,-1.27,0.86,0.02,0.42,0.38,-0.09,-0.22,-63.70,2.30,175.36,1.90,255,
60.20,-2.17,-1.32,-1.20,0.86,0.02,0.42,0.38,-0.09,-0.21,-63.66,2.29,175.28,1.90,255,
60.32,-2.18,-1.32,-1.15,0.86,0.02,0.42,0.39,-0.09,-0.21,-63.83,2.43,175.75,1.90,255,
60.47,-2.03,-1.29,-1.29,0.86,0.02,0.42,0.38,-0.09,-0.22,-63.76,2.61,175.52,1.90,255,
60.60,-2.23,-1.23,-1.26,0.86,0.02,0.43,0.39,-0.09,-0.21,-63.65,2.55,176.16,1.90,255,
60.73,-2.28,-1.44,-1.20,0.86,0.02,0.43,0.39,-0.09,-0.21,-63.58,2.26,175.26,1.90,255,
60.84,-2.37,-1.37,-1.03,0.86,0.02,0.42,0.39,-0.09,-0.21,-63.73,2.65,175.57,1.90,255,
60.96,-2.00,-1.35,-1.28,0.86,0.02,0.43,0.39,-0.10,-0.22,-63.72,2.51,174.64,1.90,255,
61.12,-2.34,-1.26,-1.26,0.86,0.02,0.43,0.39,-0.09,-0.21,-63.66,2.23,175.20,1.90,255,
61.23,-2.29,-1.41,-1.30,0.86,0.02,0.43,0.39,-0.10,-0.22,-63.69,2.60,174.62,1.90,255,
61.36,-2.20,-1.58,-1.19,0.86,0.02,0.43,0.38,-0.10,-0.21,-63.63,2.52,174.41,1.90,255,
61.51,-2.28,-1.23,-1.37,0.86,0.02,0.41,0.39,-0.09,-0.22,-64.62,2.49,175.28,1.90,255,
61.63,-2.01,-1.22,-1.23,0.86,0.02,0.42,0.39,-0.09,-0.22,-63.90,2.23,175.54,1.90,255,
61.75,-1.97,-1.39,-1.29,0.86,0.02,0.42,0.39,-0.09,-0.22,-63.84,2.53,175.43,1.90,255,
61.87,-1.97,-1.36,-1.36,0.86,0.02,0.42,0.39,-0.09,-0.22,-63.82,2.51,175.63,1.90,255,
62.03,-2.15,-1.21,-1.48,0.86,0.02,0.42,0.40,-0.09,-0.21,-63.92,2.61,175.91,1.90,255,
62.14,-2.30,-1.28,-1.22,0.86,0.02,0.42,0.39,-0.09,-0.21,-63.89,2.28,176.06,1.90,255,
62.26,-2.13,-1.40,-1.37,0.86,0.02,0.42,0.39,-0.09,-0.21,-63.79,2.20,175.12,1.90,255,
62.42,-2.03,-1.38,-1.23,0.86,0.02,0.42,0.39,-0.09,-0.21,-63.77,2.22,175.39,1.90,255,
62.54,-2.20,-1.38,-1.30,0.86,0.02,0.43,0.38,-0.09,-0.22,-63.59,2.45,174.86,1.90,255,
62.65,-2.31,-1.41,-1.24,0.86,0.02,0.43,0.38,-0.09,-0.21,-63.55,2.26,175.24,1.90,255,
62.80,-2.09,-1.41,-1.24,0.86,0.02,0.43,0.38,-0.09,-0.21,-63.61,2.45,175.55,1.90,255,
62.92,-2.12,-1.29,-0.99,0.86,0.03,0.43,0.39,-0.10,-0.22,-63.61,4.14,174.63,1.90,255,
63.07,-2.26,-1.23,-1.26,0.86,0.02,0.42,0.39,-0.09,-0.22,-63.80,2.28,175.70,1.90,255,
63.19,-1.94,-1.54,-1.37,0.86,0.02,0.43,0.39,-0.09,-0.22,-63.68,2.22,175.33,1.90,255,
63.30,-2.08,-1.24,-1.30,0.86,0.02,0.43,0.39,-0.08,-0.22,-63.71,2.20,176.25,1.90,255,
63.45,-2.24,-1.33,-1.24,0.86,0.02,0.42,0.39,-0.09,-0.22,-63.72,2.34,175.18,1.90,255,
63.56,-2.18,-1.44,-1.09,0.86,0.02,0.42,0.39,-0.09,-0.21,-63.73,2.40,175.19,1.90,255,
63.71,-2.05,-1.51,-1.46,0.86,0.02,0.42,0.39,-0.09,-0.22,-63.81,2.51,174.89,1.90,255,
63.83,-2.33,-1.26,-1.27,0.86,0.02,0.42,0.39,-0.10,-0.21,-63.76,2.22,174.26,1.90,255,
63.95,-2.24,-1.26,-1.29,0.86,0.02,0.43,0.39,-0.10,-0.22,-63.60,2.41,174.84,1.90,255,
64.10,-2.20,-1.50,-1.25,0.86,0.02,0.43,0.39,-0.09,-0.21,-63.64,2.13,175.41,1.90,255,
64.22,-2.20,-1.29,-1.32,0.86,0.02,0.42,0.39,-0.09,-0.21,-63.92,2.46,175.58,1.90,255,
64.34,-2.29,-1.35,-1.04,0.86,0.01,0.42,0.39,-0.09,-0.22,-63.73,1.81,175.22,1.90,255,
64.49,-2.09,-1.34,-1.14,0.86,0.02,0.42,0.39,-0.09,-0.21,-63.71,2.22,175.55,1.90,255,
64.61,-2.30,-1.41,-1.21,0.86,0.02,0.43,0.39,-0.09,-0.21,-63.72,2.25,175.88,1.90,255,
64.73,-1.99,-1.41,-1.33,0.86,0.02,0.43,0.39,-0.09,-0.22,-63.72,2.29,174.92,1.90,255,
64.88,-1.97,-1.38,-1.17,0.86,0.02,0.42,0.39,-0.09,-0.22,-63.76,2.33,175.28,1.90,255,
64.99,-2.14,-1.41,-1.12,0.86,0.02,0.41,0.39,-0.09,-0.21,-64.55,2.43,174.85,1.90,255,
65.12,-2.14,-1.29,-1.18,0.86,0.02,0.42,0.39,-0.09,-0.22,-63.84,2.28,175.04,1.90,255,
65.25,-2.11,-1.41,-1.17,0.86,0.02,0.42,0.40,-0.09,-0.22,-63.75,2.40,175.20,1.90,255,
65.38,-2.25,-1.27,-1.18,0.86,0.02,0.42,0.39,-0.09,-0.22,-63.90,2.62,175.11,1.90,255,
65.51,-2.12,-1.36,-1.37,0.86,0.02,0.43,0.39,-0.10,-0.22,-63.58,2.56,174.81,1.90,255,
65.64,-2.21,-1.42,-1.30,0.86,0.02,0.42,0.39,-0.10,-0.22,-63.76,2.91,174.70,1.90,255,
65.79,-2.21,-1.43,-1.36,0.86,0.01,0.42,0.39,-0.09,-0.22,-63.75,2.01,175.05,1.90,255,
65.91,-2.30,-1.14,-1.25,0.86,0.02,0.42,0.39,-0.10,-0.21,-63.73,2.33,174.81,1.90,255,
66.03,-1.93,-1.50,-1.03,0.86,0.02,0.43,0.39,-0.10,-0.21,-63.67,2.36,174.24,1.90,255,
66.18,-2.16,-1.35,-1.20,0.86,0.02,0.42,0.39,-0.10,-0.21,-63.77,2.64,174.49,1.90,255,
66.30,-2.25,-1.56,-1.11,0.86,0.02,0.42,0.39,-0.09,-0.22,-63.77,2.47,174.81,1.90,255,
66.44,-2.11,-1.59,-1.35,0.86,0.02,0.42,0.39,-0.09,-0.21,-63.86,2.24,175.40,1.90,255,
66.55,-2.26,-1.52,-1.34,0.86,0.01,0.43,0.39,-0.09,-0.21,-63.54,1.98,175.35,1.90,255,
66.67,-2.14,-1.33,-1.38,0.86,0.02,0.42,0.39,-0.09,-0.21,-63.78,2.28,174.86,1.90,255,
66.81,-2.06,-1.12,-1.08,0.86,0.02,0.42,0.39,-0.09,-0.21,-63.76,2.16,175.58,1.90,255,
66.94,-2.06,-1.53,-1.17,0.86,0.02,0.42,0.39,-0.09,-0.21,-63.74,2.23,175.75,1.90,255,
67.07,-2.07,-1.31,-0.98,0.86,0.02,0.43,0.38,-0.09,-0.21,-63.69,2.30,175.62,1.90,255,
67.23,-2.19,-1.34,-1.32,0.86,0.02,0.42,0.39,-0.09,-0.21,-63.76,2.14,175.32,1.90,255,
67.35,-2.24,-1.29,-1.04,0.86,0.02,0.42,0.39,-0.09,-0.21,-63.75,2.46,175.53,1.90,255,
67.48,-2.15,-1.48,-0.86,0.86,0.02,0.42,0.39,-0.10,-0.21,-63.76,2.54,174.85,1.90,255,
67.58,-2.29,-1.35,-1.45,0.86,0.02,0.42,0.39,-0.09,-0.20,-63.98,2.42,176.03,1.90,255,
67.71,-2.12,-1.20,-1.17,0.86,0.02,0.42,0.39,-0.09,-0.21,-63.75,2.58,175.56,1.90,255,
67.85,-2.14,-1.29,-1.07,0.86,0.01,0.42,0.39,-0.09,-0.21,-63.92,2.02,175.28,1.90,255,
68.00,-2.23,-1.43,-1.22,0.86,0.02,0.43,0.38,-0.08,-0.21,-63.68,2.34,176.26,1.90,255,
68.12,-1.98,-1.26,-1.29,0.86,0.02,0.43,0.39,-0.09,-0.22,-63.74,2.45,174.79,1.90,255,
68.23,-2.12,-1.34,-1.23,0.86,0.02,0.42,0.38,-0.10,-0.21,-63.72,2.37,174.35,1.90,255,
68.39,-2.06,-1.61,-1.23,0.86,0.02,0.43,0.39,-0.09,-0.21,-63.68,2.20,175.28,1.90,255,
68.49,-2.23,-1.44,-1.23,0.86,0.02,0.42,0.39,-0.09,-0.21,-63.78,2.38,175.17,1.90,255,
68.64,-2.12,-1.48,-1.26,0.86,0.02,0.42,0.38,-0.09,-0.21,-63.72,2.26,174.97,1.90,255,
68.75,-2.12,-1.25,-1.10,0.86,0.02,0.42,0.38,-0.09,-0.21,-63.74,2.55,175.93,1.90,255,
68.91,-2.24,-1.44,-0.95,0.86,0.02,0.42,0.39,-0.09,-0.21,-63.78,2.59,175.34,1.90,255,
69.02,-2.15,-1.42,-1.29,0.86,0.02,0.43,0.39,-0.09,-0.22,-63.72,2.20,175.54,1.90,255,
69.14,-2.28,-1.31,-1.21,0.86,0.02,0.42,0.39,-0.09,-0.22,-63.66,2.51,175.19,1.90,255,
69.29,-2.24,-1.39,-1.00,0.86,0.02,0.42,0.39,-0.09,-0.21,-63.73,2.22,175.80,1.90,255,
69.43,-2.34,-1.26,-1.21,0.86,0.02,0.42,0.39,-0.09,-0.22,-63.84,2.43,176.00,1.90,255,
69.55,-2.39,-1.19,-1.28,0.86,0.02,0.42,0.39,-0.09,-0.21,-63.78,2.58,176.18,1.90,255,
69.67,-2.28,-1.35,-1.30,0.86,0.02,0.43,0.38,-0.09,-0.21,-63.58,2.47,175.64,1.90,255,
69.81,-2.24,-1.36,-1.39,0.86,0.02,0.42,0.39,-0.09,-0.21,-63.77,2.41,175.24,1.90,255,
69.94,-2.03,-1.24,-1.08,0.86,0.02,0.42,0.39,-0.09,-0.21,-63.69,2.46,175.83,1.90,255,
70.07,-2.12,-1.29,-1.42,0.86,0.03,0.42,0.39,-0.09,-0.22,-63.81,4.17,175.37,1.90,255,
70.19,-2.14,-1.28,-1.33,0.86,0.02,0.43,0.39,-0.09,-0.22,-63.65,2.36,175.06,1.90,255,
70.32,-2.18,-1.47,-1.43,0.86,0.02,0.43,0.39,-0.09,-0.22,-63.69,2.30,175.14,1.90,255,
70.46,-2.18,-1.29,-1.29,0.86,0.02,0.42,0.38,-0.09,-0.22,-63.82,2.22,175.51,1.90,255,
70.58,-1.94,-1.37,-1.20,0.86,0.02,0.43,0.39,-0.09,-0.22,-63.58,2.44,176.06,1.90,255,
70.71,-2.26,-1.39,-1.35,0.86,0.02,0.43,0.39,-0.09,-0.21,-63.74,2.43,175.25,1.90,255,
70.86,-2.07,-1.32,-1.32,0.86,0.02,0.43,0.39,-0.09,-0.21,-63.62,2.27,175.56,1.90,255,
70.98,-1.87,-1.10,-1.29,0.86,0.02,0.43,0.39,-0.09,-0.22,-63.71,2.11,175.38,1.90,255,
71.11,-1.89,-1.31,-1.33,0.86,0.02,0.42,0.38,-0.09,-0.18,-63.86,2.30,175.34,1.90,255,
71.24,-2.20,-1.20,-1.09,0.86,0.02,0.42,0.39,-0.09,-0.21,-63.79,2.45,175.72,1.90,255,
71.35,-2.14,-1.50,-1.23,0.86,0.02,0.42,0.38,-0.09,-0.21,-63.77,2.28,174.66,1.90,255,
71.50,-2.12,-1.29,-1.15,0.86,0.02,0.42,0.39,-0.09,-0.22,-63.85,2.11,175.31,1.90,255,
71.63,-2.17,-1.29,-1.03,0.86,0.02,0.43,0.39,-0.09,-0.22,-63.60,2.60,176.04,1.90,255,
71.76,-2.23,-1.23,-1.49,0.86,0.02,0.42,0.39,-0.09,-0.21,-63.70,2.37,175.65,1.90,255,
71.87,-2.24,-1.37,-1.13,0.86,0.02,0.43,0.39,-0.08,-0.22,-63.62,2.45,176.41,1.90,255,
71.99,-2.27,-1.32,-1.20,0.86,0.02,0.43,0.39,-0.09,-0.21,-63.56,2.11,175.78,1.90,255,
72.13,-2.24,-1.51,-1.32,0.86,0.02,0.42,0.39,-0.09,-0.21,-63.89,2.68,176.14,1.90,255,
72.26,-2.24,-1.35,-1.00,0.86,0.02,0.43,0.39,-0.09,-0.21,-63.52,2.41,175.34,1.90,255,
72.38,-2.24,-1.64,-1.34,0.86,0.02,0.43,0.39,-0.09,-0.22,-63.68,2.21,175.05,1.90,255,
72.51,-2.27,-1.35,-1.24,0.86,0.02,0.42,0.39,-0.09,-0.21,-63.93,2.56,175.25,1.90,255,
72.67,-2.21,-1.37,-1.24,0.86,0.02,0.42,0.38,-0.09,-0.21,-63.88,2.35,174.78,1.90,255,
72.79,-2.25,-1.26,-1.11,0.86,0.02,0.42,0.39,-0.10,-0.21,-63.84,2.52,174.65,1.90,255,
72.90,-2.09,-1.47,-1.44,0.86,0.01,0.43,0.39,-0.09,-0.21,-63.64,1.97,175.01,1.90,255,
73.05,-2.17,-1.44,-1.26,0.86,0.02,0.43,0.39,-0.10,-0.22,-63.74,2.29,174.55,1.90,255,
73.17,-2.30,-1.38,-1.19,0.86,0.02,0.43,0.39,-0.09,-0.21,-63.69,2.32,175.32,1.90,255,
73.29,-2.01,-1.32,-1.47,0.86,0.02,0.43,0.39,-0.10,-0.22,-63.65,2.32,174.43,1.90,255,
73.42,-2.24,-1.31,-1.07,0.86,0.02,0.42,0.38,-0.10,-0.22,-63.68,2.54,174.20,1.90,255,
73.58,-1.98,-1.29,-1.41,0.86,0.02,0.42,0.39,-0.09,-0.22,-63.79,2.15,175.23,1.90,255,
73.71,-2.12,-1.41,-1.15,0.86,0.02,0.42,0.39,-0.09,-0.22,-63.76,2.42,175.26,1.90,255,
73.83,-2.01,-1.20,-0.96,0.86,0.02,0.42,0.39,-0.10,-0.21,-63.85,2.34,174.37,1.90,255,
73.96,-2.09,-1.45,-1.21,0.86,0.02,0.43,0.39,-0.09,-0.22,-63.66,2.20,175.31,1.90,255,
74.09,-2.21,-1.32,-1.23,0.86,0.02,0.42,0.39,-0.09,-0.21,-63.77,2.26,175.09,1.90,255,
74.20,-2.13,-1.38,-1.08,0.86,0.02,0.42,0.39,-0.09,-0.21,-63.79,2.20,175.32,1.90,255,
74.35,-1.98,-1.35,-1.33,0.86,0.02,0.42,0.39,-0.09,-0.21,-63.77,2.35,175.01,1.90,255,
74.50,-2.50,-1.48,-1.42,0.86,0.02,0.42,0.39,-0.09,-0.21,-63.74,2.14,174.95,1.90,255,
74.59,-2.03,-1.27,-1.17,0.86,0.02,0.42,0.39,-0.09,-0.22,-63.83,2.54,175.57,1.90,255,
74.75,-2.01,-1.24,-1.28,0.86,0.02,0.43,0.39,-0.09,-0.21,-63.62,2.39,175.77,1.90,255,
74.87,-2.12,-1.32,-1.09,0.86,0.02,0.43,0.39,-0.10,-0.21,-63.45,2.05,174.75,1.90,255,
75.01,-1.90,-1.26,-1.08,0.86,0.02,0.42,0.39,-0.09,-0.21,-63.88,2.62,175.82,1.90,255,
75.11,-2.06,-1.39,-1.04,0.86,0.02,0.43,0.39,-0.09,-0.21,-63.69,2.49,174.86,1.90,255,
75.24,-2.03,-1.36,-1.18,0.86,0.02,0.42,0.38,-0.09,-0.22,-63.78,2.29,174.86,1.90,255,
75.37,-2.05,-1.37,-1.38,0.86,0.02,0.43,0.39,-0.10,-0.21,-63.69,2.45,174.76,1.90,255,
75.50,-2.12,-1.29,-1.14,0.86,0.02,0.43,0.39,-0.09,-0.22,-63.59,2.34,175.54,1.90,255,
75.65,-2.21,-1.37,-1.44,0.86,0.02,0.42,0.38,-0.09,-0.22,-63.78,2.17,175.21,1.90,255,
75.78,-2.17,-1.14,-0.94,0.86,0.02,0.43,0.39,-0.09,-0.21,-63.71,2.45,175.31,1.90,255,
75.91,-2.29,-1.20,-1.23,0.86,0.02,0.42,0.39,-0.10,-0.21,-63.67,2.40,174.60,1.90,255,
76.03,-2.12,-1.28,-1.19,0.86,0.02,0.42,0.39,-0.09,-0.21,-63.88,2.43,175.12,1.90,255,
76.16,-2.39,-1.18,-1.16,0.86,0.02,0.43,0.38,-0.09,-0.21,-63.75,2.05,174.62,1.90,255,
76.29,-2.22,-1.32,-1.11,0.86,0.02,0.42,0.39,-0.09,-0.20,-63.76,2.48,175.21,1.90,255,
76.41,-2.09,-1.26,-1.27,0.86,0.02,0.42,0.39,-0.09,-0.21,-63.81,2.16,175.60,1.90,255,
76.55,-2.09,-1.34,-1.25,0.86,0.02,0.42,0.39,-0.09,-0.21,-63.76,2.41,175.83,1.90,255,
76.67,-2.01,-1.45,-0.91,0.86,0.02,0.42,0.39,-0.09,-0.20,-63.82,2.51,175.46,1.90,255,
76.80,-2.12,-1.35,-1.35,0.86,0.02,0.43,0.39,-0.09,-0.21,-63.74,2.38,175.35,1.90,255,
76.95,-2.10,-1.29,-1.32,0.86,0.02,0.42,0.39,-0.09,-0.20,-63.71,2.27,175.58,1.90,255,
77.07,-2.29,-1.43,-0.92,0.86,0.02,0.42,0.39,-0.09,-0.20,-63.70,2.50,175.09,1.90,255,
77.20,-2.00,-1.26,-1.35,0.86,0.00,0.43,0.39,-0.09,-0.21,-63.65,0.43,174.98,1.90,255,
77.33,-2.09,-1.38,-1.20,0.86,0.02,0.42,0.39,-0.09,-0.21,-63.82,2.54,175.62,1.90,255,
77.46,-2.18,-1.25,-1.07,0.86,0.02,0.42,0.39,-0.09,-0.22,-63.78,2.24,175.12,1.90,255,
77.60,-2.22,-1.33,-1.19,0.86,0.02,0.43,0.39,-0.09,-0.21,-63.67,2.39,175.66,1.90,255,
77.73,-2.20,-1.26,-1.14,0.86,0.02,0.42,0.39,-0.09,-0.21,-63.79,2.11,175.33,1.90,255,
77.85,-2.29,-1.19,-1.45,0.86,0.02,0.42,0.39,-0.10,-0.20,-63.71,2.37,174.60,1.90,255,
77.99,-2.08,-1.54,-1.38,0.86,0.02,0.42,0.40,-0.10,-0.21,-63.79,2.19,174.70,1.90,255,
78.11,-2.29,-1.29,-1.16,0.86,0.02,0.43,0.39,-0.10,-0.21,-63.52,2.10,174.72,1.90,255,
78.25,-2.12,-1.34,-1.16,0.86,0.02,0.42,0.39,-0.09,-0.21,-63.74,2.44,175.02,1.90,255,
78.38,-2.13,-1.27,-1.19,0.86,0.02,0.42,0.39,-0.10,-0.21,-63.70,2.35,174.72,1.90,255,
78.51,-2.30,-1.34,-1.35,0.86,0.02,0.42,0.39,-0.09,-0.21,-63.68,2.54,175.18,1.90,255,
78.64,-2.03,-1.39,-1.13,0.87,0.02,0.43,0.39,-0.09,-0.21,-64.02,2.47,175.84,1.90,255,
78.75,-2.21,-1.41,-0.97,0.86,0.02,0.42,0.39,-0.09,-0.20,-63.80,2.35,175.48,1.90,255,
78.89,-2.24,-1.51,-1.30,0.86,0.02,0.42,0.39,-0.09,-0.21,-63.72,2.21,175.75,1.90,255,
79.01,-2.20,-1.20,-1.41,0.86,0.02,0.42,0.39,-0.09,-0.21,-63.81,2.49,176.18,1.90,255,
79.15,-2.27,-1.28,-1.15,0.86,0.02,0.42,0.39,-0.09,-0.21,-63.72,2.49,175.52,1.90,255,
79.28,-2.48,-1.39,-1.49,0.86,0.02,0.42,0.39,-0.09,-0.21,-63.79,2.30,175.73,1.90,255,
79.41,-2.20,-1.34,-1.15,0.86,0.02,0.42,0.39,-0.09,-0.21,-63.89,2.25,175.14,1.90,255,
79.54,-2.07,-1.40,-0.84,0.86,0.02,0.42,0.39,-0.08,-0.20,-63.73,2.39,176.25,1.90,255,
79.67,-2.12,-1.33,-1.13,0.86,0.02,0.42,0.39,-0.09,-0.21,-63.87,2.34,175.72,1.90,255,
79.80,-2.15,-1.38,-1.20,0.86,0.02,0.43,0.39,-0.10,-0.21,-63.57,2.31,174.67,1.90,255,
79.94,-2.23,-1.24,-1.03,0.86,0.02,0.42,0.39,-0.09,-0.20,-63.89,2.51,175.36,1.90,255,
80.04,-2.08,-1.44,-1.24,0.86,0.01,0.42,0.39,-0.10,-0.21,-63.68,2.00,174.55,1.90,255,
80.17,-2.06,-1.29,-1.17,0.86,0.02,0.42,0.39,-0.09,-0.22,-63.79,2.49,175.27,1.90,255,
80.32,-1.98,-1.47,-0.96,0.86,0.02,0.42,0.39,-0.09,-0.22,-63.78,2.13,174.91,1.90,255,
80.44,-2.31,-1.31,-1.35,0.86,0.01,0.43,0.39,-0.10,-0.21,-63.71,1.92,174.78,1.90,255,
80.58,-2.03,-1.08,-1.22,0.86,0.02,0.42,0.39,-0.10,-0.22,-63.80,2.42,174.99,1.90,255,
80.69,-2.18,-1.34,-1.26,0.86,0.02,0.42,0.39,-0.09,-0.22,-63.74,2.38,175.09,1.90,255,
80.83,-2.16,-1.36,-1.08,0.86,0.02,0.42,0.39,-0.09,-0.21,-63.81,2.30,175.37,1.90,255,
80.97,-2.14,-1.23,-1.14,0.86,0.02,0.43,0.39,-0.10,-0.22,-63.60,2.41,174.49,1.90,255,
81.10,-2.29,-1.38,-1.30,0.86,0.02,0.42,0.39,-0.09,-0.21,-64.00,2.49,175.44,1.90,255,
81.23,-2.18,-1.32,-1.37,0.87,0.02,0.43,0.39,-0.09,-0.20,-64.00,2.05,175.12,1.90,255,
81.35,-2.30,-1.23,-1.02,0.86,0.02,0.43,0.39,-0.09,-0.21,-63.75,2.60,175.18,1.90,255,
81.49,-2.14,-1.39,-1.35,0.86,0.02,0.42,0.39,-0.09,-0.21,-63.83,2.51,175.30,1.90,255,
81.59,-1.99,-1.26,-1.26,0.86,0.02,0.43,0.39,-0.09,-0.22,-63.62,2.36,175.13,1.90,255,
81.73,-1.97,-1.30,-1.02,0.86,0.02,0.42,0.39,-0.09,-0.21,-63.67,2.39,176.00,1.90,255,
81.88,-2.16,-1.55,-1.25,0.86,0.02,0.43,0.39,-0.09,-0.22,-63.63,2.40,175.35,1.90,255,
82.00,-2.35,-1.59,-1.40,0.86,0.02,0.42,0.39,-0.09,-0.21,-63.74,2.29,175.65,1.90,255,
82.13,-2.20,-1.24,-1.14,0.86,0.02,0.42,0.39,-0.09,-0.21,-63.83,2.29,175.15,1.90,255,
82.24,-2.33,-1.43,-1.26,0.86,0.00,0.43,0.39,-0.09,-0.21,-63.68,0.13,175.96,1.90,255,
82.38,-2.20,-1.38,-1.11,0.86,0.02,0.42,0.39,-0.09,-0.21,-63.86,2.42,176.22,1.90,255,
82.52,-1.97,-1.39,-1.15,0.86,0.02,0.43,0.39,-0.09,-0.20,-63.59,2.08,175.55,1.90,255,
82.64,-2.18,-1.20,-1.38,0.86,0.02,0.42,0.39,-0.09,-0.22,-63.70,2.41,175.74,1.90,255,
82.79,-1.94,-1.30,-0.99,0.86,0.02,0.42,0.39,-0.09,-0.21,-63.82,2.77,175.52,1.90,255,
82.92,-2.10,-1.35,-1.15,0.86,0.02,0.43,0.39,-0.09,-0.22,-63.64,2.35,175.04,1.90,255,
83.04,-2.12,-1.20,-1.40,0.86,0.02,0.42,0.39,-0.09,-0.22,-63.85,2.28,175.38,1.90,255,
83.16,-2.09,-1.28,-1.23,0.86,0.02,0.42,0.39,-0.09,-0.18,-63.84,2.42,175.27,1.90,255,
83.28,-2.07,-1.32,-1.02,0.86,0.02,0.43,0.40,-0.09,-0.21,-63.69,2.11,175.60,1.90,255,
83.42,-2.10,-1.18,-1.05,0.86,0.02,0.42,0.40,-0.09,-0.20,-63.81,2.29,175.36,1.90,255,
83.55,-2.05,-1.47,-1.23,0.86,0.02,0.42,0.39,-0.09,-0.21,-63.68,2.03,175.31,1.90,255,
83.67,-1.90,-1.20,-1.08,0.86,0.02,0.43,0.39,-0.10,-0.21,-63.61,2.30,174.73,1.90,255,
83.83,-2.24,-1.32,-1.26,0.86,0.02,0.42,0.40,-0.09,-0.21,-63.78,2.17,176.02,1.90,255,
83.95,-2.08,-1.24,-1.17,0.86,0.02,0.42,0.40,-0.09,-0.21,-63.78,2.15,175.67,1.90,255,
84.06,-2.36,-1.21,-1.33,0.86,0.02,0.42,0.39,-0.09,-0.21,-63.80,2.55,175.75,1.90,255,
84.24,-1.97,-1.41,-1.19,0.86,0.02,0.42,0.39,-0.09,-0.21,-63.79,2.29,176.26,1.90,255,
84.34,-2.33,-1.32,-1.20,0.86,0.02,0.42,0.40,-0.09,-0.21,-63.71,2.39,176.16,1.90,255,
84.45,-2.24,-1.40,-1.19,0.86,0.02,0.42,0.39,-0.10,-0.21,-63.77,2.21,174.99,1.90,255,
84.58,-2.08,-1.19,-1.36,0.86,0.02,0.42,0.39,-0.08,-0.21,-63.75,2.66,176.54,1.90,255,
84.72,-2.18,-1.35,-1.37,0.86,0.02,0.43,0.39,-0.09,-0.21,-63.66,2.27,175.87,1.90,255,
84.85,-2.04,-1.50,-1.43,0.86,0.02,0.43,0.39,-0.08,-0.22,-63.65,2.28,176.52,1.90,255,
84.99,-2.15,-1.29,-1.00,0.86,0.02,0.42,0.39,-0.09,-0.21,-63.78,2.13,175.75,1.90,255,
85.10,-2.26,-1.39,-1.32,0.86,0.02,0.42,0.39,-0.09,-0.21,-63.81,2.34,175.66,1.90,255,
85.23,-2.25,-1.39,-1.22,0.86,0.02,0.42,0.39,-0.10,-0.22,-63.92,2.70,174.85,1.90,255,
85.36,-2.16,-1.40,-1.42,0.86,0.02,0.42,0.39,-0.09,-0.21,-63.73,2.30,175.82,1.90,255,
85.49,-2.41,-1.41,-1.29,0.86,0.02,0.42,0.39,-0.09,-0.21,-63.88,2.29,175.19,1.90,255,
85.62,-2.27,-1.39,-1.42,0.86,0.01,0.42,0.39,-0.09,-0.22,-63.70,1.86,175.18,1.90,255,
85.76,-2.36,-1.49,-1.32,0.86,0.02,0.43,0.39,-0.09,-0.22,-63.70,2.17,175.28,1.90,255,
85.88,-2.10,-1.24,-1.18,0.86,0.02,0.43,0.39,-0.09,-0.22,-63.59,2.29,176.05,1.90,255,
86.03,-2.06,-1.53,-1.28,0.86,0.02,0.42,0.39,-0.09,-0.21,-63.81,2.36,176.03,1.90,255,
86.15,-2.07,-1.55,-0.99,0.86,0.02,0.43,0.39,-0.09,-0.21,-63.69,2.35,175.78,1.90,255,
86.30,-2.17,-1.43,-1.28,0.87,0.02,0.42,0.39,-0.09,-0.21,-64.10,2.36,175.80,1.90,255,
86.42,-2.31,-1.35,-1.35,0.86,0.02,0.42,0.39,-0.09,-0.22,-63.71,2.33,175.53,1.90,255,
86.55,-1.90,-1.26,-1.12,0.86,0.01,0.42,0.39,-0.09,-0.22,-63.83,1.90,175.60,1.90,255,
86.69,-2.04,-1.58,-1.14,0.86,0.02,0.42,0.40,-0.08,-0.22,-63.79,2.23,176.55,1.90,255,
86.79,-2.02,-1.20,-1.34,0.86,0.02,0.43,0.39,-0.08,-0.22,-63.64,2.25,176.60,1.90,255,
86.94,-2.36,-1.20,-1.23,0.86,0.02,0.42,0.39,-0.09,-0.22,-63.87,2.46,176.07,1.90,255,
87.05,-2.22,-1.34,-1.17,0.86,0.02,0.42,0.39,-0.09,-0.21,-63.67,2.14,176.20,1.90,255,
87.20,-2.25,-1.50,-1.07,0.86,0.02,0.42,0.39,-0.09,-0.21,-63.88,2.09,175.91,1.90,255,
87.31,-2.36,-1.39,-1.22,0.86,0.02,0.43,0.39,-0.08,-0.21,-63.62,2.40,176.43,1.90,255,
87.44,-2.11,-1.30,-1.08,0.86,0.02,0.42,0.40,-0.09,-0.22,-63.68,2.35,176.19,1.90,255,
87.59,-2.21,-1.33,-1.30,0.86,0.02,0.42,0.39,-0.09,-0.22,-63.76,2.22,175.31,1.90,255,
87.70,-2.27,-1.42,-1.48,0.86,0.02,0.43,0.39,-0.09,-0.22,-63.69,2.46,175.43,1.90,255,
87.84,-2.03,-1.50,-0.98,0.86,0.02,0.42,0.39,-0.09,-0.22,-63.79,2.07,175.54,1.90,255,
87.98,-2.17,-1.37,-1.22,0.86,0.02,0.42,0.39,-0.09,-0.22,-63.64,2.13,175.52,1.90,255,
88.10,-2.13,-1.41,-1.23,0.86,0.02,0.42,0.39,-0.09,-0.21,-63.80,2.41,176.14,1.90,255,
88.22,-2.16,-1.42,-1.26,0.86,0.02,0.42,0.39,-0.09,-0.21,-63.83,2.41,175.05,1.90,255,
88.35,-2.18,-1.25,-1.09,0.86,0.02,0.42,0.39,-0.09,-0.21,-63.79,2.49,175.57,1.90,255,
88.49,-2.24,-1.30,-1.38,0.86,0.02,0.42,0.39,-0.09,-0.20,-63.89,2.30,176.05,1.90,255,
88.62,-2.32,-1.51,-1.13,0.86,0.02,0.42,0.39,-0.09,-0.21,-63.74,2.24,176.05,1.90,255,
88.73,-2.26,-1.35,-1.03,0.85,0.02,0.42,0.39,-0.09,-0.21,-63.46,2.50,175.51,1.90,255,
88.88,-2.26,-1.18,-1.17,0.86,0.02,0.42,0.39,-0.09,-0.22,-63.88,2.40,175.05,1.90,255,
89.03,-2.12,-1.47,-1.14,0.86,0.02,0.42,0.38,-0.09,-0.22,-63.77,2.15,175.47,1.90,255,
89.14,-2.26,-1.17,-1.11,0.86,0.02,0.42,0.39,-0.09,-0.21,-63.79,2.28,175.99,1.90,255,
89.29,-2.16,-1.31,-1.24,0.86,0.02,0.42,0.39,-0.09,-0.22,-63.78,2.11,175.54,1.90,255,
89.41,-2.00,-1.21,-0.95,0.86,0.02,0.42,0.39,-0.09,-0.21,-63.70,2.67,175.91,1.90,255,
89.53,-2.36,-1.26,-1.29,0.86,0.02,0.43,0.39,-0.09,-0.20,-63.61,2.28,175.80,1.90,255,
89.64,-2.31,-1.35,-1.09,0.86,0.02,0.43,0.39,-0.09,-0.20,-63.62,2.45,175.83,1.90,255,
89.78,-2.34,-1.31,-1.27,0.86,0.02,0.43,0.39,-0.09,-0.21,-63.60,2.37,176.28,1.90,255,
89.91,-2.23,-1.40,-1.31,0.86,0.02,0.42,0.39,-0.09,-0.21,-63.71,2.71,175.65,1.90,255,
90.03,-2.51,-1.23,-1.56,0.86,0.02,0.43,0.39,-0.09,-0.21,-63.56,2.34,175.48,1.90,255,
90.17,-2.23,-1.38,-1.41,0.86,0.02,0.42,0.39,-0.09,-0.21,-63.82,2.36,175.57,1.90,255,
90.29,-2.21,-1.26,-1.14,0.86,0.02,0.42,0.39,-0.09,-0.22,-63.67,2.29,175.53,1.90,255,
90.44,-2.28,-1.30,-1.21,0.86,0.02,0.42,0.39,-0.09,-0.21,-63.69,2.07,174.94,1.90,255,
90.56,-2.14,-1.42,-1.33,0.86,0.02,0.43,0.39,-0.08,-0.21,-63.65,2.62,176.44,1.90,255,
90.69,-2.38,-1.49,-1.19,0.86,0.02,0.42,0.39,-0.09,-0.22,-63.77,2.54,175.44,1.90,255,
90.81,-2.24,-1.44,-1.44,0.86,0.02,0.42,0.39,-0.09,-0.22,-63.87,2.55,175.30,1.90,255,
90.95,-2.06,-1.36,-1.09,0.86,0.02,0.42,0.39,-0.09,-0.21,-63.79,2.39,176.02,1.90,255,
91.08,-2.07,-1.41,-1.20,0.86,0.02,0.42,0.39,-0.08,-0.20,-63.79,2.25,176.33,1.90,255,
91.20,-2.18,-1.56,-1.10,0.87,0.02,0.42,0.39,-0.09,-0.21,-64.10,2.27,176.06,1.90,255,
91.35,-2.23,-1.26,-1.11,0.86,0.02,0.42,0.39,-0.09,-0.21,-63.75,2.52,175.58,1.90,255,
91.48,-2.10,-1.35,-1.10,0.86,0.02,0.42,0.39,-0.09,-0.21,-63.73,2.28,175.47,1.90,255,
91.59,-2.30,-1.27,-1.36,0.86,0.02,0.42,0.39,-0.09,-0.22,-63.87,2.24,175.94,1.90,255,
91.72,-2.06,-1.30,-1.38,0.86,0.02,0.43,0.39,-0.09,-0.22,-63.61,2.07,175.09,1.90,255,
91.87,-2.45,-1.28,-1.37,0.86,0.02,0.42,0.39,-0.09,-0.21,-63.76,2.66,175.46,1.90,255,
91.98,-2.21,-1.26,-1.36,0.86,0.02,0.42,0.39,-0.09,-0.21,-63.74,2.47,175.35,1.90,255,
92.12,-2.45,-1.34,-1.48,0.86,0.02,0.42,0.39,-0.09,-0.21,-63.76,2.32,176.09,1.90,255,
92.25,-2.18,-1.35,-1.43,0.86,0.02,0.43,0.39,-0.09,-0.21,-63.59,2.33,175.38,1.90,255,
92.37,-2.21,-1.25,-1.18,0.86,0.02,0.42,0.39,-0.09,-0.21,-63.82,2.36,175.20,1.90,255,
92.49,-2.27,-1.30,-1.06,0.86,0.02,0.42,0.39,-0.09,-0.21,-63.78,2.33,175.59,1.90,255,
92.63,-2.12,-1.53,-0.89,0.86,0.02,0.43,0.39,-0.08,-0.21,-63.71,2.08,176.30,1.90,255,
92.78,-2.07,-1.29,-1.30,0.86,0.02,0.42,0.39,-0.09,-0.21,-63.72,2.57,175.78,1.90,255,
92.91,-2.01,-1.35,-1.14,0.86,0.02,0.42,0.39,-0.09,-0.21,-63.75,2.15,175.16,1.90,255,
93.04,-2.22,-1.41,-1.38,0.86,0.02,0.42,0.39,-0.09,-0.21,-63.84,2.40,175.61,1.90,255,
93.17,-2.42,-1.22,-1.30,0.86,0.02,0.42,0.39,-0.08,-0.22,-63.82,2.44,176.74,1.90,255,
93.29,-2.01,-1.36,-1.14,0.86,0.02,0.42,0.39,-0.08,-0.21,-63.76,2.26,176.22,1.90,255,
93.43,-2.12,-1.23,-1.17,0.86,0.02,0.43,0.39,-0.10,-0.21,-63.70,2.41,174.71,1.90,255,
93.55,-2.15,-1.30,-1.20,0.86,0.02,0.42,0.39,-0.09,-0.21,-63.65,2.12,175.72,1.90,255,
93.67,-2.18,-1.30,-1.35,0.86,0.02,0.42,0.40,-0.09,-0.20,-63.81,2.35,175.86,1.90,255,
93.80,-2.17,-1.44,-1.29,0.86,0.02,0.42,0.39,-0.09,-0.21,-63.77,2.50,175.79,1.90,255,
93.93,-2.21,-1.41,-1.04,0.86,0.02,0.42,0.39,-0.09,-0.22,-63.87,2.39,175.76,1.90,255,
94.07,-2.19,-1.32,-1.26,0.86,0.01,0.42,0.38,-0.09,-0.21,-63.72,1.98,175.80,1.90,255,
94.21,-2.18,-1.26,-1.29,0.86,0.02,0.42,0.39,-0.09,-0.21,-63.88,2.38,175.19,1.90,255,
94.32,-1.97,-1.37,-1.19,0.86,0.02,0.42,0.39,-0.08,-0.21,-63.70,2.39,176.24,1.90,255,
94.45,-2.20,-1.33,-1.17,0.86,0.02,0.42,0.39,-0.10,-0.21,-63.80,2.42,174.47,1.90,255,
94.58,-2.18,-1.33,-1.13,0.86,0.02,0.42,0.39,-0.09,-0.21,-63.73,2.38,175.65,1.90,255,
94.72,-2.08,-1.37,-1.16,0.86,0.02,0.42,0.39,-0.09,-0.21,-63.71,2.30,175.09,1.90,255,
94.85,-2.08,-1.34,-1.35,0.86,0.02,0.42,0.39,-0.09,-0.22,-63.77,2.22,175.06,1.90,255,
94.98,-2.12,-1.41,-1.35,0.86,0.02,0.42,0.39,-0.09,-0.22,-63.65,2.35,175.60,1.90,255,
95.10,-1.92,-1.40,-1.14,0.86,0.02,0.42,0.39,-0.09,-0.21,-63.69,2.70,175.77,1.90,255,
95.23,-2.15,-1.39,-1.05,0.86,0.02,0.42,0.39,-0.09,-0.21,-63.73,2.33,176.15,1.90,255,
95.36,-2.18,-1.43,-1.47,0.86,0.02,0.43,0.39,-0.09,-0.21,-63.61,2.43,176.24,1.90,255,
95.48,-2.11,-1.25,-1.05,0.86,0.02,0.42,0.39,-0.09,-0.21,-63.84,2.70,176.24,1.90,255,
95.63,-2.32,-1.02,-1.02,0.86,0.02,0.42,0.39,-0.09,-0.21,-63.85,2.37,176.11,1.90,255,
95.76,-2.23,-1.35,-1.49,0.86,0.02,0.42,0.39,-0.08,-0.21,-63.77,2.39,176.56,1.90,255,
95.91,-2.37,-1.38,-1.18,0.86,0.02,0.42,0.40,-0.09,-0.21,-63.80,2.58,176.05,1.90,255,
96.00,-2.19,-1.45,-1.43,0.86,0.02,0.43,0.39,-0.08,-0.21,-63.60,2.15,176.62,1.90,255,
96.13,-2.27,-1.39,-1.60,0.86,0.02,0.43,0.39,-0.09,-0.21,-63.62,2.42,175.89,1.90,255,
96.28,-2.32,-1.38,-1.34,0.86,0.02,0.42,0.39,-0.08,-0.20,-63.70,2.53,176.25,1.90,255,
96.41,-2.24,-1.26,-1.24,0.86,0.02,0.42,0.39,-0.09,-0.21,-63.71,2.18,175.48,1.90,255,
96.52,-2.00,-1.55,-1.23,0.86,0.02,0.43,0.39,-0.09,-0.21,-63.66,2.44,175.66,1.90,255,
96.65,-2.37,-1.33,-1.55,0.86,0.02,0.43,0.38,-0.09,-0.21,-63.58,2.52,176.06,1.90,255,
96.78,-2.02,-1.26,-1.29,0.86,0.02,0.43,0.39,-0.09,-0.21,-63.65,2.08,175.98,1.90,255,
96.91,-2.23,-1.43,-1.35,0.86,0.02,0.43,0.39,-0.09,-0.21,-63.56,2.17,175.37,1.90,255,
97.06,-2.28,-1.43,-1.53,0.86,0.02,0.43,0.39,-0.09,-0.21,-63.67,2.32,175.24,1.90,255,
97.18,-2.13,-1.44,-1.46,0.85,0.02,0.42,0.38,-0.09,-0.20,-63.61,2.35,174.94,1.90,255,
97.32,-2.35,-1.35,-1.25,0.86,0.02,0.42,0.39,-0.09,-0.21,-63.75,2.11,175.11,1.90,255,
97.47,-2.33,-1.29,-1.13,0.86,0.02,0.42,0.39,-0.09,-0.21,-63.75,2.17,175.55,1.90,255,
97.56,-2.36,-1.27,-1.20,0.86,0.02,0.42,0.39,-0.09,-0.21,-63.79,2.40,176.07,1.90,255,
97.69,-2.36,-1.26,-1.24,0.86,0.02,0.43,0.39,-0.09,-0.20,-63.70,2.28,175.60,1.90,255,
97.82,-2.17,-1.31,-0.99,0.86,0.02,0.42,0.39,-0.09,-0.21,-63.71,2.47,175.42,1.90,255,
97.96,-2.19,-1.23,-1.23,0.86,0.02,0.42,0.38,-0.09,-0.20,-63.74,2.56,175.58,1.90,255,
98.08,-2.08,-1.38,-1.23,0.86,0.02,0.43,0.39,-0.09,-0.21,-63.67,2.49,175.94,1.90,255,
98.22,-2.38,-1.41,-1.45,0.86,0.02,0.42,0.39,-0.09,-0.21,-63.93,2.38,175.68,1.90,255,
98.34,-2.19,-1.24,-1.23,0.86,0.02,0.42,0.39,-0.09,-0.21,-63.77,2.20,176.13,1.90,255,
98.48,-1.94,-1.17,-1.29,0.86,0.02,0.43,0.39,-0.09,-0.21,-63.61,2.35,175.91,1.90,255,
98.62,-2.18,-1.35,-1.23,0.86,0.02,0.42,0.38,-0.09,-0.20,-63.72,2.27,175.65,1.90,255,
98.75,-2.03,-1.25,-1.26,0.86,0.02,0.42,0.38,-0.09,-0.21,-63.70,2.20,175.94,1.90,255,
98.86,-2.33,-1.40,-1.41,0.86,0.02,0.42,0.39,-0.08,-0.21,-63.72,2.33,176.64,1.90,255,
99.01,-2.00,-1.26,-1.27,0.86,0.02,0.43,0.39,-0.09,-0.21,-63.68,2.46,175.89,1.90,255,
99.13,-2.14,-1.36,-1.17,0.86,0.02,0.43,0.39,-0.09,-0.21,-63.66,2.23,175.61,1.90,255,
99.24,-2.15,-1.24,-1.04,0.86,0.02,0.43,0.39,-0.08,-0.21,-63.67,2.34,176.46,1.90,255,
99.37,-2.11,-1.31,-1.23,0.86,0.02,0.42,0.39,-0.09,-0.21,-63.86,2.26,175.37,1.90,255,
99.52,-2.09,-1.12,-1.32,0.86,0.02,0.42,0.39,-0.09,-0.21,-63.70,2.26,175.27,1.90,255,
99.63,-2.26,-1.28,-1.23,0.86,0.02,0.42,0.39,-0.09,-0.21,-63.75,2.47,175.45,1.90,255,
99.78,-2.09,-1.23,-1.20,0.86,0.02,0.42,0.39,-0.09,-0.20,-63.73,2.40,175.56,1.90,255,
99.90,-2.48,-1.45,-1.07,0.86,0.02,0.42,0.39,-0.09,-0.21,-63.66,2.36,175.32,1.90,255,
100.05,-2.28,-1.35,-1.33,0.86,0.02,0.43,0.39,-0.09,-0.21,-63.48,2.31,176.15,1.90,255,
100.15,-1.78,-1.39,-1.31,0.86,0.02,0.43,0.39,-0.10,-0.21,-63.68,2.03,174.86,1.90,255,
100.31,-2.28,-1.42,-1.31,0.86,0.02,0.42,0.39,-0.09,-0.21,-63.71,2.12,176.02,1.90,255,
100.42,-2.18,-1.41,-1.08,0.86,0.02,0.42,0.38,-0.09,-0.21,-63.94,2.28,176.09,1.90,255,
100.56,-2.27,-1.42,-1.06,0.86,0.02,0.42,0.39,-0.09,-0.21,-63.95,2.50,176.18,1.90,255,
100.68,-2.15,-1.37,-1.37,0.86,0.02,0.42,0.39,-0.09,-0.21,-63.81,2.55,175.18,1.90,255,
100.80,-2.00,-1.34,-1.14,0.86,0.02,0.43,0.39,-0.09,-0.21,-63.60,2.20,175.48,1.90,255,
100.93,-2.18,-1.41,-1.10,0.86,0.02,0.42,0.39,-0.08,-0.21,-63.72,2.41,176.40,1.90,255,
101.08,-2.14,-1.19,-1.14,0.86,0.02,0.42,0.39,-0.09,-0.21,-63.81,2.37,175.82,1.90,255,
101.22,-2.12,-1.41,-1.17,0.86,0.02,0.42,0.39,-0.09,-0.21,-63.81,2.11,175.98,1.90,255,
101.32,-2.07,-1.47,-1.11,0.86,0.02,0.43,0.39,-0.09,-0.21,-63.62,2.35,175.93,1.90,255,
101.45,-2.31,-1.49,-1.13,0.86,0.02,0.42,0.39,-0.09,-0.21,-63.74,2.35,175.34,1.90,255,
101.58,-2.21,-1.37,-1.45,0.86,0.02,0.42,0.38,-0.09,-0.21,-63.77,2.11,175.51,1.90,255,
101.71,-2.10,-1.46,-1.23,0.86,0.02,0.42,0.38,-0.09,-0.21,-63.72,2.36,175.40,1.90,255,
101.84,-2.08,-1.29,-1.12,0.86,0.02,0.43,0.39,-0.09,-0.20,-63.72,2.03,176.13,1.90,255,
101.97,-2.10,-1.48,-1.07,0.87,0.02,0.42,0.38,-0.09,-0.21,-64.18,2.11,174.91,1.90,255,
102.10,-2.16,-1.54,-1.35,0.86,0.02,0.42,0.39,-0.10,-0.21,-63.83,2.33,174.60,1.90,255,
102.23,-1.97,-1.47,-1.30,0.86,0.02,0.43,0.39,-0.09,-0.21,-63.60,2.21,175.19,1.90,255,
102.38,-2.05,-1.29,-1.04,0.86,0.02,0.43,0.38,-0.09,-0.20,-63.67,2.19,174.81,1.90,255,
102.51,-2.07,-1.20,-1.22,0.86,0.01,0.42,0.38,-0.09,-0.21,-63.79,1.90,175.36,1.90,255,
102.62,-2.21,-1.26,-1.18,0.86,0.02,0.43,0.38,-0.09,-0.20,-63.63,2.38,175.91,1.90,255,
102.76,-2.37,-1.44,-1.29,0.86,0.02,0.42,0.39,-0.08,-0.20,-63.81,2.14,176.24,1.90,255,
102.90,-2.02,-1.25,-1.38,0.86,0.02,0.41,0.39,-0.08,-0.21,-64.25,2.44,176.18,1.90,255,
103.03,-2.27,-1.31,-1.24,0.86,0.02,0.42,0.39,-0.09,-0.20,-63.80,2.33,175.76,1.90,255,
103.14,-2.23,-1.39,-1.08,0.86,0.02,0.42,0.39,-0.09,-0.21,-63.81,2.43,176.08,1.90,255,
103.29,-2.07,-1.32,-0.97,0.86,0.02,0.42,0.38,-0.08,-0.21,-63.86,2.60,176.16,1.90,255,
103.41,-2.20,-1.32,-1.35,0.86,0.02,0.43,0.39,-0.10,-0.21,-63.65,2.29,174.73,1.90,255,
103.55,-2.21,-1.41,-1.43,0.86,0.02,0.43,0.39,-0.09,-0.22,-63.63,2.33,176.09,1.90,255,
103.68,-2.21,-1.41,-1.07,0.86,0.02,0.43,0.39,-0.09,-0.21,-63.71,2.15,175.92,1.90,255,
103.79,-2.19,-1.50,-0.99,0.86,0.02,0.42,0.39,-0.09,-0.21,-63.76,2.64,175.15,1.90,255,
103.92,-2.38,-1.29,-1.12,0.86,0.02,0.42,0.39,-0.09,-0.21,-63.80,2.67,175.72,1.90,255,
104.05,-2.15,-1.29,-1.20,0.86,0.02,0.43,0.39,-0.08,-0.21,-63.59,2.08,176.76,1.90,255,
104.18,-2.29,-1.31,-1.29,0.86,0.02,0.42,0.39,-0.08,-0.21,-63.99,2.15,176.63,1.90,255,
104.32,-2.29,-1.29,-1.27,0.86,0.02,0.43,0.40,-0.10,-0.21,-63.73,2.28,175.07,1.90,255,
104.44,-2.14,-1.53,-0.99,0.86,0.02,0.42,0.39,-0.09,-0.20,-63.81,2.32,174.97,1.90,255,
104.60,-2.09,-1.32,-1.04,0.86,0.02,0.42,0.39,-0.09,-0.21,-63.73,2.56,175.32,1.90,255,
104.70,-2.35,-1.23,-1.39,0.86,0.02,0.42,0.39,-0.10,-0.21,-63.67,2.18,174.88,1.90,255,
104.83,-2.30,-1.24,-1.29,0.86,0.02,0.42,0.39,-0.09,-0.20,-63.79,2.29,175.84,1.90,255,
104.95,-2.06,-1.23,-1.27,0.86,0.02,0.42,0.39,-0.09,-0.21,-63.88,2.14,175.42,1.90,255,
105.08,-2.08,-1.28,-1.28,0.86,0.02,0.42,0.39,-0.09,-0.21,-63.80,2.44,175.49,1.90,255,
105.24,-1.91,-1.36,-1.23,0.86,0.02,0.43,0.38,-0.09,-0.21,-63.63,2.20,175.86,1.90,255,
105.35,-2.09,-1.12,-1.28,0.86,0.01,0.42,0.39,-0.09,-0.20,-63.78,1.99,175.68,1.90,255,
105.47,-2.17,-1.58,-1.20,0.86,0.00,0.43,0.39,-0.08,-0.21,-63.65,0.26,176.28,1.90,255,
105.61,-2.26,-1.58,-1.20,0.86,0.02,0.43,0.39,-0.08,-0.21,-63.68,2.50,176.59,1.90,255,
105.74,-2.36,-1.30,-1.07,0.86,0.02,0.42,0.39,-0.10,-0.20,-63.88,2.41,174.96,1.90,255,
105.86,-2.05,-1.56,-1.20,0.86,0.02,0.42,0.39,-0.09,-0.21,-63.79,2.15,174.99,1.90,255,
106.03,-2.05,-1.31,-1.14,0.86,0.02,0.42,0.39,-0.09,-0.20,-63.78,2.62,175.48,1.90,255,
106.13,-2.16,-1.37,-1.00,0.86,0.02,0.42,0.39,-0.09,-0.21,-63.71,2.27,175.80,1.90,255,
106.25,-2.10,-1.26,-1.02,0.86,0.02,0.43,0.39,-0.09,-0.21,-63.68,2.47,175.92,1.90,255,
106.40,-2.14,-1.39,-1.24,0.86,0.01,0.42,0.39,-0.09,-0.21,-63.75,1.95,175.34,1.90,255,
106.51,-2.05,-1.34,-1.35,0.86,0.02,0.42,0.39,-0.09,-0.21,-63.75,2.10,175.73,1.90,255,
106.66,-2.04,-1.45,-1.33,0.86,0.02,0.43,0.39,-0.09,-0.21,-63.62,2.47,175.48,1.90,255,
106.78,-2.41,-1.31,-1.14,0.86,0.02,0.42,0.40,-0.09,-0.21,-63.71,2.34,175.25,1.90,255,
106.91,-2.13,-1.35,-1.26,0.86,0.02,0.42,0.39,-0.09,-0.22,-63.89,2.09,175.91,1.90,255,
107.06,-2.37,-1.27,-1.30,0.86,0.02,0.42,0.39,-0.09,-0.22,-63.71,2.25,175.75,1.90,255,
107.16,-2.28,-1.59,-1.17,0.86,0.02,0.42,0.39,-0.08,-0.20,-63.60,2.36,176.32,1.90,255,
107.31,-2.06,-1.29,-1.17,0.86,0.02,0.42,0.39,-0.08,-0.21,-63.76,2.45,176.36,1.90,255,
107.42,-2.30,-1.54,-1.44,0.86,0.02,0.42,0.39,-0.08,-0.21,-63.71,2.09,176.93,1.90,255,
107.57,-2.20,-1.38,-1.30,0.86,0.02,0.42,0.39,-0.08,-0.21,-63.88,2.56,176.48,1.90,255,
107.68,-2.23,-1.48,-1.17,0.86,0.02,0.43,0.40,-0.08,-0.20,-63.71,2.49,176.52,1.90,255,
107.81,-2.22,-1.38,-1.26,0.86,0.02,0.42,0.39,-0.09,-0.21,-63.76,2.67,175.46,1.90,255,
107.95,-2.23,-1.20,-1.29,0.86,0.02,0.43,0.39,-0.08,-0.20,-63.68,2.52,176.61,1.90,255,
108.07,-2.26,-1.45,-0.99,0.86,0.02,0.42,0.40,-0.09,-0.21,-63.74,2.13,176.21,1.90,255,
108.22,-2.29,-1.38,-1.35,0.86,0.02,0.42,0.39,-0.09,-0.21,-63.93,2.85,176.07,1.90,255,
108.33,-2.12,-1.38,-1.32,0.86,0.01,0.42,0.39,-0.09,-0.21,-63.72,1.94,176.33,1.90,255,
108.46,-2.32,-1.24,-1.35,0.86,0.02,0.42,0.40,-0.09,-0.21,-63.75,2.60,176.41,1.90,255,
108.61,-2.32,-1.30,-1.23,0.86,0.02,0.43,0.40,-0.08,-0.21,-63.63,2.49,176.86,1.90,255,
108.72,-2.22,-1.53,-1.32,0.86,0.02,0.42,0.39,-0.08,-0.21,-63.74,2.41,176.37,1.90,255,
108.87,-2.09,-1.30,-1.09,0.86,0.02,0.42,0.39,-0.09,-0.21,-63.76,2.33,175.61,1.90,255,
108.99,-2.42,-1.50,-1.33,0.86,0.02,0.42,0.38,-0.09,-0.20,-63.67,2.22,175.42,1.90,255,
109.10,-2.28,-1.36,-1.38,0.86,0.02,0.42,0.39,-0.09,-0.21,-63.82,2.27,175.62,1.90,255,
109.24,-2.27,-1.38,-1.30,0.86,0.02,0.42,0.39,-0.08,-0.22,-63.85,2.53,176.19,1.90,255,
109.37,-2.10,-1.29,-1.28,0.86,0.02,0.42,0.38,-0.09,-0.21,-63.99,2.63,175.70,1.90,255,
109.50,-2.24,-1.47,-1.11,0.86,0.02,0.43,0.39,-0.09,-0.22,-63.66,2.10,175.84,1.90,255,
109.63,-2.03,-1.35,-1.33,0.86,0.02,0.42,0.39,-0.08,-0.21,-63.80,2.44,176.19,1.90,255,
109.78,-2.09,-1.49,-1.09,0.86,0.02,0.43,0.39,-0.09,-0.21,-63.68,2.31,175.25,1.90,255,
109.88,-2.21,-1.18,-1.29,0.86,0.02,0.42,0.39,-0.08,-0.20,-63.72,2.18,176.42,1.90,255,
110.02,-2.10,-1.41,-1.33,0.86,0.02,0.42,0.39,-0.09,-0.21,-63.90,2.21,176.27,1.90,255,
110.15,-2.01,-1.32,-1.14,0.86,0.02,0.42,0.39,-0.09,-0.21,-63.82,2.64,175.11,1.90,255,
110.28,-2.01,-1.50,-1.30,0.86,0.02,0.42,0.39,-0.08,-0.21,-63.75,2.44,176.22,1.90,255,
110.40,-2.11,-1.38,-1.13,0.86,0.00,0.43,0.39,-0.08,-0.21,-63.65,0.01,176.47,1.90,255,
110.55,-2.28,-1.47,-1.18,0.86,0.02,0.43,0.39,-0.08,-0.20,-63.65,2.50,176.29,1.90,255,
110.68,-2.36,-1.17,-1.09,0.86,0.02,0.42,0.39,-0.08,-0.21,-63.87,2.51,176.39,1.90,255,
110.81,-1.97,-1.30,-0.98,0.86,0.02,0.43,0.38,-0.09,-0.21,-63.76,2.06,176.01,1.90,255,
110.92,-2.12,-1.41,-1.23,0.86,0.02,0.43,0.39,-0.09,-0.21,-63.64,2.38,175.84,1.90,255,
111.08,-1.97,-1.37,-1.21,0.86,0.02,0.43,0.40,-0.09,-0.21,-63.58,2.26,176.14,1.90,255,
111.19,-2.40,-1.41,-1.26,0.86,0.02,0.42,0.40,-0.09,-0.21,-63.68,2.27,176.45,1.90,255,
111.31,-2.46,-1.44,-1.14,0.86,0.02,0.42,0.39,-0.09,-0.21,-63.75,2.20,175.40,1.90,255,
111.46,-2.17,-1.33,-1.20,0.86,0.02,0.42,0.39,-0.09,-0.21,-63.76,2.33,175.35,1.90,255,
111.57,-2.00,-1.47,-1.10,0.86,0.02,0.43,0.39,-0.09,-0.20,-63.58,2.43,175.87,1.90,255,
111.72,-2.21,-1.26,-1.26,0.86,0.02,0.42,0.39,-0.09,-0.21,-63.84,2.72,175.43,1.90,255,
111.83,-2.18,-1.24,-1.02,0.86,0.02,0.42,0.39,-0.09,-0.21,-63.88,2.11,175.09,1.90,255,
111.98,-2.25,-1.22,-1.12,0.86,0.02,0.42,0.39,-0.08,-0.21,-63.78,2.17,176.36,1.90,255,
112.09,-2.27,-1.29,-1.38,0.86,0.02,0.42,0.40,-0.09,-0.21,-63.84,2.30,176.15,1.90,255,
112.23,-2.27,-1.26,-1.15,0.86,0.02,0.42,0.40,-0.09,-0.21,-63.74,2.10,175.15,1.90,255,
112.35,-1.97,-1.34,-1.13,0.86,0.02,0.42,0.39,-0.09,-0.21,-63.76,2.55,176.08,1.90,255,
112.48,-2.19,-1.44,-1.18,0.86,0.02,0.42,0.39,-0.09,-0.21,-63.81,2.44,176.33,1.90,255,
112.61,-1.88,-1.50,-1.01,0.86,0.02,0.42,0.39,-0.09,-0.21,-63.78,2.45,175.77,1.90,255,
112.74,-2.15,-1.36,-1.32,0.86,0.02,0.42,0.39,-0.09,-0.21,-63.78,2.30,176.06,1.90,255,
112.87,-2.05,-1.45,-1.09,0.86,0.02,0.42,0.39,-0.09,-0.21,-63.92,2.33,176.23,1.90,255,
113.00,-2.26,-1.47,-1.35,0.86,0.02,0.43,0.39,-0.09,-0.21,-63.64,2.37,175.99,1.90,255,
113.16,-2.18,-1.53,-1.41,0.86,0.02,0.42,0.39,-0.09,-0.21,-63.85,2.39,175.54,1.90,255,
113.26,-2.15,-1.25,-1.14,0.86,0.02,0.42,0.39,-0.09,-0.20,-63.65,2.35,175.92,1.90,255,
113.40,-2.30,-1.44,-1.20,0.86,0.02,0.42,0.39,-0.09,-0.21,-63.77,2.36,176.01,1.90,255,
113.52,-2.26,-1.44,-1.22,0.86,0.02,0.42,0.39,-0.09,-0.21,-63.83,2.16,175.60,1.90,255,
113.66,-2.24,-1.14,-1.08,0.86,0.02,0.43,0.40,-0.09,-0.21,-63.67,2.38,176.05,1.90,255,
113.78,-2.28,-1.36,-1.38,0.86,0.02,0.43,0.39,-0.09,-0.21,-63.69,2.30,175.54,1.90,255,
113.92,-2.30,-1.42,-1.32,0.86,0.02,0.43,0.39,-0.09,-0.21,-63.58,2.41,175.65,1.90,255,
114.04,-1.92,-1.54,-1.11,0.86,0.02,0.42,0.39,-0.09,-0.20,-63.78,2.39,175.51,1.90,255,
114.19,-2.33,-1.33,-1.59,0.86,0.02,0.42,0.39,-0.10,-0.21,-63.78,2.19,174.80,1.90,255,
114.31,-2.24,-1.30,-1.09,0.86,0.02,0.42,0.39,-0.09,-0.21,-63.75,2.09,176.04,1.90,255,
114.42,-2.44,-1.39,-1.23,0.86,0.02,0.42,0.39,-0.08,-0.20,-63.72,2.20,176.15,1.90,255,
114.56,-2.28,-1.17,-1.29,0.86,0.02,0.42,0.39,-0.09,-0.21,-63.70,2.57,176.04,1.90,255,
114.69,-2.29,-1.29,-1.35,0.86,0.02,0.42,0.39,-0.09,-0.21,-63.80,2.37,176.30,1.90,255,
114.82,-2.29,-1.35,-1.11,0.86,0.02,0.42,0.39,-0.09,-0.21,-63.72,2.57,176.25,1.90,255,
114.98,-2.28,-1.15,-1.11,0.86,0.02,0.42,0.40,-0.09,-0.21,-63.76,2.17,175.45,1.90,255,
115.09,-2.18,-1.15,-1.32,0.86,0.02,0.42,0.39,-0.08,-0.20,-63.72,2.19,177.12,1.90,255,
115.21,-2.19,-1.26,-1.28,0.86,0.02,0.43,0.39,-0.08,-0.21,-63.75,2.28,176.42,1.90,255,
115.33,-2.11,-1.40,-1.15,0.86,0.02,0.42,0.39,-0.09,-0.22,-63.83,2.43,176.25,1.90,255,
115.46,-2.21,-1.26,-1.50,0.86,0.02,0.43,0.39,-0.09,-0.22,-63.63,2.22,175.69,1.90,255,
115.59,-2.14,-1.21,-1.30,0.86,0.02,0.42,0.39,-0.09,-0.21,-63.82,2.37,175.69,1.90,255,
115.72,-2.17,-1.18,-1.09,0.86,0.02,0.42,0.39,-0.09,-0.21,-63.75,2.53,175.52,1.90,255,
115.86,-2.21,-1.20,-1.35,0.86,0.02,0.42,0.39,-0.09,-0.21,-63.70,2.23,175.40,1.90,255,
115.99,-2.25,-1.24,-1.09,0.86,0.02,0.42,0.39,-0.09,-0.22,-63.82,2.09,175.96,1.90,255,
116.12,-2.47,-1.24,-1.12,0.86,0.02,0.43,0.39,-0.09,-0.21,-63.62,2.28,175.08,1.90,255,
116.24,-2.10,-1.36,-1.14,0.86,0.02,0.43,0.39,-0.09,-0.21,-63.66,2.44,175.45,1.90,255,
116.37,-2.25,-1.32,-1.25,0.86,0.02,0.42,0.40,-0.10,-0.22,-64.11,2.48,174.87,1.90,255,
116.53,-2.37,-1.38,-1.13,0.86,0.02,0.42,0.39,-0.09,-0.22,-63.73,2.27,175.72,1.90,255,
116.63,-2.03,-1.48,-1.11,0.86,0.02,0.43,0.39,-0.09,-0.21,-63.67,2.33,176.11,1.90,255,
116.77,-2.10,-1.38,-1.08,0.86,0.02,0.43,0.39,-0.09,-0.21,-63.61,2.30,175.20,1.90,255,
116.92,-2.05,-1.38,-1.30,0.86,0.02,0.43,0.39,-0.09,-0.21,-63.57,2.29,175.53,1.90,255,
117.04,-2.26,-1.32,-1.03,0.86,0.02,0.43,0.40,-0.10,-0.21,-63.70,2.10,174.99,1.90,255,
117.15,-2.17,-1.38,-1.06,0.86,0.02,0.42,0.40,-0.10,-0.21,-63.77,2.76,175.02,1.90,255,
117.29,-2.32,-1.32,-1.20,0.86,0.02,0.42,0.39,-0.09,-0.21,-63.78,2.37,175.95,1.90,255,
117.41,-2.25,-1.43,-1.26,0.86,0.02,0.42,0.39,-0.09,-0.20,-63.71,2.46,175.64,1.90,255,
117.55,-2.24,-1.42,-1.26,0.86,0.02,0.44,0.39,-0.09,-0.21,-63.10,2.25,176.01,1.90,255,
117.69,-2.09,-1.35,-0.95,0.86,0.02,0.42,0.39,-0.09,-0.21,-63.85,2.42,175.99,1.90,255,
117.80,-2.20,-1.20,-1.02,0.86,0.02,0.43,0.39,-0.09,-0.21,-63.69,2.28,176.00,1.90,255,
117.95,-2.12,-1.53,-1.30,0.86,0.02,0.43,0.39,-0.09,-0.21,-63.69,2.41,175.84,1.90,255,
118.12,-2.13,-1.15,-1.07,0.86,0.02,0.43,0.39,-0.09,-0.22,-63.68,2.60,175.18,1.90,255,
118.35,-2.26,-1.37,-1.04,0.86,0.02,0.43,0.39,-0.09,-0.21,-63.66,2.29,176.25,1.90,255,
118.58,-2.24,-1.35,-0.97,0.86,0.02,0.42,0.40,-0.09,-0.21,-63.81,2.56,176.08,1.90,255,
118.59,-2.30,-1.43,-1.36,0.86,0.02,0.42,0.39,-0.09,-0.21,-63.80,2.47,176.06,1.90,255,
118.60,-1.97,-1.25,-1.05,0.86,0.02,0.43,0.40,-0.09,-0.21,-63.63,2.42,176.43,1.90,255,
118.72,-2.29,-1.53,-1.46,0.86,0.02,0.42,0.39,-0.09,-0.21,-63.92,2.54,175.44,1.90,255,
118.84,-2.16,-1.33,-1.11,0.86,0.02,0.43,0.39,-0.09,-0.21,-63.62,2.22,175.98,1.90,255,
118.97,-2.21,-1.19,-1.32,0.86,0.02,0.42,0.39,-0.09,-0.21,-63.74,2.28,175.22,1.90,255,
119.10,-2.21,-1.25,-1.22,0.87,0.02,0.42,0.39,-0.09,-0.21,-64.08,2.05,175.29,1.90,255,
119.24,-1.97,-1.38,-1.26,0.86,0.02,0.42,0.39,-0.09,-0.22,-63.76,2.52,175.33,1.90,255,
119.36,-2.21,-1.36,-1.08,0.86,0.01,0.42,0.39,-0.10,-0.21,-63.83,1.82,174.73,1.90,255,
119.49,-2.15,-1.35,-1.21,0.86,0.02,0.42,0.39,-0.09,-0.21,-63.72,2.13,175.93,1.90,255,
119.62,-2.20,-1.20,-0.96,0.86,0.02,0.43,0.39,-0.09,-0.22,-63.59,2.27,175.56,1.90,255,
119.75,-2.15,-1.34,-1.26,0.86,0.01,0.42,0.39,-0.09,-0.22,-63.72,1.96,175.46,1.90,255,
119.88,-2.22,-1.38,-1.25,0.86,0.02,0.42,0.39,-0.09,-0.21,-63.88,2.39,175.93,1.90,255,
120.01,-2.21,-1.31,-1.29,0.86,0.02,0.42,0.39,-0.09,-0.22,-63.75,2.38,175.57,1.90,255,
120.14,-2.33,-1.05,-0.99,0.86,0.02,0.42,0.39,-0.09,-0.22,-63.90,2.37,175.93,1.90,255,
120.28,-2.09,-1.37,-1.24,0.86,0.02,0.42,0.39,-0.10,-0.22,-63.69,2.51,174.77,1.90,255,
120.40,-2.09,-1.33,-0.89,0.86,0.02,0.43,0.39,-0.09,-0.22,-63.66,2.18,175.49,1.90,255,
120.52,-2.17,-1.37,-1.03,0.86,0.02,0.43,0.39,-0.09,-0.21,-63.62,2.16,175.72,1.90,255,
120.66,-2.38,-1.35,-1.35,0.86,0.02,0.42,0.39,-0.08,-0.21,-63.88,2.53,176.27,1.90,255,
120.78,-2.23,-1.38,-1.32,0.86,0.02,0.42,0.39,-0.09,-0.22,-63.70,2.59,175.24,1.90,255,
120.91,-2.38,-1.54,-1.14,0.86,0.02,0.43,0.39,-0.09,-0.22,-63.62,2.38,175.38,1.90,255,
121.04,-2.12,-1.21,-1.06,0.86,0.02,0.43,0.39,-0.09,-0.21,-63.72,2.20,175.23,1.90,255,
121.18,-2.29,-1.42,-1.24,0.86,0.02,0.42,0.39,-0.09,-0.22,-63.73,2.40,176.12,1.90,255,
121.33,-2.23,-1.28,-1.15,0.86,0.02,0.42,0.40,-0.09,-0.21,-63.88,2.33,176.00,1.90,255,
121.44,-2.31,-1.49,-1.17,0.87,0.02,0.43,0.39,-0.09,-0.21,-64.03,2.13,176.16,1.90,255,
121.56,-2.21,-1.35,-1.42,0.86,0.02,0.43,0.39,-0.09,-0.21,-63.59,2.34,176.15,1.90,255,
121.70,-2.24,-1.26,-1.34,0.86,0.02,0.43,0.39,-0.09,-0.22,-63.70,2.10,175.54,1.90,255,
121.82,-1.96,-1.43,-1.09,0.86,0.02,0.42,0.39,-0.08,-0.21,-63.79,2.55,176.34,1.90,255,
121.97,-2.05,-1.29,-1.08,0.86,0.02,0.43,0.39,-0.09,-0.21,-63.66,2.29,176.34,1.90,255,
122.12,-2.53,-1.32,-1.30,0.86,0.02,0.42,0.39,-0.08,-0.21,-63.83,2.28,176.51,1.90,255,
122.21,-2.06,-1.32,-1.27,0.86,0.02,0.43,0.39,-0.09,-0.21,-63.65,2.45,176.36,1.90,255,
122.36,-2.21,-1.35,-0.93,0.86,0.02,0.42,0.39,-0.08,-0.22,-63.75,2.15,176.38,1.90,255,
122.47,-2.34,-1.40,-1.32,0.86,0.02,0.42,0.39,-0.09,-0.21,-63.90,2.27,175.73,1.90,255,
122.61,-2.08,-1.49,-1.07,0.86,0.02,0.42,0.39,-0.09,-0.21,-63.92,2.19,176.01,1.90,255,
122.76,-2.29,-1.49,-1.30,0.86,0.02,0.43,0.40,-0.09,-0.21,-63.67,2.38,175.85,1.90,255,
122.86,-2.09,-1.59,-1.14,0.86,0.02,0.42,0.40,-0.09,-0.22,-63.73,2.52,176.38,1.90,255,
122.99,-2.20,-1.41,-1.20,0.86,0.02,0.42,0.40,-0.09,-0.21,-63.73,2.28,175.74,1.90,255,
123.13,-2.36,-1.38,-1.17,0.86,0.02,0.42,0.39,-0.09,-0.20,-63.84,2.42,175.54,1.90,255,
123.25,-2.23,-1.48,-1.27,0.86,0.02,0.42,0.39,-0.09,-0.21,-63.74,2.42,176.23,1.90,255,
123.40,-2.34,-1.50,-1.77,0.86,0.02,0.42,0.39,-0.09,-0.21,-63.77,2.38,175.33,1.90,255,
123.51,-2.30,-1.31,-1.24,0.86,0.02,0.42,0.40,-0.09,-0.22,-63.63,2.09,175.63,1.90,255,
123.64,-2.35,-1.46,-1.05,0.86,0.02,0.42,0.39,-0.10,-0.20,-63.83,2.29,174.83,1.90,255,
123.79,-2.24,-1.32,-1.26,0.86,0.02,0.42,0.40,-0.09,-0.21,-63.72,2.52,175.96,1.90,255,
123.90,-2.28,-1.39,-1.37,0.86,0.02,0.42,0.39,-0.09,-0.21,-63.75,2.33,175.70,1.90,255,
124.05,-2.33,-1.45,-1.41,0.86,0.02,0.43,0.40,-0.09,-0.21,-63.67,2.26,175.79,1.90,255,
124.17,-2.21,-1.32,-1.11,0.86,0.02,0.42,0.39,-0.09,-0.21,-63.87,2.41,175.76,1.90,255,
124.29,-2.38,-1.37,-1.35,0.86,0.02,0.42,0.40,-0.09,-0.22,-63.71,2.37,175.36,1.90,255,
124.41,-2.40,-1.24,-1.36,0.86,0.02,0.42,0.39,-0.09,-0.21,-63.95,2.62,176.00,1.90,255,
124.57,-2.00,-1.29,-1.33,0.86,0.02,0.43,0.39,-0.09,-0.21,-63.65,2.31,175.56,1.90,255,
124.68,-2.31,-1.44,-1.29,0.86,0.02,0.42,0.39,-0.09,-0.21,-63.80,2.26,176.00,1.90,255,
124.81,-2.03,-1.46,-1.26,0.86,0.02,0.42,0.39,-0.09,-0.21,-63.86,2.29,175.08,1.90,255,
124.96,-2.15,-1.33,-1.22,0.86,0.02,0.42,0.39,-0.09,-0.22,-63.73,2.48,175.02,1.90,255,
125.10,-2.24,-1.20,-1.20,0.86,0.02,0.42,0.39,-0.09,-0.21,-63.78,2.34,175.40,1.90,255,
125.22,-2.13,-1.44,-1.38,0.86,0.02,0.42,0.39,-0.09,-0.21,-63.82,2.32,175.50,1.90,255,
125.34,-2.51,-1.36,-1.44,0.86,0.02,0.42,0.39,-0.09,-0.21,-63.84,2.45,175.82,1.90,255,
125.48,-2.44,-1.34,-1.08,0.86,0.02,0.42,0.39,-0.09,-0.21,-63.81,2.32,176.27,1.90,255,
125.59,-2.12,-1.24,-1.13,0.86,0.02,0.43,0.39,-0.09,-0.21,-63.63,2.25,176.12,1.90,255,
125.71,-2.42,-1.45,-1.41,0.86,0.02,0.42,0.39,-0.09,-0.21,-63.76,2.45,175.90,1.90,255,
125.85,-2.31,-1.33,-1.07,0.86,0.02,0.42,0.39,-0.09,-0.21,-63.70,2.42,175.21,1.90,255,
125.98,-2.38,-1.41,-1.05,0.86,0.02,0.42,0.40,-0.09,-0.21,-63.85,2.06,175.97,1.90,255,
126.10,-2.24,-1.32,-1.32,0.86,0.02,0.43,0.39,-0.09,-0.21,-63.71,2.30,175.74,1.90,255,
126.26,-2.47,-1.43,-1.38,0.86,0.02,0.42,0.39,-0.09,-0.21,-63.71,2.16,175.95,1.90,255,
126.38,-1.84,-1.31,-1.00,0.86,0.02,0.42,0.39,-0.08,-0.21,-63.79,2.27,176.61,1.90,255,
126.49,-2.44,-1.52,-1.30,0.86,0.02,0.43,0.40,-0.09,-0.22,-63.66,2.17,176.23,1.90,255,
126.64,-2.36,-1.26,-1.48,0.86,0.02,0.42,0.40,-0.09,-0.22,-63.78,2.52,175.59,1.90,255,
126.75,-2.18,-1.44,-1.14,0.86,0.02,0.43,0.39,-0.09,-0.21,-63.63,2.22,176.24,1.90,255,
126.88,-2.34,-1.32,-1.30,0.86,0.02,0.43,0.39,-0.09,-0.21,-63.57,2.58,176.16,1.90,255,
127.04,-2.15,-1.29,-1.45,0.86,0.02,0.42,0.39,-0.08,-0.21,-63.85,2.32,176.38,1.90,255,
127.14,-2.33,-1.23,-1.05,0.86,0.02,0.43,0.39,-0.09,-0.20,-63.67,2.35,175.93,1.90,255,
127.29,-2.17,-1.38,-1.01,0.86,0.02,0.42,0.39,-0.09,-0.21,-63.83,2.35,176.23,1.90,255,
127.43,-2.26,-1.46,-1.30,0.86,0.02,0.42,0.39,-0.09,-0.20,-63.83,2.40,176.25,1.90,255,
127.55,-2.21,-1.32,-1.32,0.86,0.02,0.43,0.39,-0.09,-0.21,-63.60,2.41,175.88,1.90,255,
127.66,-2.34,-1.54,-1.20,0.86,0.02,0.42,0.39,-0.09,-0.21,-63.74,2.53,176.21,1.90,255,
127.79,-2.18,-1.32,-1.38,0.86,0.02,0.42,0.40,-0.09,-0.22,-63.88,2.51,175.67,1.90,255,
127.92,-2.39,-1.42,-1.26,0.86,0.02,0.42,0.39,-0.08,-0.20,-63.85,2.28,176.91,1.90,255,
128.08,-2.24,-1.38,-1.51,0.86,0.02,0.43,0.39,-0.08,-0.21,-63.71,2.25,176.62,1.90,255,
128.20,-2.18,-1.53,-1.27,0.86,0.02,0.43,0.39,-0.09,-0.22,-63.61,2.45,176.11,1.90,255,
128.32,-2.23,-1.58,-1.23,0.86,0.02,0.42,0.39,-0.09,-0.21,-63.79,2.43,175.76,1.90,255,
128.45,-2.23,-1.36,-1.35,0.86,0.02,0.43,0.39,-0.09,-0.22,-63.70,2.07,175.70,1.90,255,
128.58,-2.09,-1.38,-1.30,0.86,0.02,0.42,0.39,-0.08,-0.21,-63.78,2.30,176.49,1.90,255,
128.71,-2.23,-1.33,-1.08,0.86,0.02,0.42,0.39,-0.08,-0.21,-63.91,2.23,176.44,1.90,255,
128.83,-2.30,-1.37,-1.05,0.86,0.01,0.42,0.39,-0.08,-0.21,-63.65,1.93,176.39,1.90,255,
128.98,-2.07,-1.44,-1.20,0.86,0.02,0.43,0.39,-0.09,-0.21,-63.53,2.49,176.15,1.90,255,
129.11,-2.10,-1.38,-1.47,0.86,0.02,0.42,0.39,-0.08,-0.21,-63.86,2.42,176.37,1.90,255,
129.23,-2.12,-1.64,-1.30,0.86,0.02,0.42,0.39,-0.08,-0.21,-63.77,2.23,176.85,1.90,255,
129.35,-2.24,-1.55,-1.14,0.86,0.02,0.42,0.39,-0.09,-0.22,-63.77,2.35,176.02,1.90,255,
129.47,-2.42,-1.36,-1.32,0.86,0.02,0.42,0.39,-0.08,-0.22,-63.75,2.25,176.32,1.90,255,
129.61,-2.27,-1.35,-1.05,0.86,0.02,0.42,0.39,-0.09,-0.21,-63.80,2.40,176.29,1.90,255,
129.74,-2.08,-1.40,-1.10,0.86,0.02,0.42,0.40,-0.08,-0.21,-63.72,2.24,176.61,1.90,255,
129.87,-2.21,-1.31,-1.41,0.86,0.02,0.42,0.39,-0.09,-0.21,-63.70,2.14,175.48,1.90,255,
130.01,-2.18,-1.41,-1.23,0.86,0.02,0.42,0.39,-0.09,-0.21,-63.87,2.45,175.61,1.90,255,
130.13,-2.25,-1.33,-1.35,0.87,0.02,0.43,0.39,-0.08,-0.22,-64.01,2.48,176.82,1.90,255,
130.28,-2.30,-1.31,-1.30,0.86,0.02,0.42,0.39,-0.09,-0.21,-63.73,2.48,176.18,1.90,255,
130.39,-2.34,-1.22,-1.12,0.86,0.02,0.42,0.40,-0.09,-0.21,-63.67,2.51,175.72,1.90,255,
130.54,-2.33,-1.34,-1.12,0.86,0.02,0.42,0.39,-0.09,-0.21,-63.79,2.31,175.66,1.90,255,
130.64,-2.26,-1.29,-1.12,0.86,0.02,0.43,0.39,-0.09,-0.21,-63.68,2.33,175.84,1.90,255,
130.80,-2.22,-1.20,-1.35,0.86,0.02,0.42,0.39,-0.09,-0.21,-63.63,2.34,175.37,1.90,255,
130.93,-2.14,-1.24,-1.20,0.86,0.02,0.42,0.39,-0.08,-0.21,-63.72,2.25,176.84,1.90,255,
131.06,-2.36,-1.57,-1.37,0.86,0.02,0.43,0.39,-0.09,-0.21,-63.66,2.16,176.16,1.90,255,
131.18,-2.20,-1.31,-1.33,0.86,0.01,0.42,0.39,-0.09,-0.21,-63.80,2.00,176.06,1.90,255,
131.29,-2.28,-1.39,-1.20,0.84,0.02,0.43,0.39,-0.08,-0.21,-63.21,2.25,176.33,1.90,255,
131.42,-2.27,-1.34,-1.08,0.86,0.02,0.43,0.39,-0.09,-0.21,-63.72,2.23,175.91,1.90,255,
131.58,-2.11,-1.23,-1.34,0.86,0.02,0.42,0.39,-0.08,-0.21,-63.84,2.25,176.47,1.90,255,
131.71,-2.17,-1.14,-1.35,0.86,0.02,0.42,0.39,-0.09,-0.21,-63.72,2.15,175.85,1.90,255,
131.84,-2.48,-1.46,-1.32,0.86,0.02,0.42,0.39,-0.08,-0.21,-63.88,2.21,176.50,1.90,255,
131.96,-2.14,-1.26,-1.07,0.86,0.02,0.42,0.39,-0.09,-0.22,-63.71,2.54,176.10,1.90,255,
132.07,-2.07,-1.34,-1.25,0.86,0.02,0.42,0.39,-0.09,-0.21,-63.82,2.30,175.69,1.90,255,
132.22,-2.15,-1.62,-1.33,0.86,0.02,0.43,0.39,-0.08,-0.21,-63.60,2.32,176.63,1.90,255,
132.35,-2.13,-1.54,-1.43,0.86,0.02,0.43,0.39,-0.09,-0.21,-63.67,2.44,176.28,1.90,255,
132.48,-2.09,-1.44,-1.19,0.86,0.02,0.42,0.39,-0.08,-0.21,-63.72,2.31,176.66,1.90,255,
132.59,-2.33,-1.41,-1.14,0.86,0.02,0.43,0.39,-0.08,-0.22,-63.58,2.20,177.50,1.90,255,
132.75,-2.51,-1.26,-1.14,0.86,0.02,0.42,0.39,-0.09,-0.21,-63.74,2.45,176.34,1.90,255,
132.87,-2.03,-1.17,-1.20,0.86,0.02,0.42,0.39,-0.09,-0.22,-63.68,2.28,175.39,1.90,255,
133.01,-2.25,-1.23,-1.17,0.86,0.02,0.42,0.40,-0.09,-0.22,-63.82,2.41,175.62,1.90,255,
133.12,-2.21,-1.41,-1.06,0.86,0.01,0.42,0.39,-0.09,-0.21,-63.84,2.01,176.18,1.90,255,
133.24,-2.42,-1.60,-1.17,0.86,0.02,0.42,0.39,-0.09,-0.22,-63.98,2.43,175.37,1.90,255,
133.39,-2.18,-1.36,-1.20,0.86,0.02,0.43,0.39,-0.09,-0.21,-63.71,2.36,175.66,1.90,255,
133.50,-2.17,-1.56,-1.19,0.86,0.02,0.43,0.39,-0.08,-0.21,-63.69,2.31,176.52,1.90,255,
133.65,-2.09,-1.68,-1.25,0.86,0.01,0.42,0.39,-0.09,-0.22,-63.76,1.99,175.48,1.90,255,
133.77,-2.30,-1.53,-1.36,0.86,0.02,0.43,0.39,-0.09,-0.21,-63.50,2.24,176.10,1.90,255,
133.89,-2.25,-1.18,-1.22,0.86,0.02,0.43,0.39,-0.09,-0.21,-63.59,2.14,175.37,1.90,255,
134.02,-2.30,-1.27,-1.03,0.86,0.02,0.42,0.39,-0.09,-0.21,-63.72,2.34,175.36,1.90,255,
134.17,-2.30,-1.42,-1.21,0.86,0.02,0.42,0.39,-0.09,-0.21,-63.77,2.30,175.07,1.90,255,
134.28,-2.11,-1.41,-1.11,0.86,0.02,0.43,0.39,-0.09,-0.22,-63.61,2.26,175.60,1.90,255,
134.43,-2.27,-1.50,-1.44,0.86,0.02,0.42,0.39,-0.09,-0.21,-63.80,2.22,175.26,1.90,255,
134.54,-2.00,-1.23,-0.81,0.86,0.00,0.43,0.40,-0.09,-0.21,-63.62,0.39,175.82,1.90,255,
134.69,-2.36,-1.38,-1.14,0.86,0.02,0.42,0.39,-0.09,-0.21,-63.72,2.27,175.49,1.90,255,
134.81,-2.39,-1.22,-1.05,0.86,0.02,0.42,0.39,-0.09,-0.20,-63.75,2.26,175.85,1.90,255,
134.92,-2.45,-1.59,-1.27,0.86,0.02,0.42,0.39,-0.09,-0.22,-63.77,2.22,175.28,1.90,255,
135.08,-2.18,-1.33,-1.25,0.86,0.02,0.43,0.39,-0.09,-0.22,-63.67,2.39,175.39,1.90,255,
135.21,-2.12,-1.45,-1.25,0.86,0.02,0.43,0.39,-0.09,-0.21,-63.59,2.39,175.76,1.90,255,
135.33,-2.38,-1.40,-1.20,0.86,0.02,0.42,0.39,-0.10,-0.21,-63.73,2.47,174.83,1.90,255,
135.44,-2.33,-1.50,-1.09,0.86,0.02,0.42,0.39,-0.09,-0.21,-63.65,2.41,175.93,1.90,255,
135.60,-2.24,-1.38,-1.11,0.86,0.02,0.42,0.39,-0.09,-0.21,-63.78,2.26,175.99,1.90,255,
135.73,-2.14,-1.42,-1.26,0.86,0.02,0.42,0.39,-0.09,-0.22,-63.80,2.19,176.31,1.90,255,
135.84,-2.38,-1.38,-1.30,0.86,0.02,0.42,0.39,-0.09,-0.21,-63.85,2.33,176.20,1.90,255,
135.99,-2.11,-1.33,-1.26,0.86,0.02,0.42,0.39,-0.09,-0.21,-63.85,2.18,175.73,1.90,255,
136.12,-2.23,-1.35,-1.08,0.86,0.02,0.43,0.39,-0.09,-0.21,-63.57,2.25,176.27,1.90,255,
136.25,-2.23,-1.34,-1.34,0.86,0.01,0.42,0.38,-0.08,-0.22,-63.79,1.86,176.10,1.90,255,
136.37,-2.23,-1.20,-0.86,0.86,0.02,0.42,0.38,-0.09,-0.21,-63.72,2.40,175.86,1.90,255,
136.51,-2.03,-1.61,-1.04,0.86,0.02,0.42,0.39,-0.09,-0.21,-63.72,2.47,175.69,1.90,255,
136.64,-1.97,-1.38,-1.28,0.86,0.02,0.43,0.39,-0.09,-0.21,-63.64,2.69,176.08,1.90,255,
136.76,-2.39,-1.50,-1.29,0.86,0.02,0.42,0.39,-0.08,-0.21,-63.88,2.16,176.41,1.90,255,
136.90,-2.18,-1.29,-1.35,0.86,0.02,0.42,0.39,-0.09,-0.21,-63.76,2.30,175.42,1.90,255,
137.02,-2.26,-1.42,-1.44,0.87,0.02,0.42,0.40,-0.09,-0.21,-64.06,2.61,175.61,1.90,255,
137.15,-2.15,-1.35,-1.02,0.86,0.02,0.43,0.39,-0.08,-0.20,-63.59,2.55,176.58,1.90,255,
137.26,-2.24,-1.48,-1.15,0.86,0.02,0.42,0.39,-0.09,-0.21,-63.66,2.51,175.83,1.90,255,
137.41,-2.32,-1.41,-1.26,0.86,0.01,0.42,0.39,-0.09,-0.21,-63.92,2.02,175.85,1.90,255,
137.55,-2.30,-1.56,-1.25,0.86,0.02,0.42,0.39,-0.09,-0.22,-63.79,2.20,175.92,1.90,255,
137.67,-2.01,-1.35,-1.22,0.86,0.02,0.42,0.39,-0.09,-0.21,-63.84,2.35,175.45,1.90,255,
137.80,-2.00,-1.35,-1.16,0.86,0.02,0.42,0.39,-0.09,-0.22,-63.79,2.31,175.87,1.90,255,
137.91,-2.21,-1.26,-1.32,0.86,0.02,0.43,0.39,-0.09,-0.21,-63.52,2.42,176.06,1.90,255,
138.06,-2.37,-1.37,-1.47,0.86,0.02,0.42,0.39,-0.08,-0.21,-63.79,2.31,176.34,1.90,255,
138.18,-2.15,-1.32,-1.12,0.86,0.02,0.43,0.39,-0.08,-0.21,-63.58,2.41,176.81,1.90,255,
138.33,-2.06,-1.42,-1.16,0.86,0.02,0.43,0.39,-0.09,-0.21,-63.53,2.48,175.66,1.90,255,
138.45,-2.27,-1.45,-1.25,0.86,0.02,0.42,0.40,-0.09,-0.21,-63.85,2.31,175.81,1.90,255,
138.56,-2.18,-1.38,-1.09,0.86,0.02,0.42,0.39,-0.09,-0.21,-63.68,2.63,175.82,1.90,255,
138.69,-2.36,-1.44,-1.29,0.86,0.02,0.42,0.39,-0.09,-0.21,-63.67,2.30,176.31,1.90,255,
138.84,-2.07,-1.41,-1.11,0.86,0.02,0.42,0.39,-0.09,-0.21,-63.79,2.34,175.74,1.90,255,
138.97,-1.99,-1.61,-1.38,0.86,0.02,0.42,0.39,-0.09,-0.20,-63.80,2.36,176.05,1.90,255,
139.08,-2.29,-1.45,-1.38,0.86,0.02,0.42,0.39,-0.09,-0.21,-63.71,2.34,175.66,1.90,255,
139.21,-2.15,-1.11,-1.26,0.86,0.02,0.42,0.39,-0.09,-0.21,-63.67,2.55,176.19,1.90,255,
139.36,-2.24,-1.37,-1.12,0.87,0.02,0.42,0.39,-0.09,-0.21,-64.08,2.17,175.98,1.90,255,
139.51,-2.18,-1.44,-1.08,0.86,0.02,0.43,0.39,-0.08,-0.21,-63.63,2.51,176.54,1.90,255,
139.60,-2.08,-1.47,-1.35,0.86,0.01,0.42,0.39,-0.09,-0.21,-63.79,1.98,176.05,1.90,255,
139.75,-2.19,-1.61,-1.32,0.86,0.02,0.43,0.39,-0.09,-0.21,-63.69,2.25,176.01,1.90,255,
139.88,-2.30,-1.45,-1.12,0.86,0.02,0.42,0.39,-0.09,-0.21,-63.72,2.37,175.73,1.90,255,
139.99,-2.18,-1.28,-1.28,0.86,0.02,0.42,0.39,-0.09,-0.21,-63.73,2.29,175.38,1.90,255,
