2017-03-07-18-56-34
0
ophthalmoscope
D
0.00,8,16.48,26,
0.00,-0.43,-0.79,0.09,0.82,0.53,-0.10,0.39,-0.12,0.30,-56.66,100.30,171.90,16.48,25,
0.01,-0.63,-0.66,0.19,0.82,0.53,-0.09,0.38,-0.11,0.30,-56.64,99.83,172.30,16.48,24,
0.01,-0.65,-0.64,0.14,0.82,0.54,-0.10,0.38,-0.11,0.30,-56.46,100.20,171.90,16.48,23,
0.02,-0.60,-0.69,0.01,0.82,0.54,-0.09,0.38,-0.07,0.30,-56.53,99.74,177.84,16.48,24,
0.02,-0.77,-0.73,-0.01,0.82,0.53,-0.09,0.38,-0.11,0.30,-56.78,99.76,172.18,16.48,27,
0.03,-0.43,-0.76,0.13,0.82,0.53,-0.09,0.39,-0.11,0.30,-56.64,99.79,171.99,16.48,25,
0.03,-0.53,-0.73,0.13,0.82,0.54,-0.10,0.39,-0.11,0.30,-56.42,100.17,172.87,16.48,24,
0.04,-0.60,-0.71,0.13,0.82,0.53,-0.09,0.38,-0.12,0.30,-56.67,99.83,171.77,16.48,24,
0.04,-0.52,-0.70,0.11,0.82,0.53,-0.09,0.38,-0.11,0.30,-56.68,100.09,172.25,16.48,25,
0.05,-0.53,-0.68,0.03,0.82,0.54,-0.09,0.38,-0.12,0.30,-56.53,99.70,171.49,16.48,26,
0.05,-0.40,-0.69,0.19,0.82,0.53,-0.09,0.38,-0.11,0.30,-56.68,99.82,172.81,16.48,25,
0.06,-0.31,-0.50,0.22,0.82,0.53,-0.09,0.38,-0.12,0.30,-56.58,100.02,171.47,16.48,26,
0.06,-0.64,-0.55,0.03,0.82,0.53,-0.10,0.38,-0.11,0.30,-56.48,100.10,172.58,16.48,23,
0.07,-0.61,-0.67,0.11,0.82,0.53,-0.09,0.39,-0.11,0.30,-56.56,100.03,172.23,16.48,24,
0.07,-0.46,-0.70,0.01,0.82,0.54,-0.09,0.38,-0.11,0.30,-56.53,99.93,172.25,16.48,25,
0.08,-0.67,-0.58,0.34,0.82,0.53,-0.08,0.38,-0.12,0.30,-56.70,98.44,171.83,16.48,25,
0.08,-0.88,-0.79,0.19,0.82,0.54,-0.09,0.38,-0.11,0.30,-56.62,99.63,172.33,16.48,25,
0.09,-0.59,-0.76,0.19,0.82,0.53,-0.09,0.38,-0.12,0.30,-56.67,99.89,170.95,16.48,26,
0.09,-0.76,-0.84,0.19,0.82,0.53,-0.09,0.39,-0.12,0.30,-56.57,99.75,171.84,16.48,25,
0.10,-0.47,-0.62,0.25,0.82,0.53,-0.09,0.38,-0.11,0.30,-56.71,99.32,171.98,16.48,26,
0.10,-0.59,-0.79,0.01,0.82,0.53,-0.09,0.38,-0.12,0.29,-56.60,99.93,171.54,16.48,26,
0.11,-0.65,-0.81,0.11,0.82,0.53,-0.09,0.39,-0.11,0.30,-56.61,99.65,172.69,16.48,24,
0.11,-0.51,-0.56,0.17,0.82,0.54,-0.09,0.38,-0.12,0.30,-56.44,99.96,171.12,16.48,26,
0.12,-0.55,-0.60,0.25,0.82,0.53,-0.09,0.38,-0.11,0.30,-56.64,99.30,172.14,16.48,24,
0.12,-0.62,-0.64,0.18,0.82,0.53,-0.09,0.38,-0.12,0.29,-56.52,99.58,171.64,16.48,24,
0.13,-0.67,-0.60,0.10,0.82,0.54,-0.10,0.38,-0.11,0.30,-56.51,100.14,172.07,16.48,27,
0.13,-0.61,-0.62,0.18,0.82,0.54,-0.09,0.38,-0.11,0.30,-56.50,99.96,171.74,16.48,26,
0.19,-0.48,-0.65,0.25,0.82,0.53,-0.09,0.38,-0.11,0.30,-56.71,99.56,172.10,16.48,24,
0.31,-0.52,-0.70,0.12,0.82,0.54,-0.09,0.38,-0.12,0.30,-56.49,99.58,171.77,16.48,23,
0.46,-0.69,-0.80,0.07,0.82,0.53,-0.09,0.38,-0.11,0.30,-56.75,99.54,172.09,16.48,25,
0.59,-0.51,-0.95,0.10,0.82,0.53,-0.09,0.39,-0.12,0.30,-56.57,99.87,171.38,16.48,24,
0.71,-0.52,-0.70,0.16,0.82,0.53,-0.09,0.39,-0.11,0.31,-56.54,99.95,172.12,16.48,25,
0.85,-0.48,-0.60,0.06,0.82,0.53,-0.09,0.39,-0.11,0.30,-56.61,99.69,172.26,16.48,24,
0.96,-0.45,-0.64,0.19,0.82,0.53,-0.09,0.38,-0.12,0.30,-56.66,100.04,171.55,16.48,23,
1.09,-0.45,-0.60,0.05,0.82,0.53,-0.09,0.39,-0.11,0.30,-56.62,99.75,172.28,16.48,25,
1.24,-0.64,-0.73,0.16,0.82,0.53,-0.09,0.39,-0.12,0.30,-56.79,100.06,171.51,16.48,26,
1.35,-0.58,-0.46,0.07,0.82,0.53,-0.09,0.38,-0.11,0.30,-56.66,100.08,172.17,16.48,25,
1.50,-0.40,-0.79,0.20,0.82,0.53,-0.09,0.39,-0.12,0.29,-56.66,99.11,171.56,16.48,26,
1.61,-0.65,-0.64,0.19,0.83,0.53,-0.09,0.38,-0.11,0.30,-56.80,99.67,172.36,16.48,24,
1.76,-0.51,-0.69,0.07,0.82,0.53,-0.09,0.38,-0.12,0.29,-56.58,100.08,171.78,16.48,26,
1.87,-0.47,-0.67,0.12,0.82,0.54,-0.09,0.38,-0.11,0.30,-56.55,99.51,172.76,16.48,25,
2.01,-0.58,-0.61,0.00,0.82,0.53,-0.09,0.39,-0.12,0.30,-56.72,99.72,172.07,16.48,26,
2.13,-0.73,-0.70,0.13,0.82,0.54,-0.09,0.39,-0.11,0.29,-56.41,99.74,172.41,16.48,23,
2.29,-0.66,-0.73,0.19,0.82,0.53,-0.09,0.39,-0.12,0.30,-56.60,99.91,171.64,16.48,25,
2.39,-0.45,-0.71,0.19,0.82,0.53,-0.09,0.38,-0.11,0.30,-56.60,99.86,172.17,16.48,25,
2.52,-0.52,-0.70,0.04,0.82,0.53,-0.09,0.38,-0.11,0.31,-56.72,99.70,172.08,16.48,26,
2.65,-0.64,-0.75,-0.06,0.82,0.53,-0.09,0.38,-0.11,0.31,-56.64,99.58,173.02,16.48,26,
2.81,-0.58,-0.83,0.12,0.82,0.53,-0.08,0.39,-0.11,0.31,-56.65,98.58,172.37,16.48,25,
2.91,-0.64,-0.63,0.23,0.82,0.53,-0.10,0.39,-0.11,0.30,-56.53,100.24,172.18,16.48,27,
3.04,-0.80,-0.64,0.12,0.82,0.54,-0.09,0.39,-0.11,0.30,-56.47,99.91,172.46,16.48,26,
3.18,-0.55,-0.86,0.04,0.82,0.53,-0.09,0.38,-0.11,0.29,-56.76,99.26,172.03,16.48,26,
3.33,-0.61,-0.77,0.21,0.82,0.53,-0.10,0.38,-0.11,0.30,-56.57,100.63,172.49,16.48,26,
3.44,-0.55,-0.80,1.88,0.82,0.54,-0.09,0.38,-0.12,0.30,-56.61,99.60,171.77,16.48,24,
3.56,-0.66,-0.92,0.08,0.82,0.53,-0.09,0.38,-0.11,0.30,-56.62,99.89,172.12,16.48,24,
3.71,-0.42,-0.67,0.09,0.82,0.53,-0.09,0.39,-0.12,0.30,-56.64,99.84,171.44,16.48,25,
3.84,-0.70,-0.73,0.12,0.82,0.54,-0.10,0.39,-0.11,0.31,-56.48,100.06,172.48,16.48,26,
3.97,-0.59,-0.58,0.16,0.82,0.53,-0.09,0.39,-0.11,0.30,-56.60,99.68,172.33,16.48,25,
4.10,-0.69,-0.70,0.26,0.82,0.54,-0.09,0.39,-0.11,0.30,-56.51,100.05,172.60,16.48,24,
4.23,-0.44,-0.65,0.00,0.82,0.54,-0.09,0.38,-0.12,0.30,-56.48,99.83,171.77,16.48,26,
4.36,-0.28,-0.77,0.20,0.82,0.54,-0.09,0.38,-0.11,0.30,-56.52,99.47,172.68,16.48,24,
4.48,-0.55,-0.87,0.16,0.82,0.54,-0.10,0.39,-0.12,0.30,-56.45,100.78,171.98,16.48,24,
4.62,-0.37,-0.78,0.23,0.82,0.54,-0.09,0.39,-0.11,0.30,-56.48,99.24,173.05,16.48,25,
4.75,-0.67,-0.73,0.22,0.82,0.53,-0.10,0.39,-0.12,0.30,-56.87,100.43,171.88,16.48,23,
4.88,-0.64,-0.64,0.02,0.82,0.54,-0.10,0.38,-0.11,0.30,-56.29,100.59,172.21,16.48,25,
5.02,-0.59,-0.68,0.18,0.82,0.53,-0.09,0.39,-0.11,0.30,-56.63,99.90,173.32,16.48,24,
5.13,-0.41,-0.79,0.28,0.82,0.54,-0.09,0.38,-0.11,0.29,-56.58,100.06,172.11,16.48,24,
5.28,-0.65,-0.61,0.08,0.82,0.54,-0.10,0.39,-0.11,0.30,-56.51,100.11,172.80,16.48,25,
5.39,-0.72,-0.67,0.10,0.82,0.53,-0.09,0.38,-0.12,0.30,-56.69,99.68,171.20,16.48,25,
5.53,-0.64,-0.86,0.12,0.82,0.54,-0.10,0.39,-0.11,0.31,-56.57,100.16,172.26,16.48,25,
5.66,-0.58,-0.68,0.13,0.82,0.53,-0.09,0.39,-0.12,0.30,-56.77,99.42,171.93,16.48,25,
5.77,-0.75,-0.74,-0.04,0.82,0.54,-0.09,0.39,-0.11,0.30,-56.36,99.93,173.05,16.48,25,
5.90,-0.54,-0.73,0.16,0.82,0.54,-0.09,0.39,-0.11,0.31,-56.43,99.67,172.07,16.48,24,
6.05,-0.52,-0.67,0.13,0.82,0.54,-0.10,0.39,-0.11,0.30,-56.52,100.10,172.20,16.48,26,
6.16,-0.56,-0.75,0.13,0.82,0.53,-0.09,0.39,-0.12,0.30,-56.58,99.96,171.91,16.48,27,
6.32,-0.53,-0.90,0.00,0.82,0.54,-0.09,0.39,-0.11,0.30,-56.37,99.54,173.05,16.48,26,
6.45,-0.40,-0.79,0.21,0.82,0.54,-0.09,0.38,-0.11,0.30,-56.56,99.94,171.92,16.48,24,
6.55,-0.61,-0.68,0.16,0.82,0.53,-0.09,0.39,-0.11,0.30,-56.54,99.89,173.13,16.48,23,
6.70,-0.37,-0.81,0.12,0.82,0.54,-0.09,0.38,-0.11,0.30,-56.58,99.57,172.32,16.48,24,
6.83,-0.61,-0.63,-0.01,0.82,0.53,-0.09,0.38,-0.11,0.29,-56.67,99.42,173.25,16.48,25,
6.96,-0.48,-0.61,0.08,0.82,0.54,-0.09,0.39,-0.11,0.30,-56.52,99.85,172.70,16.48,27,
7.08,-0.50,-0.67,0.08,0.82,0.53,-0.09,0.39,-0.11,0.30,-56.71,100.10,172.65,16.48,25,
7.23,-0.76,-0.75,0.09,0.82,0.53,-0.09,0.39,-0.11,0.30,-56.74,99.74,172.68,16.48,25,
7.36,-0.64,-0.78,0.07,0.82,0.53,-0.10,0.39,-0.11,0.30,-56.72,100.18,172.90,16.48,25,
7.46,-0.42,-0.68,0.09,0.83,0.53,-0.10,0.39,-0.11,0.31,-56.65,100.15,173.31,16.48,25,
7.61,-0.71,-0.62,0.34,0.82,0.54,-0.08,0.39,-0.12,0.30,-56.62,98.40,171.91,16.48,25,
7.73,-0.37,-0.73,0.07,0.82,0.53,-0.09,0.38,-0.11,0.30,-56.72,99.68,172.22,16.48,24,
7.86,-0.56,-0.73,0.08,0.83,0.53,-0.10,0.39,-0.12,0.30,-56.71,100.18,171.35,16.48,25,
7.98,-0.69,-0.86,0.15,0.82,0.53,-0.10,0.38,-0.11,0.30,-56.58,100.12,172.13,16.48,27,
8.13,-0.79,-0.67,0.05,0.82,0.53,-0.09,0.38,-0.12,0.30,-56.84,99.31,171.49,16.48,24,
8.27,-0.32,-0.75,-0.02,0.82,0.53,-0.09,0.38,-0.11,0.32,-56.65,99.60,172.56,16.48,25,
8.39,-0.72,-0.82,0.00,0.82,0.53,-0.09,0.38,-0.12,0.31,-56.59,99.84,171.58,16.48,25,
8.52,-0.65,-0.85,-0.01,0.82,0.54,-0.09,0.38,-0.11,0.30,-56.54,99.74,172.31,16.48,26,
8.64,-0.50,-0.72,0.10,0.82,0.53,-0.10,0.39,-0.11,0.30,-56.65,100.22,172.38,16.48,26,
8.78,-0.81,-0.64,0.21,0.83,0.54,-0.09,0.38,-0.11,0.31,-56.63,99.97,172.87,16.48,26,
8.92,-0.63,-0.77,0.10,0.82,0.54,-0.11,0.38,-0.11,0.31,-56.24,101.22,172.34,16.48,25,
9.04,-0.52,-0.71,-0.01,0.83,0.53,-0.09,0.39,-0.11,0.30,-56.73,100.01,173.02,16.48,27,
9.15,-0.62,-0.79,0.13,0.82,0.53,-0.10,0.39,-0.11,0.31,-56.53,100.11,172.71,16.48,24,
9.30,-0.38,-0.75,0.16,0.82,0.53,-0.10,0.38,-0.11,0.30,-56.47,100.10,172.89,16.48,25,
9.41,-0.92,-0.91,0.13,0.82,0.53,-0.09,0.39,-0.11,0.30,-56.63,99.63,172.19,16.48,26,
9.56,-0.69,-0.68,0.19,0.82,0.53,-0.09,0.38,-0.11,0.30,-56.53,99.93,172.06,16.48,25,
9.67,-0.49,-0.70,-0.02,0.82,0.54,-0.09,0.39,-0.11,0.31,-56.61,99.70,172.94,16.48,25,
9.81,-0.39,-0.79,0.16,0.82,0.54,-0.08,0.39,-0.12,0.30,-56.68,98.48,171.91,16.48,27,
9.94,-0.58,-0.64,0.00,0.82,0.53,-0.10,0.39,-0.11,0.30,-56.52,100.14,173.02,16.48,22,
10.06,-0.50,-0.88,0.09,0.82,0.54,-0.09,0.39,-0.11,0.30,-56.51,99.56,172.48,16.48,25,
10.21,-0.69,-0.59,0.16,0.82,0.54,-0.09,0.38,-0.11,0.31,-56.42,99.66,172.94,16.48,24,
10.33,-0.58,-0.93,0.10,0.82,0.53,-0.09,0.39,-0.11,0.30,-56.57,99.99,172.12,16.48,25,
10.45,-0.64,-0.68,0.13,0.82,0.53,-0.10,0.39,-0.11,0.30,-56.51,100.24,173.01,16.48,26,
10.61,-0.67,-0.74,-0.01,0.82,0.53,-0.10,0.39,-0.11,0.30,-56.81,100.55,172.03,16.48,25,
10.73,-0.73,-0.91,0.13,0.82,0.54,-0.09,0.39,-0.11,0.30,-56.34,100.05,172.68,16.48,27,
10.86,-0.60,-0.76,0.05,0.82,0.54,-0.09,0.39,-0.11,0.30,-56.57,100.00,172.28,16.48,24,
10.98,-0.49,-0.79,0.05,0.82,0.54,-0.10,0.38,-0.11,0.30,-56.56,100.21,172.31,16.48,24,
11.11,-0.53,-0.61,0.05,0.82,0.54,-0.09,0.39,-0.11,0.30,-56.54,99.68,172.19,16.48,24,
11.24,-0.53,-0.80,0.15,0.82,0.54,-0.10,0.39,-0.11,0.30,-56.21,100.79,172.44,16.48,26,
11.36,-0.37,-0.70,0.31,0.82,0.53,-0.08,0.38,-0.10,0.31,-56.86,98.81,173.80,16.48,24,
11.51,-0.57,-0.50,0.28,0.83,0.53,-0.09,0.39,-0.11,0.30,-56.83,99.71,172.10,16.48,23,
11.62,-0.56,-0.89,0.21,0.82,0.53,-0.10,0.39,-0.11,0.30,-56.55,100.18,172.78,16.48,24,
11.77,-0.52,-0.62,0.15,0.82,0.53,-0.09,0.39,-0.11,0.30,-56.59,99.63,172.28,16.48,25,
11.90,-0.53,-0.69,1.90,0.82,0.53,-0.09,0.38,-0.11,0.31,-56.78,99.48,172.76,16.48,24,
12.03,-0.54,-0.72,0.13,0.82,0.54,-0.09,0.39,-0.12,0.31,-56.55,99.72,171.92,16.48,25,
12.15,-0.66,-0.59,0.25,0.82,0.53,-0.09,0.38,-0.11,0.30,-56.65,99.71,173.21,16.48,26,
12.30,-0.61,-0.67,0.10,0.82,0.53,-0.09,0.39,-0.11,0.30,-56.58,99.98,172.20,16.48,24,
12.42,-0.62,-0.77,0.07,0.82,0.53,-0.09,0.39,-0.11,0.29,-56.64,99.64,172.74,16.48,25,
12.54,-0.42,-0.70,0.12,0.82,0.53,-0.08,0.39,-0.12,0.29,-56.76,98.41,171.95,16.48,25,
12.68,-0.43,-0.61,0.19,0.82,0.53,-0.10,0.38,-0.11,0.30,-56.64,100.14,172.51,16.48,25,
12.79,-0.70,-0.64,0.08,0.82,0.54,-0.09,0.38,-0.11,0.31,-56.46,99.62,172.80,16.48,23,
12.95,-0.42,-0.73,0.03,0.82,0.53,-0.09,0.38,-0.11,0.32,-56.67,99.89,173.00,16.48,24,
13.08,-0.62,-0.67,0.19,0.82,0.53,-0.09,0.39,-0.11,0.32,-56.67,99.79,173.22,16.48,24,
13.19,-0.72,-0.78,0.16,0.82,0.53,-0.11,0.39,-0.11,0.31,-56.39,101.35,173.07,16.48,25,
13.31,-0.46,-0.64,0.13,0.82,0.53,-0.09,0.39,-0.11,0.31,-56.49,99.69,172.92,16.48,25,
13.44,-0.65,-0.67,-0.01,0.82,0.53,-0.10,0.39,-0.11,0.30,-56.71,100.22,172.13,16.48,24,
13.57,-0.61,-0.73,0.13,0.82,0.54,-0.09,0.39,-0.11,0.31,-56.52,99.11,172.41,16.48,25,
13.71,-0.65,-0.90,0.06,0.83,0.53,-0.09,0.39,-0.11,0.30,-56.76,100.06,172.74,16.48,24,
13.85,-0.79,-0.73,0.19,0.82,0.53,-0.09,0.39,-0.11,0.31,-56.62,99.98,173.36,16.48,25,
13.98,-0.34,-0.69,0.25,0.82,0.54,-0.09,0.39,-0.11,0.30,-56.60,99.79,172.18,16.48,26,
14.09,-0.59,-0.74,0.19,0.82,0.54,-0.09,0.38,-0.11,0.31,-56.45,99.51,173.14,16.48,25,
14.25,-0.49,-0.76,0.19,0.82,0.53,-0.09,0.39,-0.12,0.30,-56.58,99.89,171.69,16.48,24,
14.38,-0.46,-0.67,0.07,0.82,0.53,-0.09,0.38,-0.11,0.31,-56.75,100.05,172.83,16.48,24,
14.51,-0.55,-0.59,0.18,0.82,0.54,-0.09,0.39,-0.12,0.30,-56.50,99.72,171.56,16.48,25,
14.62,-0.67,-0.70,0.12,0.82,0.54,-0.08,0.38,-0.11,0.30,-56.66,98.43,172.86,16.48,26,
15.01,-0.58,-0.82,0.13,0.82,0.54,-0.09,0.38,-0.12,0.31,-56.55,99.85,171.93,16.48,26,
15.20,-0.41,-0.81,0.00,0.82,0.53,-0.09,0.38,-0.11,0.31,-56.70,99.59,172.47,16.48,24,
15.22,-0.48,-0.75,0.09,0.82,0.53,-0.09,0.39,-0.11,0.30,-56.58,99.65,172.50,16.48,26,
15.26,-0.71,-0.72,0.17,0.82,0.53,-0.09,0.39,-0.11,0.30,-56.48,99.90,172.59,16.48,24,
15.29,-0.55,-0.90,0.14,0.82,0.53,-0.09,0.38,-0.11,0.31,-56.67,99.55,172.27,16.48,26,
15.40,-0.66,-0.70,0.07,0.82,0.53,-0.09,0.39,-0.11,0.31,-56.71,100.13,172.50,16.48,26,
15.52,-0.53,-0.72,0.01,0.82,0.53,-0.09,0.38,-0.11,0.31,-56.57,100.10,173.28,16.48,27,
15.66,-0.39,-0.59,0.04,0.82,0.53,-0.09,0.39,-0.11,0.31,-56.57,99.92,172.43,16.48,23,
15.81,-0.70,-0.60,0.24,0.82,0.54,-0.10,0.39,-0.11,0.31,-56.50,100.39,173.10,16.48,24,
15.91,-0.61,-0.67,0.06,0.82,0.54,-0.11,0.39,-0.11,0.30,-56.25,101.40,172.00,16.48,24,
16.07,-0.49,-0.58,0.15,0.82,0.53,-0.09,0.39,-0.11,0.30,-56.62,99.76,172.42,16.48,26,
16.18,-0.81,-0.89,0.07,0.82,0.54,-0.09,0.38,-0.11,0.30,-56.48,99.96,171.91,16.48,25,
16.31,-0.28,-0.68,0.13,0.82,0.53,-0.09,0.38,-0.11,0.30,-56.56,100.02,172.07,16.48,24,
16.43,-0.65,-0.79,0.06,0.82,0.53,-0.09,0.38,-0.12,0.30,-56.75,99.87,171.69,16.48,24,
16.56,-0.43,-0.75,0.18,0.82,0.53,-0.09,0.38,-0.11,0.30,-56.63,99.65,172.67,16.48,24,
16.69,-0.41,-0.43,0.19,0.82,0.54,-0.09,0.39,-0.12,0.31,-56.55,99.77,172.06,16.48,24,
16.82,-0.77,-0.58,0.02,0.82,0.53,-0.09,0.38,-0.11,0.31,-56.68,99.90,172.60,16.48,26,
16.97,-0.65,-0.63,-0.01,0.82,0.53,-0.09,0.39,-0.12,0.30,-56.61,99.80,171.82,16.48,25,
17.10,-0.34,-0.59,-0.04,0.82,0.54,-0.09,0.39,-0.11,0.31,-56.47,99.45,172.16,16.48,27,
17.21,-0.56,-0.76,0.07,0.82,0.54,-0.09,0.39,-0.11,0.30,-56.55,99.78,172.78,16.48,26,
17.34,-0.65,-0.87,0.20,0.82,0.54,-0.09,0.39,-0.11,0.30,-56.40,99.57,172.02,16.48,25,
17.47,-0.57,-0.82,0.07,0.82,0.53,-0.09,0.39,-0.11,0.30,-56.54,100.00,172.60,16.48,25,
17.60,-0.62,-0.69,0.10,0.82,0.54,-0.09,0.38,-0.11,0.30,-56.43,99.81,172.21,16.48,26,
17.74,-0.79,-0.81,0.07,0.82,0.53,-0.09,0.39,-0.11,0.30,-56.56,99.82,172.77,16.48,25,
17.86,-0.64,-0.77,0.08,0.83,0.53,-0.09,0.38,-0.11,0.30,-56.66,99.92,171.98,16.48,25,
17.99,-0.55,-0.86,0.15,0.83,0.54,-0.09,0.38,-0.10,0.30,-56.68,99.59,173.33,16.48,26,
18.13,-0.49,-0.67,0.16,0.82,0.53,-0.09,0.39,-0.11,0.29,-56.65,99.75,172.30,16.48,25,
18.25,-0.61,-0.58,0.05,0.83,0.53,-0.09,0.38,-0.11,0.30,-56.76,99.54,172.59,16.48,25,
18.40,-0.69,-0.67,-0.07,0.82,0.53,-0.09,0.38,-0.11,0.29,-56.67,100.08,172.05,16.48,25,
18.51,-0.72,-0.78,0.09,0.82,0.53,-0.09,0.38,-0.11,0.31,-56.56,100.06,172.61,16.48,24,
18.65,-0.56,-0.96,0.13,0.82,0.53,-0.09,0.39,-0.12,0.30,-56.63,99.86,171.48,16.48,25,
18.77,-0.67,-0.63,0.16,0.82,0.53,-0.09,0.39,-0.11,0.30,-56.64,99.49,172.02,16.48,26,
18.92,-0.52,-0.87,0.22,0.82,0.53,-0.09,0.38,-0.11,0.30,-56.61,99.88,172.93,16.48,26,
19.03,-0.68,-0.74,0.19,0.82,0.53,-0.10,0.39,-0.11,0.30,-56.51,100.18,173.55,16.48,23,
19.17,-0.61,-0.75,0.08,0.82,0.54,-0.09,0.39,-0.11,0.29,-56.55,100.02,172.94,16.48,23,
19.30,-0.77,-0.76,0.16,0.82,0.53,-0.09,0.38,-0.12,0.29,-56.55,99.88,171.19,16.48,25,
19.43,-0.52,-0.81,0.04,0.82,0.53,-0.09,0.39,-0.11,0.30,-56.56,99.86,172.66,16.48,25,
19.56,-0.27,-0.71,0.05,0.82,0.54,-0.09,0.39,-0.11,0.29,-56.50,99.77,172.42,16.48,27,
19.68,-0.61,-0.73,0.16,0.82,0.53,-0.08,0.39,-0.11,0.30,-56.55,98.34,172.82,16.48,25,
19.83,-0.61,-0.75,0.10,0.83,0.53,-0.09,0.39,-0.12,0.30,-56.71,99.65,171.70,16.48,24,
19.97,-0.70,-0.86,0.04,0.82,0.53,-0.09,0.38,-0.11,0.30,-56.77,99.85,172.49,16.48,24,
20.07,-0.58,-0.74,0.10,0.82,0.53,-0.10,0.39,-0.12,0.30,-56.48,100.72,172.10,16.48,24,
20.21,-0.79,-0.73,0.31,0.82,0.52,-0.09,0.39,-0.11,0.30,-57.27,100.19,172.64,16.48,25,
20.36,-0.64,-0.64,0.10,0.82,0.54,-0.09,0.39,-0.12,0.29,-56.49,99.77,171.83,16.48,25,
20.47,-0.64,-0.71,0.10,0.82,0.53,-0.09,0.39,-0.11,0.30,-56.51,99.56,172.42,16.48,24,
20.62,-0.81,-0.74,0.18,0.82,0.53,-0.09,0.38,-0.12,0.30,-56.64,99.77,171.79,16.48,26,
20.73,-0.52,-0.84,0.10,0.82,0.54,-0.09,0.38,-0.11,0.30,-56.56,99.71,172.68,16.48,23,
20.85,-0.29,-0.61,0.10,0.82,0.53,-0.09,0.39,-0.12,0.30,-56.54,99.87,172.16,16.48,24,
20.98,-0.70,-0.79,0.18,0.82,0.53,-0.09,0.39,-0.11,0.30,-56.48,100.00,173.18,16.48,25,
21.13,-0.67,-0.77,0.13,0.82,0.54,-0.09,0.38,-0.11,0.30,-56.60,99.80,172.45,16.48,25,
21.25,-0.52,-0.55,0.13,0.82,0.53,-0.09,0.38,-0.11,0.30,-56.56,99.97,172.86,16.48,27,
21.37,-0.98,-0.60,0.08,0.82,0.53,-0.09,0.39,-0.11,0.30,-56.76,100.01,172.87,16.48,25,
21.51,-0.50,-0.73,0.12,0.82,0.53,-0.10,0.38,-0.12,0.30,-56.56,100.35,171.22,16.48,26,
21.64,-0.67,-0.73,0.24,0.83,0.53,-0.08,0.38,-0.11,0.30,-56.90,98.50,172.28,16.48,27,
21.76,-0.63,-0.81,0.16,0.82,0.53,-0.09,0.39,-0.11,0.30,-56.64,99.56,173.22,16.48,24,
21.89,-0.44,-0.60,-0.06,0.82,0.54,-0.09,0.38,-0.11,0.31,-56.51,99.84,172.70,16.48,23,
22.04,-0.60,-0.81,0.10,0.82,0.53,-0.09,0.39,-0.11,0.30,-56.72,99.49,172.19,16.48,23,
22.15,-0.51,-0.56,0.06,0.82,0.54,-0.09,0.39,-0.10,0.30,-56.46,99.57,173.37,16.48,24,
22.29,-0.49,-0.78,0.13,0.82,0.54,-0.10,0.39,-0.11,0.31,-56.38,100.05,172.43,16.48,24,
22.43,-0.58,-0.68,0.05,0.82,0.53,-0.09,0.38,-0.11,0.31,-56.77,99.67,173.03,16.48,24,
22.54,-0.60,-0.84,-0.02,0.82,0.54,-0.09,0.38,-0.12,0.30,-56.49,99.89,171.43,16.48,27,
22.70,-0.25,-0.75,0.16,0.82,0.54,-0.10,0.38,-0.10,0.30,-56.38,100.17,173.31,16.48,24,
22.81,-0.59,-0.61,0.07,0.82,0.53,-0.09,0.38,-0.11,0.30,-56.60,99.79,172.08,16.48,27,
22.96,-0.55,-0.54,0.15,0.82,0.53,-0.09,0.38,-0.11,0.29,-56.62,99.85,172.81,16.48,26,
23.07,-0.77,-0.74,0.04,0.82,0.53,-0.09,0.38,-0.11,0.29,-56.66,99.85,172.08,16.48,25,
23.19,-0.44,-0.84,0.13,0.82,0.53,-0.09,0.38,-0.11,0.29,-56.68,99.91,172.17,16.48,26,
23.33,-0.83,-0.75,0.10,0.82,0.53,-0.09,0.39,-0.11,0.30,-56.57,99.66,173.14,16.48,25,
23.45,-0.41,-0.62,0.06,0.82,0.54,-0.09,0.38,-0.11,0.29,-56.51,99.83,172.67,16.48,25,
23.60,-0.64,-0.87,0.09,0.82,0.54,-0.09,0.39,-0.11,0.30,-56.45,99.71,172.71,16.48,27,
23.72,-0.43,-0.73,0.10,0.82,0.54,-0.09,0.39,-0.11,0.30,-56.53,99.63,172.43,16.48,24,
23.85,-0.66,-0.78,0.10,0.82,0.53,-0.09,0.39,-0.10,0.31,-56.60,99.66,173.45,16.48,24,
23.98,-0.43,-0.83,0.19,0.82,0.53,-0.09,0.39,-0.11,0.30,-56.74,99.87,172.14,16.48,26,
24.10,-0.64,-0.58,0.31,0.82,0.54,-0.09,0.38,-0.11,0.31,-56.65,99.37,172.68,16.48,24,
24.26,-0.56,-0.68,0.07,0.82,0.53,-0.09,0.38,-0.11,0.30,-56.60,100.07,173.11,16.48,24,
24.38,-0.38,-0.75,0.09,0.82,0.53,-0.09,0.38,-0.10,0.29,-56.74,99.65,173.74,16.48,27,
24.52,-0.58,-0.64,0.03,0.82,0.53,-0.09,0.39,-0.11,0.30,-56.59,99.39,173.34,16.48,24,
24.63,-0.46,-0.56,0.07,0.82,0.53,-0.09,0.38,-0.10,0.30,-56.70,99.57,173.44,16.48,25,
24.76,-0.65,-0.70,0.19,0.82,0.54,-0.09,0.39,-0.11,0.30,-56.50,99.98,172.31,16.48,27,
24.88,-0.61,-0.79,0.10,0.82,0.53,-0.09,0.38,-0.11,0.31,-56.69,99.14,173.04,16.48,25,
25.03,-0.73,-0.87,0.28,0.82,0.53,-0.09,0.39,-0.10,0.30,-56.70,99.28,173.67,16.48,25,
25.14,-0.58,-0.72,0.09,0.82,0.54,-0.09,0.38,-0.11,0.30,-56.40,99.60,172.75,16.48,23,
25.29,-0.85,-0.77,0.12,0.83,0.53,-0.09,0.38,-0.10,0.31,-56.66,100.05,173.21,16.48,24,
25.42,-0.73,-0.64,0.09,0.82,0.54,-0.09,0.38,-0.11,0.30,-56.53,99.84,172.35,16.48,25,
25.53,-0.60,-0.52,0.10,0.82,0.53,-0.09,0.38,-0.11,0.30,-56.65,99.90,173.08,16.48,25,
25.66,-0.52,-0.77,0.32,0.82,0.54,-0.08,0.38,-0.11,0.30,-56.65,98.33,172.06,16.48,28,
25.82,-0.49,-0.64,-0.04,0.82,0.54,-0.09,0.38,-0.11,0.31,-56.59,99.59,172.89,16.48,26,
25.95,-0.34,-0.80,0.08,0.82,0.54,-0.09,0.38,-0.11,0.31,-56.41,99.86,172.48,16.48,24,
26.06,-0.61,-0.90,0.08,0.82,0.54,-0.09,0.38,-0.10,0.30,-56.51,99.72,173.06,16.48,25,
26.21,-0.78,-0.73,0.07,0.82,0.54,-0.09,0.38,-0.11,0.30,-56.52,99.95,172.12,16.48,26,
26.32,-0.63,-0.70,0.18,0.82,0.54,-0.09,0.39,-0.11,0.31,-56.57,99.99,172.89,16.48,25,
26.45,-0.58,-0.73,0.22,0.82,0.53,-0.09,0.38,-0.11,0.30,-56.62,99.84,172.33,16.48,27,
26.58,-0.59,-0.81,0.09,0.82,0.53,-0.09,0.38,-0.11,0.31,-56.66,99.93,172.88,16.48,24,
26.71,-0.70,-0.67,0.16,0.82,0.53,-0.10,0.39,-0.11,0.30,-56.69,100.12,172.40,16.48,25,
26.84,-0.53,-0.68,0.04,0.82,0.53,-0.09,0.39,-0.11,0.31,-56.68,99.98,172.50,16.48,26,
26.96,-0.52,-0.67,0.11,0.82,0.53,-0.09,0.39,-0.11,0.30,-56.64,99.69,173.28,16.48,26,
27.10,-0.61,-0.73,0.07,0.82,0.54,-0.09,0.38,-0.12,0.29,-56.48,99.78,171.73,16.48,24,
27.25,-0.53,-0.80,0.26,0.82,0.53,-0.09,0.39,-0.11,0.31,-56.50,99.69,173.13,16.48,27,
27.38,-0.42,-0.58,-1.87,0.82,0.53,-0.09,0.38,-0.11,0.30,-56.53,99.46,172.03,16.48,25,
27.49,-0.39,-0.60,0.16,0.82,0.54,-0.09,0.39,-0.11,0.30,-56.54,99.60,172.87,16.48,24,
27.62,-0.49,-0.65,0.10,0.82,0.53,-0.09,0.38,-0.11,0.30,-56.61,99.99,172.47,16.48,25,
27.77,-0.52,-0.61,0.06,0.82,0.53,-0.09,0.39,-0.11,0.30,-56.72,99.69,173.05,16.48,24,
27.88,-0.59,-0.46,0.12,0.82,0.53,-0.09,0.39,-0.11,0.30,-56.54,99.96,172.06,16.48,23,
28.01,-0.66,-0.64,0.02,0.82,0.53,-0.09,0.38,-0.11,0.31,-56.62,100.07,173.07,16.48,26,
28.14,-0.71,-0.63,0.13,0.82,0.54,-0.09,0.39,-0.12,0.30,-56.55,99.76,171.52,16.48,26,
28.27,-0.52,-0.65,0.26,0.82,0.53,-0.09,0.39,-0.11,0.31,-56.71,99.85,173.04,16.48,24,
28.40,-0.45,-0.74,0.05,0.82,0.54,-0.09,0.39,-0.12,0.31,-56.49,99.40,171.91,16.48,27,
28.52,-0.47,-0.67,0.09,0.82,0.54,-0.09,0.39,-0.08,0.31,-56.56,99.72,177.55,16.48,25,
28.66,-0.41,-0.46,0.16,0.82,0.54,-0.09,0.39,-0.11,0.30,-56.51,99.99,172.50,16.48,27,
28.81,-0.56,-0.65,0.16,0.82,0.54,-0.09,0.38,-0.11,0.30,-56.53,99.73,172.81,16.48,26,
28.94,-0.48,-0.81,0.01,0.82,0.54,-0.09,0.38,-0.11,0.31,-56.44,99.92,172.62,16.48,26,
29.07,-0.46,-0.67,0.14,0.82,0.53,-0.09,0.38,-0.11,0.30,-56.58,99.69,172.24,16.48,26,
29.20,-0.47,-0.87,0.13,0.82,0.54,-0.11,0.38,-0.11,0.30,-56.41,101.40,171.92,16.48,24,
29.33,-0.57,-0.69,0.10,0.82,0.53,-0.09,0.38,-0.11,0.30,-56.72,99.86,171.90,16.48,26,
29.46,-0.46,-0.75,0.10,0.82,0.54,-0.09,0.38,-0.11,0.31,-56.46,99.72,172.33,16.48,25,
29.58,-0.62,-0.70,0.08,0.82,0.54,-0.09,0.38,-0.12,0.30,-56.63,99.79,171.79,16.48,25,
29.70,-0.64,-0.67,0.19,0.82,0.53,-0.09,0.38,-0.11,0.31,-56.64,99.44,172.73,16.48,24,
29.83,-0.62,-0.68,0.18,0.82,0.53,-0.09,0.38,-0.12,0.31,-56.55,99.92,171.68,16.48,24,
29.98,-0.65,-0.61,0.22,0.82,0.54,-0.09,0.38,-0.11,0.32,-56.58,99.58,172.33,16.48,26,
30.11,-0.66,-0.81,0.11,0.82,0.53,-0.09,0.39,-0.12,0.30,-56.56,99.79,171.97,16.48,25,
30.24,-0.60,-0.79,0.12,0.82,0.53,-0.09,0.38,-0.11,0.31,-56.72,99.91,172.60,16.48,25,
30.37,-0.38,-0.65,-0.02,0.82,0.53,-0.09,0.39,-0.12,0.30,-56.62,99.86,171.69,16.48,28,
30.49,-0.48,-0.86,0.16,0.82,0.54,-0.09,0.39,-0.11,0.30,-56.49,100.00,172.00,16.48,25,
30.61,-0.65,-0.73,0.19,0.82,0.53,-0.09,0.38,-0.11,0.31,-56.58,100.09,172.35,16.48,24,
30.76,-0.52,-0.67,0.07,0.82,0.53,-0.09,0.38,-0.11,0.30,-56.70,99.75,172.89,16.48,24,
30.89,-0.60,-0.64,0.17,0.82,0.54,-0.09,0.39,-0.11,0.31,-56.50,99.88,172.77,16.48,24,
31.02,-0.67,-0.68,0.19,0.82,0.53,-0.09,0.38,-0.12,0.30,-56.54,99.77,171.54,16.48,25,
31.14,-0.36,-0.77,-0.08,0.82,0.54,-0.09,0.38,-0.11,0.30,-56.46,99.38,172.43,16.48,24,
31.26,-0.66,-0.92,0.04,0.82,0.53,-0.09,0.39,-0.12,0.30,-56.68,100.01,171.87,16.48,25,
31.39,-0.67,-0.86,-0.01,0.82,0.53,-0.09,0.38,-0.11,0.30,-56.70,99.90,171.96,16.48,22,
31.52,-0.49,-0.91,0.25,0.82,0.53,-0.10,0.38,-0.12,0.30,-56.57,100.49,171.78,16.48,23,
31.67,-0.47,-0.73,0.17,0.82,0.54,-0.11,0.38,-0.11,0.30,-56.28,101.38,172.82,16.48,25,
31.79,-0.55,-0.67,0.17,0.82,0.53,-0.09,0.39,-0.11,0.30,-56.58,100.01,172.15,16.48,26,
31.90,-0.51,-0.75,0.06,0.82,0.53,-0.09,0.38,-0.11,0.30,-56.59,99.81,172.26,16.48,24,
32.05,-0.63,-0.80,0.25,0.82,0.53,-0.09,0.39,-0.12,0.30,-56.64,99.83,170.92,16.48,24,
32.18,-0.58,-0.83,0.22,0.82,0.53,-0.09,0.38,-0.12,0.31,-56.67,99.99,171.74,16.48,24,
32.30,-0.72,-0.76,0.07,0.82,0.54,-0.09,0.38,-0.11,0.31,-56.54,99.77,171.85,16.48,26,
32.45,-0.43,-0.62,0.10,0.82,0.53,-0.09,0.39,-0.12,0.30,-56.56,99.70,171.83,16.48,26,
32.57,-0.73,-0.67,0.08,0.82,0.54,-0.09,0.38,-0.11,0.31,-56.44,99.79,172.85,16.48,23,
32.71,-0.68,-0.53,0.07,0.82,0.54,-0.10,0.39,-0.12,0.31,-56.49,100.08,171.74,16.48,23,
32.83,-0.87,-0.62,0.07,0.82,0.53,-0.09,0.39,-0.11,0.31,-56.60,99.76,172.67,16.48,24,
32.97,-0.39,-0.78,-0.01,0.83,0.54,-0.11,0.39,-0.12,0.30,-56.52,101.45,171.56,16.48,27,
33.09,-0.68,-0.53,0.10,0.83,0.53,-0.09,0.39,-0.11,0.31,-56.82,99.74,172.88,16.48,24,
33.20,-0.66,-0.71,0.23,0.82,0.53,-0.09,0.39,-0.12,0.30,-56.70,100.06,171.83,16.48,28,
33.33,-0.56,-0.69,0.15,0.82,0.53,-0.09,0.38,-0.11,0.30,-56.65,99.71,172.99,16.48,24,
33.48,-0.56,-0.64,0.16,0.82,0.53,-0.09,0.38,-0.11,0.30,-56.68,99.85,172.00,16.48,25,
33.61,-0.55,-0.67,0.28,0.82,0.54,-0.09,0.39,-0.11,0.31,-56.57,99.76,172.61,16.48,26,
33.73,-0.66,-0.69,0.10,0.82,0.54,-0.09,0.39,-0.11,0.30,-56.51,99.36,172.04,16.48,23,
33.88,-0.46,-0.71,0.06,0.82,0.53,-0.09,0.38,-0.11,0.31,-56.57,99.84,173.10,16.48,24,
34.00,-0.34,-0.58,0.05,0.83,0.53,-0.09,0.38,-0.12,0.30,-56.81,99.98,171.63,16.48,24,
34.14,-0.70,-0.76,0.10,0.82,0.53,-0.09,0.39,-0.11,0.31,-56.77,100.13,172.04,16.48,22,
34.26,-0.78,-0.95,-0.05,0.82,0.53,-0.09,0.38,-0.11,0.30,-56.69,99.94,172.20,16.48,26,
34.39,-0.73,-0.69,0.08,0.83,0.53,-0.09,0.39,-0.11,0.30,-56.75,99.86,172.38,16.48,24,
34.51,-0.56,-0.70,0.14,0.82,0.53,-0.10,0.39,-0.11,0.30,-56.59,100.41,172.24,16.48,24,
34.66,-0.69,-0.73,0.10,0.82,0.54,-0.09,0.39,-0.11,0.30,-56.45,99.93,172.17,16.48,23,
34.78,-0.68,-0.79,0.20,0.82,0.53,-0.09,0.39,-0.11,0.30,-56.63,99.83,172.80,16.48,26,
34.92,-0.68,-0.76,-0.01,0.82,0.53,-0.10,0.39,-0.11,0.30,-56.51,100.15,172.44,16.48,26,
35.02,-0.64,-0.76,0.10,0.82,0.54,-0.09,0.38,-0.11,0.31,-56.40,99.74,172.92,16.48,25,
35.18,-0.61,-0.72,0.10,0.82,0.53,-0.09,0.39,-0.12,0.30,-56.93,99.67,171.82,16.48,27,
35.31,-0.55,-0.68,0.10,0.82,0.53,-0.11,0.39,-0.11,0.31,-56.56,101.20,172.29,16.48,25,
35.43,-0.48,-0.74,0.04,0.82,0.53,-0.09,0.39,-0.12,0.31,-56.70,99.86,171.83,16.48,24,
35.54,-0.65,-0.73,0.11,0.82,0.53,-0.09,0.39,-0.11,0.31,-56.55,99.97,172.48,16.48,24,
35.69,-0.73,-0.60,0.20,0.82,0.54,-0.09,0.39,-0.12,0.30,-56.47,99.76,171.78,16.48,23,
35.81,-0.58,-0.59,0.15,0.82,0.54,-0.09,0.38,-0.11,0.31,-56.63,99.35,172.33,16.48,24,
35.96,-0.72,-0.79,0.03,0.82,0.54,-0.09,0.39,-0.12,0.30,-56.57,99.54,172.08,16.48,25,
36.06,-0.43,-0.75,0.22,0.82,0.54,-0.09,0.39,-0.12,0.30,-56.50,99.82,171.58,16.48,27,
36.22,-0.65,-0.64,0.12,0.82,0.53,-0.10,0.39,-0.11,0.30,-56.66,100.13,172.50,16.48,26,
36.34,-0.70,-0.94,0.20,0.83,0.53,-0.09,0.39,-0.11,0.30,-56.82,99.83,172.71,16.48,26,
36.48,-0.40,-0.67,0.28,0.82,0.54,-0.09,0.38,-0.11,0.31,-56.51,99.91,172.15,16.48,24,
36.60,-0.64,-0.81,0.17,0.82,0.54,-0.09,0.39,-0.12,0.30,-56.51,99.92,171.50,16.48,25,
36.71,-0.50,-0.64,0.12,0.82,0.53,-0.09,0.39,-0.10,0.31,-56.55,99.97,173.39,16.48,23,
36.87,-0.31,-0.69,0.16,0.82,0.54,-0.09,0.39,-0.12,0.31,-56.56,99.81,171.13,16.48,27,
36.99,-0.47,-0.74,0.08,0.82,0.54,-0.09,0.38,-0.12,0.30,-56.56,99.79,171.88,16.48,26,
37.13,-0.62,-0.72,0.02,0.82,0.53,-0.09,0.39,-0.12,0.30,-56.76,99.81,171.88,16.48,28,
37.24,-0.52,-0.64,0.10,0.82,0.54,-0.10,0.38,-0.11,0.31,-56.42,100.56,172.57,16.48,26,
37.38,-0.45,-0.84,0.25,0.82,0.53,-0.09,0.39,-0.12,0.30,-56.79,99.35,171.69,16.48,23,
37.50,-0.64,-0.83,0.21,0.82,0.53,-0.10,0.38,-0.11,0.30,-56.68,100.57,172.15,16.48,26,
37.65,-0.67,-0.72,0.10,0.82,0.53,-0.10,0.39,-0.12,0.31,-56.64,100.09,171.09,16.48,23,
37.76,-0.64,-0.61,0.07,0.82,0.54,-0.10,0.38,-0.11,0.30,-56.51,100.10,171.95,16.48,26,
37.88,-0.49,-0.89,0.07,0.82,0.54,-0.09,0.39,-0.12,0.31,-56.43,99.71,171.67,16.48,26,
38.03,-0.55,-0.63,0.16,0.82,0.54,-0.09,0.39,-0.11,0.30,-56.41,99.64,172.21,16.48,25,
38.16,-0.57,-0.64,0.19,0.82,0.54,-0.08,0.39,-0.11,0.30,-56.62,98.43,172.52,16.48,27,
38.27,-0.64,-0.81,0.13,0.82,0.53,-0.09,0.38,-0.12,0.30,-56.67,99.82,171.82,16.48,26,
38.42,-0.42,-0.81,0.02,0.82,0.54,-0.09,0.38,-0.11,0.30,-56.55,99.91,172.12,16.48,25,
38.56,-0.46,-0.78,0.16,0.82,0.53,-0.09,0.39,-0.12,0.30,-56.56,99.93,171.09,16.48,25,
38.68,-0.70,-0.57,0.21,0.82,0.54,-0.09,0.39,-0.12,0.31,-56.52,99.51,171.91,16.48,26,
38.83,-0.78,-0.67,0.19,0.82,0.54,-0.09,0.39,-0.12,0.30,-56.51,99.77,171.75,16.48,26,
38.93,-0.46,-0.75,0.19,0.82,0.53,-0.09,0.39,-0.11,0.31,-56.62,99.90,172.79,16.48,25,
39.06,-0.58,-0.69,0.17,0.82,0.53,-0.09,0.38,-0.12,0.30,-56.62,99.87,171.54,16.48,24,
39.21,-0.39,-0.69,0.11,0.82,0.54,-0.09,0.38,-0.11,0.31,-56.49,99.79,172.78,16.48,25,
39.33,-0.61,-0.61,0.07,0.82,0.53,-0.09,0.39,-0.12,0.30,-56.58,99.80,172.08,16.48,27,
39.45,-0.61,-0.52,0.04,0.82,0.54,-0.09,0.38,-0.11,0.30,-56.42,99.95,172.13,16.48,27,
39.60,-0.64,-0.78,0.13,0.82,0.53,-0.09,0.39,-0.11,0.31,-56.78,99.42,172.00,16.48,24,
39.72,-0.49,-0.61,0.17,0.82,0.53,-0.09,0.38,-0.12,0.30,-56.65,99.80,171.76,16.48,22,
39.83,-0.55,-0.79,0.16,0.82,0.53,-0.09,0.39,-0.11,0.30,-56.77,99.45,172.01,16.48,26,
39.98,-0.28,-0.72,0.17,0.82,0.53,-0.10,0.39,-0.11,0.29,-56.45,100.68,172.87,16.48,26,
40.10,-0.58,-0.96,0.07,0.82,0.53,-0.09,0.38,-0.11,0.30,-56.89,99.64,172.03,16.48,23,
40.25,-0.44,-0.76,0.27,0.82,0.54,-0.10,0.39,-0.12,0.30,-56.31,100.11,171.44,16.48,24,
40.39,-0.68,-0.67,0.19,0.82,0.54,-0.09,0.38,-0.11,0.30,-56.58,99.03,172.29,16.48,26,
40.49,-0.93,-0.72,0.16,0.82,0.53,-0.11,0.38,-0.12,0.30,-56.52,101.35,171.88,16.48,26,
40.64,-0.49,-0.55,0.19,0.82,0.53,-0.08,0.39,-0.11,0.30,-56.85,99.00,172.86,16.48,28,
40.78,-0.67,-0.74,0.12,0.82,0.54,-0.09,0.38,-0.11,0.30,-56.54,99.52,171.99,16.48,24,
40.87,-0.46,-0.91,0.15,0.82,0.54,-0.09,0.39,-0.11,0.30,-56.34,99.62,172.78,16.48,25,
41.01,-0.67,-0.67,0.06,0.82,0.53,-0.09,0.38,-0.12,0.30,-56.67,99.84,171.68,16.48,25,
41.17,-0.72,-0.76,0.09,0.82,0.54,-0.11,0.38,-0.11,0.30,-56.35,101.42,172.19,16.48,26,
41.28,-0.61,-0.81,0.11,0.82,0.53,-0.09,0.39,-0.12,0.30,-56.48,99.85,171.70,16.48,25,
41.40,-0.71,-0.79,0.07,0.82,0.54,-0.09,0.39,-0.11,0.29,-56.63,99.94,172.07,16.48,25,
41.53,-0.79,-0.70,0.01,0.82,0.54,-0.09,0.38,-0.11,0.30,-56.38,99.40,171.86,16.48,26,
41.67,-0.48,-0.68,0.07,0.82,0.53,-0.09,0.38,-0.11,0.30,-56.62,99.93,172.47,16.48,27,
41.79,-0.74,-0.79,0.16,0.82,0.53,-0.09,0.38,-0.11,0.30,-56.63,99.85,172.35,16.48,26,
41.91,-0.79,-0.67,0.18,0.82,0.53,-0.09,0.38,-0.12,0.30,-56.58,99.65,171.74,16.48,24,
42.06,-0.72,-0.96,-0.10,0.82,0.53,-0.09,0.38,-0.12,0.30,-56.63,99.46,171.65,16.48,26,
42.18,-0.70,-0.70,0.10,0.82,0.53,-0.09,0.38,-0.12,0.30,-56.55,99.41,171.35,16.48,24,
42.33,-0.70,-0.64,0.14,0.82,0.53,-0.09,0.38,-0.12,0.30,-56.69,99.70,171.31,16.48,26,
42.44,-0.84,-0.75,0.11,0.83,0.54,-0.09,0.39,-0.12,0.30,-56.64,99.01,171.21,16.48,26,
42.56,-0.49,-0.64,0.20,0.82,0.54,-0.09,0.38,-0.11,0.31,-56.47,99.54,172.70,16.48,24,
42.70,-0.52,-0.63,0.07,0.82,0.53,-0.10,0.38,-0.12,0.30,-56.54,100.31,171.74,16.48,25,
42.83,-0.70,-0.78,0.06,0.82,0.54,-0.10,0.38,-0.11,0.30,-56.46,100.21,172.11,16.48,26,
42.96,-0.63,-0.72,-0.04,0.82,0.53,-0.09,0.38,-0.12,0.30,-56.60,99.51,171.83,16.48,23,
43.09,-0.58,-0.87,0.16,0.83,0.54,-0.09,0.39,-0.11,0.31,-56.52,99.74,172.23,16.48,26,
43.23,-0.81,-0.60,0.03,0.82,0.53,-0.10,0.39,-0.12,0.31,-56.66,100.44,171.62,16.48,27,
43.37,-0.55,-0.59,0.12,0.82,0.54,-0.09,0.38,-0.11,0.31,-56.60,99.57,172.51,16.48,27,
43.49,-0.63,-0.67,0.26,0.82,0.53,-0.10,0.38,-0.11,0.31,-56.64,100.16,172.12,16.48,25,
43.61,-0.42,-0.73,0.01,0.82,0.53,-0.09,0.39,-0.11,0.31,-56.57,99.77,172.33,16.48,24,
43.73,-0.46,-0.65,0.11,0.82,0.53,-0.09,0.39,-0.11,0.31,-56.55,99.50,172.45,16.48,26,
43.87,-0.27,-0.77,0.18,0.82,0.53,-0.09,0.38,-0.12,0.30,-56.58,99.98,171.76,16.48,27,
44.02,-0.56,-0.85,0.26,0.82,0.53,-0.09,0.39,-0.11,0.31,-56.69,99.85,172.00,16.16,26,
44.15,-0.64,-0.46,0.18,0.82,0.54,-0.09,0.38,-0.12,0.30,-56.44,99.68,171.62,16.48,24,
44.28,-0.37,-0.64,0.18,0.82,0.53,-0.09,0.38,-0.11,0.30,-56.62,99.41,172.01,16.48,23,
44.40,-0.65,-0.61,0.11,0.82,0.53,-0.09,0.38,-0.12,0.30,-56.47,100.02,171.36,16.48,25,
44.51,-0.58,-0.64,0.03,0.82,0.53,-0.09,0.38,-0.11,0.31,-56.52,99.93,172.26,16.48,24,
44.65,-0.61,-0.70,0.10,0.82,0.53,-0.09,0.38,-0.12,0.31,-56.59,99.77,171.58,16.48,27,
44.80,-0.61,-0.90,0.18,0.82,0.53,-0.09,0.38,-0.11,0.31,-56.72,99.72,172.06,16.48,27,
44.91,-0.49,-0.71,0.15,0.82,0.53,-0.10,0.38,-0.12,0.30,-56.54,100.63,171.38,16.48,27,
45.06,-0.73,-0.78,0.08,0.82,0.54,-0.09,0.38,-0.11,0.30,-56.38,99.36,171.87,16.48,27,
45.18,-0.69,-0.77,0.11,0.82,0.54,-0.09,0.38,-0.12,0.30,-56.52,99.99,171.35,16.48,23,
45.32,-0.52,-0.81,0.25,0.82,0.53,-0.10,0.38,-0.12,0.31,-56.58,100.47,171.42,16.48,24,
45.44,-0.55,-0.77,0.06,0.82,0.54,-0.09,0.39,-0.12,0.30,-56.56,99.65,171.83,16.48,25,
45.58,-0.47,-0.75,0.12,0.82,0.54,-0.09,0.39,-0.12,0.30,-56.46,99.78,171.89,16.48,25,
45.70,-0.52,-0.65,0.18,0.82,0.53,-0.09,0.39,-0.11,0.31,-56.59,99.93,172.51,16.48,25,
45.81,-0.53,-0.73,0.22,0.82,0.54,-0.09,0.39,-0.12,0.31,-56.38,100.00,171.78,16.48,25,
45.94,-0.69,-0.73,0.06,0.82,0.54,-0.09,0.39,-0.11,0.30,-56.53,99.81,172.62,16.48,26,
46.10,-0.65,-0.91,-0.04,0.82,0.54,-0.10,0.39,-0.12,0.30,-56.36,100.18,171.95,16.48,24,
46.20,-0.47,-0.76,0.03,0.81,0.54,-0.09,0.38,-0.11,0.31,-56.06,99.77,172.69,16.48,23,
46.36,-0.66,-0.52,0.22,0.82,0.53,-0.09,0.39,-0.12,0.30,-56.89,99.84,171.90,16.48,24,
46.47,-0.70,-0.73,0.30,0.82,0.54,-0.09,0.38,-0.11,0.31,-56.41,99.18,172.37,16.48,23,
46.60,-0.64,-0.76,0.01,0.82,0.54,-0.09,0.39,-0.12,0.30,-56.46,99.46,171.66,16.48,25,
46.72,-0.65,-0.59,0.16,0.82,0.54,-0.09,0.38,-0.11,0.31,-56.64,99.33,173.03,16.48,24,
46.88,-0.70,-0.60,0.21,0.82,0.53,-0.09,0.39,-0.12,0.31,-56.57,99.80,171.81,16.48,27,
46.98,-0.67,-0.55,0.19,0.82,0.53,-0.09,0.38,-0.12,0.30,-56.51,99.82,171.66,16.48,26,
47.12,-0.46,-0.66,0.12,0.82,0.54,-0.09,0.39,-0.11,0.31,-56.54,99.74,172.18,16.48,24,
47.27,-0.82,-0.85,0.06,0.82,0.53,-0.09,0.39,-0.11,0.31,-56.68,99.97,172.13,16.48,28,
47.38,-0.51,-0.67,0.18,0.82,0.53,-0.09,0.38,-0.11,0.30,-56.77,99.95,172.15,16.48,27,
47.51,-0.26,-0.70,0.07,0.82,0.53,-0.09,0.38,-0.12,0.30,-56.73,100.09,171.41,16.48,26,
47.66,-0.74,-0.70,0.07,0.82,0.53,-0.09,0.38,-0.11,0.31,-56.59,99.69,172.35,16.48,26,
47.79,-0.51,-0.70,0.14,0.82,0.53,-0.09,0.38,-0.12,0.30,-56.49,99.65,171.69,16.48,26,
47.92,-0.54,-0.72,0.25,0.82,0.54,-0.09,0.39,-0.11,0.31,-56.52,100.04,171.98,16.48,24,
48.04,-0.54,-0.86,0.20,0.82,0.53,-0.09,0.38,-0.12,0.31,-56.60,99.81,171.81,16.48,26,
48.17,-0.53,-0.76,0.12,0.82,0.53,-0.09,0.38,-0.11,0.31,-56.64,99.81,172.11,16.48,25,
48.30,-0.60,-0.65,0.10,0.82,0.54,-0.10,0.39,-0.12,0.31,-56.50,100.06,171.21,16.48,24,
48.42,-0.82,-0.81,0.06,0.82,0.53,-0.09,0.38,-0.11,0.31,-56.64,100.06,172.45,16.48,23,
48.57,-0.38,-0.74,-0.01,0.82,0.53,-0.10,0.39,-0.12,0.31,-56.50,100.10,171.75,16.48,26,
48.70,-0.61,-0.49,0.04,0.83,0.55,-0.10,0.38,-0.11,0.30,-56.19,99.97,172.44,16.48,25,
48.81,-0.65,-0.76,0.14,0.82,0.53,-0.09,0.39,-0.12,0.30,-56.62,99.53,171.47,16.48,24,
48.94,-0.58,-0.61,0.07,0.82,0.54,-0.09,0.38,-0.10,0.31,-56.49,100.04,173.19,16.48,24,
49.09,-0.67,-0.58,0.11,0.82,0.53,-0.09,0.39,-0.12,0.31,-56.59,99.95,171.71,16.48,25,
49.22,-0.58,-0.73,0.22,0.82,0.54,-0.09,0.38,-0.11,0.31,-56.39,99.85,172.01,16.48,26,
49.34,-0.61,-0.53,0.07,0.82,0.54,-0.09,0.39,-0.12,0.31,-56.54,99.73,171.89,16.48,23,
49.47,-0.39,-0.53,0.16,0.82,0.53,-0.09,0.39,-0.12,0.30,-56.54,100.01,171.97,16.48,27,
49.59,-0.61,-0.61,0.07,0.82,0.53,-0.09,0.38,-0.11,0.30,-56.58,99.72,172.01,16.48,25,
49.74,-0.61,-0.72,0.33,0.82,0.53,-0.10,0.38,-0.12,0.30,-56.58,100.17,171.46,16.48,23,
49.87,-0.61,-0.76,0.13,0.82,0.54,-0.09,0.38,-0.11,0.31,-56.47,99.75,172.62,16.48,27,
49.99,-0.61,-0.76,0.04,0.82,0.54,-0.09,0.39,-0.12,0.30,-56.53,99.67,171.59,16.48,25,
50.13,-0.66,-0.59,0.15,0.82,0.54,-0.11,0.38,-0.11,0.31,-56.47,101.28,172.24,16.48,26,
50.25,-0.55,-0.70,0.07,0.82,0.53,-0.09,0.39,-0.12,0.31,-56.70,100.09,171.15,16.48,26,
50.39,-0.67,-0.84,0.16,0.82,0.53,-0.09,0.38,-0.11,0.31,-56.66,99.91,172.14,16.48,26,
50.51,-0.52,-0.76,0.04,0.82,0.54,-0.09,0.39,-0.12,0.30,-56.57,99.78,171.02,16.48,26,
50.63,-0.72,-0.68,0.07,0.82,0.53,-0.09,0.38,-0.11,0.32,-56.57,99.69,171.87,16.48,25,
50.78,-0.68,-0.92,0.23,0.82,0.53,-0.09,0.39,-0.12,0.31,-56.62,99.76,170.84,16.48,25,
50.90,-0.61,-0.50,0.17,0.82,0.53,-0.09,0.39,-0.12,0.31,-56.60,99.93,171.42,16.48,25,
51.04,-0.38,-0.65,0.23,0.82,0.53,-0.10,0.39,-0.11,0.31,-56.56,100.10,172.39,16.48,25,
51.15,-0.72,-0.68,0.24,0.82,0.54,-0.09,0.39,-0.12,0.31,-56.53,99.84,171.51,16.48,26,
51.30,-0.79,-0.79,0.10,0.82,0.53,-0.09,0.39,-0.11,0.31,-56.72,99.69,172.33,16.48,24,
51.43,-0.61,-0.52,0.15,0.82,0.54,-0.09,0.38,-0.11,0.30,-56.21,99.88,172.02,16.48,25,
51.58,-0.33,-0.54,0.14,0.83,0.53,-0.09,0.38,-0.12,0.31,-56.79,99.86,171.62,16.48,25,
51.67,-0.49,-0.76,0.19,0.82,0.53,-0.09,0.39,-0.12,0.29,-56.70,99.90,171.27,16.48,24,
51.81,-0.65,-0.60,0.24,0.82,0.53,-0.09,0.39,-0.11,0.31,-56.57,99.50,172.94,16.48,26,
51.95,-0.46,-0.70,0.18,0.82,0.53,-0.09,0.39,-0.11,0.30,-56.75,99.59,172.22,16.48,24,
52.07,-0.56,-0.71,-0.01,0.82,0.54,-0.10,0.38,-0.11,0.31,-56.57,100.22,172.74,16.48,27,
52.20,-0.45,-0.70,0.07,0.82,0.54,-0.09,0.39,-0.11,0.29,-56.54,99.45,172.43,16.48,26,
52.32,-0.59,-0.75,0.09,0.82,0.53,-0.09,0.38,-0.11,0.31,-56.68,99.58,172.44,16.48,25,
52.47,-0.44,-0.71,0.10,0.82,0.53,-0.09,0.38,-0.11,0.30,-56.66,99.79,172.26,16.48,27,
52.59,-0.39,-0.49,0.19,0.82,0.53,-0.09,0.38,-0.11,0.31,-56.62,99.74,172.57,16.48,24,
52.74,-0.63,-0.65,0.04,0.82,0.54,-0.09,0.39,-0.12,0.31,-56.54,99.96,171.98,16.48,26,
52.84,-0.65,-0.67,0.11,0.82,0.53,-0.09,0.38,-0.12,0.31,-56.62,99.48,171.28,16.48,26,
52.98,-0.74,-0.81,0.17,0.82,0.54,-0.09,0.39,-0.12,0.30,-56.56,99.51,172.06,16.48,24,
53.12,-0.55,-0.80,0.25,0.83,0.53,-0.10,0.38,-0.11,0.30,-56.77,100.32,172.04,16.48,26,
53.24,-0.46,-0.72,0.32,0.82,0.53,-0.09,0.38,-0.11,0.31,-56.56,99.76,172.58,16.48,25,
53.38,-0.46,-0.64,0.16,0.82,0.53,-0.09,0.38,-0.12,0.30,-56.57,99.91,171.50,16.48,27,
53.49,-0.48,-0.79,0.25,0.82,0.53,-0.09,0.38,-0.11,0.30,-56.68,99.82,172.69,16.48,26,
53.62,-0.35,-0.68,0.19,0.82,0.53,-0.09,0.38,-0.12,0.31,-56.65,99.71,171.76,16.48,25,
53.75,-0.52,-0.68,0.40,0.82,0.54,-0.09,0.38,-0.11,0.30,-56.52,99.77,172.77,16.48,25,
53.88,-0.80,-0.70,0.21,0.82,0.53,-0.09,0.38,-0.11,0.31,-56.79,99.32,171.94,16.48,23,
54.03,-0.51,-0.79,0.17,0.82,0.53,-0.10,0.38,-0.11,0.31,-56.35,101.05,172.18,16.48,26,
54.16,-0.68,-0.68,0.18,0.82,0.53,-0.10,0.38,-0.12,0.31,-56.66,100.18,171.72,16.48,26,
54.27,-0.45,-0.72,0.16,0.82,0.53,-0.10,0.38,-0.11,0.31,-56.77,100.15,172.65,16.48,24,
54.40,-0.70,-0.64,-0.05,0.82,0.54,-0.09,0.39,-0.11,0.32,-56.57,99.85,172.07,16.48,25,
54.52,-0.64,-0.53,0.16,0.82,0.53,-0.09,0.38,-0.11,0.32,-56.38,99.89,172.43,16.48,26,
54.68,-0.52,-0.71,0.07,0.82,0.53,-0.10,0.39,-0.11,0.31,-56.69,100.71,172.92,16.48,26,
54.79,-0.60,-0.64,0.11,0.82,0.53,-0.09,0.38,-0.11,0.31,-56.62,99.44,171.88,16.48,25,
54.93,-0.52,-0.61,0.13,0.82,0.53,-0.09,0.39,-0.11,0.32,-56.73,99.69,172.57,16.48,25,
55.07,-0.70,-0.71,-0.09,0.82,0.54,-0.09,0.39,-0.11,0.30,-56.57,99.74,172.47,16.48,22,
55.18,-0.36,-0.60,0.14,0.82,0.53,-0.09,0.38,-0.11,0.31,-56.56,99.86,172.57,16.48,27,
55.31,-0.60,-0.75,0.21,0.82,0.53,-0.11,0.39,-0.12,0.31,-56.52,101.49,171.66,16.48,27,
55.44,-0.71,-0.64,0.10,0.82,0.54,-0.08,0.38,-0.11,0.32,-56.56,98.64,172.60,16.48,25,
55.59,-0.79,-0.65,-0.01,0.82,0.54,-0.10,0.39,-0.11,0.30,-56.46,100.16,172.19,16.48,26,
55.72,-0.60,-0.82,0.21,0.82,0.53,-0.09,0.38,-0.11,0.31,-56.74,100.09,172.62,16.48,27,
55.85,-0.73,-0.49,0.22,0.82,0.53,-0.10,0.39,-0.11,0.30,-56.67,100.44,172.62,16.48,25,
55.98,-0.57,-0.70,0.14,0.82,0.54,-0.09,0.38,-0.11,0.31,-56.55,99.99,173.09,16.48,26,
56.09,-0.70,-0.65,0.03,0.82,0.54,-0.10,0.39,-0.11,0.31,-56.44,100.27,172.35,16.48,24,
56.22,-0.57,-0.96,0.19,0.82,0.54,-0.10,0.38,-0.11,0.31,-56.19,100.16,172.35,16.48,26,
56.36,-0.64,-0.66,0.19,0.82,0.54,-0.11,0.39,-0.12,0.31,-56.25,101.23,171.38,16.48,24,
56.48,-0.64,-0.78,0.20,0.82,0.53,-0.09,0.38,-0.11,0.31,-56.68,99.48,173.06,16.48,25,
56.63,-0.73,-0.74,0.07,0.82,0.53,-0.09,0.39,-0.12,0.31,-56.61,99.97,171.99,16.48,27,
56.75,-0.67,-0.77,0.10,0.82,0.53,-0.09,0.39,-0.12,0.30,-56.67,99.77,171.67,16.48,26,
56.89,-0.64,-0.73,0.04,0.82,0.54,-0.09,0.38,-0.11,0.31,-56.54,100.03,173.14,16.48,25,
57.02,-0.43,-0.67,0.13,0.82,0.53,-0.09,0.38,-0.12,0.31,-56.49,100.00,171.83,16.48,27,
57.13,-0.54,-0.58,0.01,0.82,0.53,-0.09,0.39,-0.10,0.31,-56.56,99.93,173.77,16.48,26,
57.26,-0.33,-0.76,0.24,0.82,0.53,-0.09,0.39,-0.11,0.31,-56.60,100.08,172.28,16.48,24,
57.41,-0.54,-0.72,0.30,0.82,0.53,-0.09,0.39,-0.11,0.31,-56.83,99.51,172.62,16.48,26,
57.54,-0.37,-0.55,0.14,0.82,0.54,-0.09,0.38,-0.11,0.31,-56.58,99.05,172.02,16.48,24,
57.67,-0.52,-0.68,0.10,0.82,0.54,-0.09,0.39,-0.11,0.31,-56.52,99.65,172.61,16.48,26,
57.80,-0.56,-0.75,0.13,0.82,0.53,-0.11,0.39,-0.12,0.31,-56.58,101.38,170.92,16.48,25,
57.92,-0.65,-0.71,0.04,0.82,0.53,-0.09,0.38,-0.11,0.31,-56.56,99.77,172.35,16.48,25,
58.04,-0.67,-0.72,0.16,0.82,0.53,-0.09,0.38,-0.12,0.31,-56.55,99.31,171.90,16.48,25,
58.17,-0.64,-0.73,0.01,0.82,0.54,-0.09,0.38,-0.11,0.32,-56.60,99.99,172.11,16.48,24,
58.32,-0.37,-0.65,0.17,0.82,0.53,-0.09,0.39,-0.11,0.31,-56.63,99.25,172.37,16.48,27,
58.45,-0.63,-0.73,0.06,0.82,0.53,-0.09,0.38,-0.11,0.31,-56.63,99.77,172.34,16.48,24,
58.58,-0.61,-0.69,0.20,0.82,0.53,-0.09,0.39,-0.11,0.31,-56.67,99.89,172.71,16.48,23,
58.69,-0.73,-0.69,0.22,0.82,0.53,-0.09,0.39,-0.11,0.31,-56.62,99.64,172.20,16.48,27,
58.84,-0.46,-0.72,0.10,0.82,0.54,-0.09,0.38,-0.10,0.31,-56.55,99.98,173.34,16.48,26,
58.97,-0.37,-0.80,0.13,0.82,0.54,-0.11,0.39,-0.12,0.30,-56.35,101.52,171.82,16.48,26,
59.08,-0.35,-0.70,0.23,0.82,0.53,-0.09,0.39,-0.11,0.31,-56.68,99.74,172.89,16.48,24,
59.22,-0.61,-0.87,0.19,0.82,0.53,-0.10,0.39,-0.11,0.30,-56.61,100.09,172.31,16.48,24,
59.36,-0.52,-0.49,0.11,0.82,0.53,-0.09,0.39,-0.11,0.31,-56.64,99.82,172.87,16.48,26,
59.49,-0.50,-0.76,0.13,0.82,0.53,-0.09,0.38,-0.12,0.30,-56.57,100.03,171.36,16.48,25,
59.62,-0.65,-0.67,0.19,0.82,0.54,-0.09,0.38,-0.10,0.31,-56.56,99.90,173.53,16.48,24,
59.73,-0.29,-0.81,0.09,0.82,0.53,-0.08,0.39,-0.12,0.30,-56.80,98.73,171.76,16.48,24,
59.88,-0.66,-0.84,0.13,0.82,0.54,-0.09,0.39,-0.11,0.31,-56.34,99.52,173.14,16.48,26,
60.00,-0.61,-0.66,0.19,0.82,0.53,-0.09,0.39,-0.12,0.31,-56.65,99.74,171.26,16.48,26,
60.12,-0.63,-0.85,0.18,0.82,0.54,-0.09,0.39,-0.12,0.31,-56.50,99.80,171.74,16.48,24,
60.27,-0.73,-0.75,0.12,0.82,0.53,-0.09,0.38,-0.11,0.30,-56.47,99.81,171.91,16.48,27,
60.39,-0.49,-0.93,0.10,0.82,0.53,-0.09,0.39,-0.10,0.31,-56.65,99.97,173.43,16.48,24,
60.51,-0.65,-0.67,0.06,0.82,0.54,-0.09,0.39,-0.11,0.30,-56.54,99.88,172.24,16.48,25,
60.64,-0.74,-0.64,0.25,0.82,0.53,-0.09,0.39,-0.11,0.30,-56.77,100.12,172.08,16.16,25,
60.77,-0.49,-0.67,0.12,0.82,0.53,-0.09,0.39,-0.11,0.31,-56.81,99.50,172.29,16.16,24,
60.93,-0.65,-0.67,0.11,0.82,0.53,-0.08,0.39,-0.11,0.30,-56.59,98.43,172.92,15.84,25,
61.05,-0.81,-0.69,0.16,0.82,0.54,-0.10,0.40,-0.11,0.31,-56.52,100.07,172.70,15.52,25,
61.17,-0.45,-0.64,0.11,0.82,0.53,-0.09,0.39,-0.11,0.31,-56.72,99.94,172.30,15.84,25,
61.29,-0.23,-0.66,0.13,0.82,0.53,-0.09,0.39,-0.11,0.31,-56.61,99.78,172.69,16.16,26,
61.44,-1.22,-0.56,-0.43,0.86,0.54,-0.11,0.38,-0.11,0.31,-57.23,101.13,171.84,16.16,25,
61.55,-0.61,-0.52,0.34,0.82,0.52,-0.09,0.38,-0.11,0.31,-57.22,100.21,172.53,16.48,26,
61.70,-0.46,-1.03,0.22,0.82,0.53,-0.09,0.38,-0.11,0.31,-56.73,99.63,172.14,16.48,25,
61.81,-0.75,-0.63,-0.07,0.82,0.53,-0.09,0.39,-0.11,0.31,-56.66,100.05,173.42,16.48,26,
61.94,-0.68,-0.88,0.13,0.83,0.54,-0.10,0.39,-0.11,0.31,-56.43,100.00,172.16,16.48,26,
62.07,-0.74,-0.76,0.18,0.82,0.54,-0.10,0.39,-0.11,0.31,-56.28,100.02,173.23,16.48,25,
62.20,-0.52,-0.93,0.25,0.82,0.54,-0.10,0.39,-0.11,0.31,-56.40,100.10,172.96,16.48,23,
62.35,-0.64,-0.88,0.13,0.82,0.54,-0.10,0.39,-0.11,0.31,-56.45,100.10,173.32,16.48,24,
62.48,-0.63,-0.56,0.28,0.82,0.54,-0.10,0.39,-0.11,0.31,-56.46,100.14,172.36,16.48,28,
62.59,-0.53,-0.63,0.07,0.82,0.54,-0.09,0.39,-0.11,0.31,-56.47,99.84,173.24,16.48,27,
62.72,-0.61,-0.68,0.09,0.82,0.53,-0.09,0.39,-0.11,0.31,-56.59,99.57,172.51,16.48,24,
62.86,-0.65,-0.68,0.16,0.82,0.53,-0.10,0.39,-0.11,0.30,-56.44,100.14,172.25,16.48,24,
62.98,-0.64,-0.70,0.13,0.82,0.53,-0.09,0.39,-0.11,0.31,-56.63,99.86,173.30,16.48,27,
63.11,-0.73,-0.58,0.28,0.82,0.53,-0.10,0.39,-0.11,0.30,-56.69,100.12,172.31,16.48,24,
63.26,-0.41,-0.61,0.11,0.82,0.53,-0.09,0.39,-0.11,0.30,-56.60,99.36,172.68,16.48,24,
63.38,-0.42,-0.77,0.11,0.82,0.53,-0.09,0.39,-0.11,0.30,-56.67,99.90,172.35,16.48,26,
63.52,-0.44,-0.83,0.15,0.82,0.53,-0.10,0.39,-0.10,0.30,-56.68,100.12,173.52,16.48,26,
63.63,-0.61,-0.70,0.16,0.82,0.53,-0.09,0.38,-0.11,0.31,-56.73,100.07,172.01,16.48,26,
63.76,-0.57,-0.82,0.19,0.82,0.54,-0.09,0.38,-0.11,0.31,-56.43,99.87,173.24,16.48,26,
63.90,-0.40,-0.66,0.10,0.83,0.53,-0.09,0.39,-0.11,0.31,-56.70,99.84,172.08,16.48,27,
64.02,-0.57,-0.65,0.17,0.83,0.54,-0.09,0.38,-0.11,0.31,-56.52,99.80,172.63,16.48,25,
64.15,-0.83,-0.63,0.11,0.82,0.53,-0.08,0.39,-0.11,0.30,-56.88,98.70,172.47,16.48,28,
64.28,-0.66,-0.93,0.01,0.83,0.53,-0.09,0.39,-0.11,0.30,-56.83,99.82,173.07,16.48,24,
64.41,-0.28,-0.67,0.18,0.82,0.54,-0.09,0.38,-0.11,0.30,-56.63,99.93,171.97,16.48,25,
64.55,-0.72,-0.64,0.32,0.82,0.53,-0.10,0.38,-0.11,0.31,-56.62,100.18,173.07,16.48,23,
64.67,-0.36,-0.74,0.22,0.82,0.52,-0.10,0.38,-0.11,0.30,-57.32,100.51,172.35,16.48,25,
64.81,-0.64,-0.73,0.07,0.82,0.54,-0.09,0.39,-0.11,0.30,-56.54,99.62,173.00,16.48,25,
64.94,-0.54,-0.69,0.19,0.82,0.53,-0.09,0.39,-0.11,0.31,-56.67,99.79,173.06,16.48,26,
65.06,-0.30,-0.57,0.25,0.82,0.53,-0.09,0.38,-0.11,0.30,-56.70,99.82,172.48,16.48,27,
65.22,-0.63,-0.77,0.14,0.82,0.53,-0.09,0.39,-0.11,0.31,-56.51,99.52,173.04,16.48,24,
65.35,-0.55,-0.90,0.07,0.82,0.53,-0.09,0.39,-0.12,0.30,-56.80,99.87,171.91,16.48,25,
65.46,-0.43,-0.72,0.14,0.82,0.54,-0.09,0.38,-0.11,0.31,-56.42,99.86,172.18,16.48,26,
65.58,-0.65,-0.75,0.12,0.82,0.53,-0.10,0.39,-0.12,0.30,-56.82,100.19,171.68,16.48,25,
65.74,-0.29,-0.67,0.14,0.82,0.54,-0.09,0.38,-0.11,0.31,-56.54,99.78,172.47,16.48,24,
65.85,-0.39,-0.77,0.03,0.83,0.54,-0.10,0.39,-0.11,0.30,-56.54,100.40,172.11,16.48,27,
65.99,-0.43,-0.73,0.21,0.82,0.54,-0.08,0.38,-0.11,0.31,-56.64,98.19,172.20,16.48,25,
66.10,-0.52,-0.91,0.09,0.82,0.53,-0.10,0.39,-0.11,0.30,-56.65,100.65,172.05,16.48,24,
66.25,-0.85,-0.73,0.16,0.82,0.54,-0.10,0.38,-0.11,0.31,-56.25,100.11,172.80,16.48,25,
66.36,-0.60,-0.78,0.25,0.82,0.54,-0.10,0.39,-0.11,0.30,-56.05,100.42,173.19,15.84,26,
66.49,-0.67,-0.67,0.27,0.82,0.53,-0.10,0.38,-0.11,0.30,-56.80,100.42,172.68,15.52,26,
66.62,-0.14,-0.70,0.24,0.82,0.53,-0.10,0.39,-0.12,0.31,-56.48,100.85,171.21,15.52,25,
66.75,-0.56,-0.67,0.11,0.82,0.54,-0.09,0.39,-0.11,0.31,-56.46,99.54,172.80,15.21,26,
66.89,-0.55,-0.61,0.01,0.82,0.54,-0.09,0.39,-0.12,0.31,-56.49,99.46,171.85,15.52,25,
67.03,-0.99,-0.76,0.10,0.82,0.53,-0.09,0.38,-0.11,0.30,-56.54,99.87,172.29,15.52,24,
67.16,-0.46,-0.88,0.21,0.82,0.53,-0.09,0.39,-0.11,0.31,-56.60,99.97,172.86,15.52,24,
67.28,-0.54,-0.67,0.14,0.82,0.53,-0.10,0.39,-0.11,0.31,-56.43,100.31,172.36,15.84,25,
67.40,-0.56,-0.88,0.12,0.82,0.54,-0.10,0.39,-0.11,0.30,-56.19,100.14,172.83,16.16,24,
67.55,-0.64,-0.72,0.08,0.84,0.54,-0.10,0.38,-0.11,0.30,-57.07,101.04,172.14,16.16,24,
67.66,-0.75,-0.39,0.45,0.81,0.54,-0.10,0.39,-0.11,0.31,-56.18,100.05,172.64,16.48,26,
67.80,-0.59,-0.74,0.43,0.81,0.54,-0.09,0.39,-0.11,0.31,-55.90,99.93,172.16,16.48,25,
67.92,-0.65,-0.64,0.25,0.82,0.53,-0.09,0.38,-0.11,0.31,-56.66,100.04,172.64,16.48,25,
68.05,-0.71,-0.67,-0.28,0.83,0.53,-0.10,0.39,-0.12,0.31,-56.66,100.47,171.51,16.48,26,
68.20,-0.46,-0.73,0.25,0.82,0.54,-0.09,0.38,-0.11,0.32,-56.26,99.77,172.29,16.48,26,
68.32,-0.67,-0.80,0.16,0.83,0.54,-0.09,0.39,-0.12,0.31,-56.69,99.49,171.95,16.48,24,
68.47,-0.91,-0.59,0.12,0.82,0.54,-0.10,0.39,-0.11,0.31,-56.37,100.23,172.10,16.48,27,
68.58,-0.69,-0.76,0.19,0.83,0.53,-0.09,0.39,-0.12,0.30,-56.70,99.88,171.85,16.48,26,
68.71,-0.73,-0.61,0.16,0.82,0.54,-0.09,0.38,-0.11,0.31,-56.41,99.61,172.06,16.48,26,
68.83,-0.73,-0.84,0.26,0.82,0.53,-0.09,0.38,-0.11,0.31,-56.59,99.58,172.19,16.48,25,
68.99,-0.64,-0.71,0.24,0.82,0.54,-0.09,0.39,-0.12,0.31,-56.44,99.92,171.94,16.48,24,
69.09,-0.54,-0.76,0.10,0.82,0.53,-0.09,0.38,-0.11,0.31,-56.76,100.06,172.10,16.48,26,
69.24,-0.66,-0.49,-0.36,0.81,0.53,-0.09,0.39,-0.11,0.31,-56.74,99.98,172.60,16.48,26,
69.36,-0.31,-1.04,0.14,0.84,0.53,-0.09,0.39,-0.11,0.31,-57.50,100.10,173.24,16.48,26,
69.48,-0.49,-0.55,0.14,0.81,0.53,-0.09,0.39,-0.11,0.31,-56.33,99.94,172.51,16.48,26,
69.63,-0.90,-0.97,0.22,0.82,0.53,-0.09,0.38,-0.11,0.32,-56.46,99.90,172.86,16.48,24,
69.74,-0.90,-0.70,0.19,0.82,0.54,-0.09,0.39,-0.12,0.31,-56.58,99.89,171.91,16.48,26,
69.89,-0.40,-0.76,0.08,0.82,0.53,-0.09,0.38,-0.11,0.32,-56.48,100.03,172.57,16.48,27,
70.00,-0.72,-1.02,0.11,0.82,0.54,-0.09,0.38,-0.12,0.31,-56.57,100.02,171.86,16.48,27,
70.14,-0.72,-0.74,0.00,0.82,0.54,-0.09,0.38,-0.11,0.31,-56.54,99.76,172.85,16.48,25,
70.26,-0.61,-0.68,0.09,0.82,0.53,-0.09,0.39,-0.12,0.31,-56.57,99.77,171.83,16.48,24,
70.40,-0.49,-0.79,0.14,0.83,0.53,-0.09,0.38,-0.11,0.31,-56.71,99.86,172.96,16.48,23,
70.52,-0.64,-0.64,-0.09,0.82,0.54,-0.09,0.38,-0.12,0.30,-56.50,99.95,171.78,16.48,26,
70.66,-0.68,-0.73,0.16,0.82,0.54,-0.09,0.38,-0.11,0.31,-56.59,99.59,172.90,16.48,25,
70.81,-0.27,-0.80,0.07,0.82,0.54,-0.09,0.38,-0.11,0.30,-56.41,99.69,172.50,16.48,25,
70.91,-0.71,-0.70,0.25,0.82,0.53,-0.09,0.39,-0.11,0.30,-56.71,99.49,172.70,16.48,28,
71.04,-0.63,-0.73,0.07,0.82,0.54,-0.09,0.38,-0.11,0.30,-56.41,99.67,172.41,16.48,25,
71.19,-0.73,-0.72,0.15,0.82,0.54,-0.09,0.38,-0.12,0.30,-56.50,99.81,171.67,16.48,23,
71.30,-0.56,-0.76,0.07,0.82,0.53,-0.09,0.38,-0.11,0.31,-56.72,99.51,172.39,16.48,26,
71.46,-0.56,-0.73,0.22,0.82,0.54,-0.09,0.39,-0.11,0.31,-56.64,99.52,172.03,16.48,27,
71.57,-0.65,-0.96,0.19,0.82,0.54,-0.09,0.39,-0.12,0.31,-56.45,99.60,171.77,16.48,23,
71.69,-0.55,-0.70,0.20,0.82,0.53,-0.09,0.39,-0.12,0.30,-56.54,99.82,171.45,16.48,25,
71.84,-0.59,-0.89,0.10,0.82,0.54,-0.09,0.38,-0.11,0.30,-56.56,100.06,172.57,16.48,24,
71.95,-0.65,-0.84,0.08,0.82,0.53,-0.09,0.39,-0.12,0.30,-56.50,99.97,171.98,16.48,28,
72.08,-0.63,-0.49,0.07,0.82,0.53,-0.09,0.39,-0.11,0.30,-56.64,99.56,172.32,16.48,26,
72.23,-0.71,-0.55,0.23,0.82,0.53,-0.11,0.39,-0.12,0.30,-56.51,101.31,171.53,16.48,24,
72.34,-0.65,-0.65,0.18,0.82,0.53,-0.10,0.38,-0.11,0.30,-56.61,100.11,172.21,16.48,25,
72.47,-0.53,-0.74,0.10,0.82,0.53,-0.09,0.38,-0.12,0.30,-56.61,99.98,171.46,16.48,27,
72.62,-0.58,-0.60,0.09,0.82,0.53,-0.09,0.39,-0.12,0.31,-56.57,99.92,171.50,16.48,26,
72.74,-0.53,-0.79,0.31,0.82,0.53,-0.09,0.39,-0.11,0.30,-56.82,99.58,173.03,16.48,24,
72.86,-0.64,-0.70,0.10,0.82,0.53,-0.10,0.38,-0.11,0.30,-56.64,100.24,172.46,16.48,24,
73.02,-0.31,-0.55,0.06,0.82,0.53,-0.09,0.38,-0.11,0.31,-56.69,99.86,172.16,16.48,25,
73.12,-0.36,-0.80,0.17,0.82,0.53,-0.09,0.39,-0.11,0.31,-56.72,99.76,172.33,16.48,26,
73.28,-0.54,-0.60,0.10,0.82,0.53,-0.09,0.38,-0.12,0.30,-56.55,100.05,171.65,16.48,27,
73.40,-0.65,-0.81,0.07,0.82,0.53,-0.09,0.39,-0.12,0.31,-56.57,99.81,171.06,16.48,26,
73.51,-0.61,-0.66,0.13,0.82,0.54,-0.09,0.38,-0.11,0.31,-56.47,99.46,171.99,16.48,25,
73.66,-0.58,-0.58,0.20,0.82,0.54,-0.09,0.39,-0.12,0.31,-56.57,99.68,171.35,16.48,27,
73.77,-0.73,-0.88,0.17,0.82,0.53,-0.09,0.39,-0.11,0.30,-56.59,99.76,172.34,16.48,25,
73.93,-0.78,-0.65,0.07,0.82,0.53,-0.09,0.39,-0.12,0.31,-56.63,99.80,171.53,16.48,26,
74.05,-0.70,-0.79,0.14,0.82,0.54,-0.10,0.38,-0.12,0.31,-56.48,100.11,171.84,16.48,25,
74.18,-0.44,-0.81,0.07,0.82,0.54,-0.09,0.39,-0.11,0.30,-56.48,99.85,172.13,16.48,26,
74.29,-0.87,-0.76,0.16,0.82,0.54,-0.10,0.38,-0.11,0.30,-56.34,100.22,172.51,16.48,26,
74.45,-0.64,-0.89,0.09,0.82,0.53,-0.10,0.39,-0.11,0.31,-56.57,100.16,172.86,16.48,23,
74.56,-0.46,-0.76,0.10,0.82,0.54,-0.09,0.39,-0.11,0.31,-56.56,99.94,172.98,16.48,26,
74.71,-0.46,-0.66,0.16,0.82,0.54,-0.09,0.39,-0.11,0.30,-56.45,99.69,172.87,15.84,25,
74.92,-0.81,-0.90,0.09,0.82,0.53,-0.09,0.39,-0.11,0.30,-56.64,99.80,172.60,15.52,24,
75.02,-0.43,-0.67,0.16,0.82,0.53,-0.09,0.38,-0.11,0.30,-56.56,99.81,172.39,15.84,25,
75.22,-0.40,-0.76,0.20,0.82,0.53,-0.09,0.39,-0.11,0.31,-56.61,99.61,172.65,16.16,24,
75.23,-0.84,-0.77,0.15,0.82,0.54,-0.09,0.39,-0.11,0.31,-56.60,99.85,172.82,16.48,25,
75.33,-0.61,-0.67,0.12,0.82,0.54,-0.10,0.39,-0.11,0.31,-56.53,100.15,172.07,16.48,25,
75.48,-0.57,-0.81,0.11,0.82,0.54,-0.09,0.38,-0.11,0.31,-56.56,99.87,172.20,16.48,26,
75.60,-0.49,-0.76,0.22,0.82,0.54,-0.09,0.39,-0.12,0.31,-56.50,99.77,171.81,16.48,24,
75.72,-0.49,-0.81,0.15,0.82,0.54,-0.09,0.38,-0.11,0.32,-56.55,99.86,172.22,16.48,24,
75.87,-0.70,-0.76,0.18,0.82,0.53,-0.09,0.39,-0.11,0.31,-56.57,99.71,172.31,16.48,25,
75.98,-0.61,-0.61,0.19,0.82,0.54,-0.09,0.38,-0.11,0.31,-56.53,99.56,172.12,16.48,27,
76.13,-0.46,-0.61,0.10,0.82,0.53,-0.09,0.39,-0.11,0.31,-56.52,99.62,172.40,16.48,27,
76.26,-0.67,-0.87,0.18,0.82,0.54,-0.11,0.39,-0.11,0.31,-56.01,101.48,172.43,16.48,25,
76.39,-0.76,-0.52,0.25,0.82,0.53,-0.09,0.39,-0.11,0.30,-56.71,99.89,172.36,16.48,27,
76.50,-0.49,-0.64,-0.01,0.82,0.54,-0.09,0.39,-0.12,0.30,-56.36,99.88,171.85,16.48,27,
76.65,-0.54,-0.83,0.11,0.82,0.53,-0.09,0.38,-0.11,0.31,-56.67,99.65,172.47,16.48,25,
76.77,-0.49,-0.62,0.19,0.82,0.54,-0.09,0.38,-0.12,0.30,-56.32,99.68,170.89,16.48,25,
76.89,-0.63,-0.80,0.18,0.82,0.53,-0.10,0.38,-0.11,0.31,-56.49,100.22,172.95,16.48,25,
77.04,-0.64,-0.73,0.12,0.82,0.54,-0.08,0.38,-0.12,0.30,-56.41,98.44,171.35,16.48,26,
77.17,-0.75,-0.69,0.11,0.82,0.53,-0.10,0.39,-0.10,0.31,-56.52,100.90,173.58,16.48,25,
77.28,-0.63,-0.72,0.20,0.82,0.53,-0.10,0.39,-0.11,0.31,-56.90,100.26,172.17,16.48,27,
77.43,-0.67,-0.89,0.19,0.82,0.53,-0.10,0.38,-0.11,0.30,-56.58,100.15,172.77,16.48,26,
77.55,-0.73,-0.87,0.22,0.82,0.54,-0.07,0.39,-0.12,0.31,-56.35,97.84,171.82,16.48,24,
77.67,-0.76,-0.74,0.15,0.82,0.54,-0.08,0.38,-0.11,0.31,-56.21,98.34,172.37,16.48,26,
77.82,-0.63,-0.69,0.25,0.82,0.54,-0.09,0.38,-0.11,0.31,-56.56,99.58,171.98,16.48,25,
77.94,-0.51,-0.81,0.13,0.82,0.53,-0.10,0.38,-0.11,0.30,-56.57,100.35,172.65,16.48,24,
78.08,-0.64,-0.67,0.15,0.83,0.53,-0.09,0.39,-0.11,0.30,-56.72,99.07,172.68,16.48,26,
78.23,-0.50,-0.82,0.41,0.83,0.54,-0.09,0.38,-0.11,0.30,-56.57,99.77,172.20,16.48,25,
78.32,-0.70,-0.60,0.10,0.82,0.53,-0.10,0.38,-0.12,0.30,-56.61,100.88,171.78,16.48,23,
78.47,-0.67,-0.68,0.22,0.82,0.54,-0.09,0.38,-0.11,0.30,-56.48,99.23,172.20,16.48,25,
78.59,-0.62,-0.67,0.30,0.82,0.54,-0.10,0.39,-0.10,0.30,-56.30,100.25,173.58,16.48,28,
78.71,-0.81,-0.52,0.04,0.83,0.53,-0.09,0.39,-0.12,0.30,-56.75,99.61,171.70,16.16,27,
78.86,-0.70,-0.74,0.07,0.82,0.53,-0.10,0.38,-0.11,0.31,-56.54,100.83,172.63,16.16,26,
78.98,-0.49,-0.84,0.18,0.82,0.53,-0.09,0.39,-0.12,0.31,-56.52,99.93,171.21,16.16,25,
79.11,-0.60,-0.84,0.02,0.82,0.54,-0.09,0.38,-0.11,0.31,-56.51,99.49,172.20,16.16,25,
79.25,-0.70,-0.77,0.21,0.82,0.53,-0.09,0.39,-0.12,0.31,-56.59,99.91,171.39,16.16,26,
79.36,-0.75,-0.64,0.21,0.82,0.54,-0.10,0.38,-0.11,0.31,-56.55,100.06,172.08,16.16,24,
79.49,-0.47,-0.65,0.11,0.82,0.54,-0.09,0.39,-0.11,0.31,-56.48,99.06,172.18,16.16,29,
79.64,-0.49,-0.60,0.01,0.83,0.53,-0.09,0.38,-0.11,0.31,-56.72,99.52,172.00,16.16,27,
79.75,-0.85,-0.73,0.27,0.82,0.54,-0.09,0.38,-0.12,0.31,-56.30,99.79,171.73,16.16,25,
79.89,-0.62,-0.74,0.07,0.82,0.53,-0.10,0.38,-0.11,0.30,-57.05,100.76,171.92,16.16,26,
80.01,-0.74,-0.68,0.09,0.82,0.53,-0.09,0.39,-0.12,0.31,-56.63,99.71,171.57,16.16,24,
80.16,-0.68,-0.71,-0.04,0.83,0.53,-0.09,0.38,-0.12,0.30,-56.71,99.82,171.66,16.16,24,
80.27,-0.47,-0.59,-0.05,0.82,0.54,-0.08,0.39,-0.12,0.31,-56.66,98.32,171.87,15.84,24,
80.43,-0.69,-0.79,0.09,0.82,0.53,-0.09,0.38,-0.12,0.29,-56.59,99.47,171.50,15.84,26,
80.55,-0.43,-0.64,0.13,0.82,0.54,-0.09,0.39,-0.11,0.31,-56.42,99.96,172.65,15.84,24,
80.67,-0.61,-0.70,0.21,0.82,0.54,-0.09,0.39,-0.12,0.31,-56.47,99.86,171.50,15.52,25,
80.82,-0.58,-0.64,0.07,0.82,0.54,-0.08,0.38,-0.12,0.31,-56.54,98.72,171.74,15.52,27,
80.94,-1.35,-0.49,0.90,0.80,0.56,-0.09,0.38,-0.12,0.30,-54.58,98.71,171.27,15.84,27,
81.05,-1.16,-0.70,0.37,0.83,0.55,-0.10,0.38,-0.11,0.31,-56.07,100.21,172.74,15.84,26,
81.19,-0.76,-0.87,0.10,0.83,0.54,-0.10,0.38,-0.12,0.31,-56.40,100.60,171.34,15.84,26,
81.34,-0.54,-0.86,0.11,0.82,0.54,-0.09,0.38,-0.11,0.30,-56.00,99.80,171.90,15.84,24,
81.46,-0.91,-0.46,0.16,0.82,0.54,-0.10,0.39,-0.11,0.30,-56.14,100.17,172.21,15.84,24,
81.60,-0.87,-0.75,0.11,0.82,0.54,-0.11,0.39,-0.11,0.31,-56.11,101.36,172.62,15.84,26,
81.70,-0.76,-0.61,0.10,0.82,0.55,-0.10,0.39,-0.11,0.30,-56.06,100.02,172.10,15.84,26,
81.85,-0.58,-0.73,-0.04,0.83,0.54,-0.10,0.39,-0.11,0.30,-56.69,100.15,172.18,15.84,27,
81.98,-0.74,-0.73,0.10,0.82,0.53,-0.09,0.39,-0.11,0.30,-56.81,99.38,172.30,15.84,28,
82.09,-0.67,-0.91,0.13,0.82,0.53,-0.09,0.39,-0.12,0.30,-56.71,99.83,171.79,15.84,26,
82.22,-0.55,-0.82,0.17,0.82,0.54,-0.10,0.38,-0.12,0.30,-56.05,100.03,171.36,15.84,25,
82.35,-0.57,-0.81,0.36,0.80,0.55,-0.10,0.38,-0.12,0.30,-55.34,100.26,171.25,15.84,26,
82.50,-1.67,0.02,2.18,0.79,0.58,-0.11,0.38,-0.11,0.30,-53.11,100.39,171.99,15.84,26,
82.65,-1.20,-0.69,-0.01,0.91,0.55,-0.11,0.39,-0.12,0.29,-58.33,101.67,171.79,15.84,25,
82.74,-0.78,-0.40,0.41,0.86,0.54,-0.11,0.38,-0.11,0.30,-57.07,101.87,173.14,15.84,24,
82.87,-0.58,-0.76,-0.04,0.83,0.53,-0.09,0.39,-0.12,0.31,-57.24,99.76,171.47,15.84,25,
83.03,-0.75,-0.55,0.04,0.84,0.53,-0.09,0.38,-0.11,0.30,-57.43,99.61,172.41,15.84,26,
83.15,-0.72,-0.80,-0.05,0.82,0.53,-0.10,0.39,-0.11,0.31,-56.86,100.25,172.25,15.84,26,
83.26,-0.46,-0.69,0.12,0.83,0.53,-0.09,0.38,-0.10,0.31,-57.10,99.70,173.19,15.84,25,
83.41,-0.29,-0.53,0.61,0.76,0.51,-0.11,0.39,-0.11,0.30,-55.80,102.08,172.80,15.84,27,
83.52,-0.44,-0.78,0.39,0.81,0.55,-0.09,0.38,-0.11,0.30,-55.50,99.25,172.72,15.84,24,
83.67,-0.90,-0.70,0.17,0.83,0.55,-0.09,0.38,-0.11,0.30,-56.10,99.12,172.16,15.84,24,
83.79,-0.54,-0.72,0.43,0.80,0.54,-0.11,0.39,-0.11,0.30,-55.75,101.84,172.84,15.84,25,
83.93,-0.72,-0.64,0.06,0.83,0.55,-0.04,0.39,-0.11,0.31,-56.45,93.71,172.87,15.84,25,
84.04,-0.76,-0.70,0.67,0.81,0.54,-0.05,0.38,-0.11,0.30,-56.10,95.22,172.31,15.84,26,
84.20,-0.97,-0.18,0.39,0.76,0.52,-0.05,0.39,-0.11,0.31,-55.51,95.97,172.51,15.84,25,
84.32,-0.52,-1.37,-1.09,0.98,0.43,0.26,0.38,-0.11,0.30,-62.75,59.55,172.10,15.84,28,
84.44,-1.54,-0.26,-2.57,0.81,0.56,-0.18,0.38,-0.10,0.31,-53.87,107.95,173.27,15.84,27,
84.56,-0.90,-0.99,-0.84,0.82,0.53,-0.09,0.39,-0.12,0.30,-56.71,99.24,171.79,15.84,25,
84.70,-0.89,-0.58,0.68,0.81,0.52,-0.08,0.39,-0.11,0.30,-56.80,99.03,172.60,15.84,28,
84.84,-0.80,-0.79,0.51,0.81,0.53,-0.08,0.39,-0.12,0.30,-56.81,98.86,171.82,15.84,26,
84.95,-0.88,-0.48,0.12,0.82,0.52,-0.09,0.38,-0.11,0.31,-57.02,99.83,172.64,15.84,25,
85.08,-0.57,-0.86,1.88,0.82,0.52,-0.09,0.39,-0.12,0.30,-57.02,99.44,171.67,16.16,24,
85.21,-0.55,-0.70,0.23,0.82,0.53,-0.09,0.39,-0.11,0.31,-56.97,99.60,172.69,16.16,23,
85.37,-0.58,-0.73,0.09,0.82,0.53,-0.09,0.39,-0.12,0.31,-56.97,99.75,171.74,16.16,26,
85.49,-0.57,-0.85,0.08,0.82,0.53,-0.10,0.39,-0.11,0.30,-56.85,100.61,172.41,16.16,24,
85.60,-0.60,-0.79,-0.02,0.82,0.53,-0.09,0.39,-0.11,0.30,-56.72,99.25,173.05,16.16,25,
85.75,-0.55,-0.82,0.16,0.82,0.53,-0.08,0.38,-0.11,0.30,-56.85,98.49,172.02,16.16,24,
85.86,-0.64,-0.96,0.08,0.82,0.53,-0.09,0.38,-0.11,0.31,-56.67,99.57,172.30,16.16,25,
86.00,-0.70,-0.62,0.29,0.82,0.53,-0.09,0.38,-0.12,0.31,-56.68,99.32,171.47,16.16,27,
86.14,-0.64,-0.76,-0.04,0.82,0.53,-0.10,0.38,-0.11,0.32,-56.70,100.73,172.33,16.16,25,
86.25,-0.43,-0.87,0.15,0.82,0.55,-0.09,0.38,-0.12,0.30,-55.98,99.59,171.58,16.16,30,
86.41,-0.76,-0.70,0.07,0.82,0.53,-0.09,0.38,-0.11,0.32,-56.61,99.77,172.15,16.16,26,
86.53,-0.48,-0.58,0.09,0.82,0.54,-0.09,0.39,-0.12,0.31,-56.47,99.78,171.74,16.16,27,
86.64,-0.70,-0.93,0.13,0.82,0.53,-0.09,0.38,-0.11,0.31,-56.67,100.07,172.55,16.16,24,
86.79,-0.57,-0.73,0.22,0.82,0.53,-0.08,0.39,-0.11,0.30,-56.66,98.79,172.04,16.16,24,
86.91,-0.58,-0.97,0.12,0.82,0.54,-0.09,0.38,-0.11,0.30,-56.50,99.55,172.28,16.16,24,
87.05,-0.64,-0.74,0.04,0.82,0.53,-0.09,0.39,-0.11,0.30,-56.58,99.93,172.62,15.84,25,
87.16,-0.80,-0.91,0.01,0.82,0.53,-0.09,0.39,-0.11,0.31,-56.75,99.40,172.59,15.84,24,
87.33,-0.58,-0.61,0.15,0.83,0.53,-0.10,0.39,-0.11,0.31,-56.68,100.08,172.99,16.16,26,
87.42,-0.47,-0.78,0.07,0.82,0.53,-0.09,0.38,-0.12,0.30,-56.53,99.87,171.88,16.16,26,
87.55,-0.80,-0.80,0.16,0.82,0.53,-0.11,0.39,-0.11,0.31,-56.45,101.23,172.57,16.16,24,
87.69,-0.55,-0.70,0.12,0.82,0.54,-0.09,0.38,-0.12,0.31,-56.59,99.71,171.73,16.16,23,
87.81,-0.46,-0.72,0.19,0.82,0.53,-0.09,0.38,-0.11,0.31,-56.69,99.85,172.05,16.16,27,
87.97,-0.71,-0.59,0.23,0.82,0.53,-0.09,0.39,-0.12,0.31,-56.74,99.60,171.64,16.16,24,
88.07,-0.73,-0.81,0.13,0.82,0.54,-0.09,0.39,-0.11,0.30,-56.55,99.96,173.22,16.16,26,
88.21,-0.45,-0.80,0.04,0.82,0.53,-0.08,0.39,-0.11,0.31,-56.70,98.40,172.39,16.16,24,
88.35,-0.43,-0.73,0.19,0.82,0.54,-0.09,0.38,-0.11,0.30,-56.42,99.85,172.70,16.16,28,
88.48,-0.49,-0.83,0.02,0.82,0.53,-0.09,0.39,-0.12,0.31,-56.53,99.95,171.99,16.16,24,
88.59,-0.70,-0.85,0.15,0.82,0.53,-0.09,0.38,-0.11,0.31,-56.63,100.03,172.37,16.16,26,
88.72,-0.70,-0.82,0.17,0.82,0.53,-0.09,0.39,-0.12,0.31,-56.50,99.99,171.87,16.16,25,
88.85,-0.75,-0.80,0.14,0.82,0.54,-0.09,0.39,-0.11,0.31,-56.48,99.66,172.22,16.16,26,
88.98,-0.46,-0.64,0.15,0.82,0.53,-0.09,0.39,-0.11,0.31,-56.66,99.47,172.72,16.16,25,
89.11,-0.64,-0.80,0.09,0.82,0.53,-0.09,0.39,-0.12,0.30,-56.60,100.10,172.03,16.16,25,
89.28,-0.58,-0.49,0.06,0.82,0.53,-0.09,0.39,-0.11,0.30,-56.61,99.67,172.42,16.16,27,
89.39,-0.48,-0.90,0.19,0.82,0.53,-0.08,0.38,-0.12,0.30,-56.61,98.33,171.52,16.16,25,
89.53,-0.83,-0.84,0.25,0.82,0.53,-0.09,0.39,-0.11,0.31,-56.57,100.09,172.36,16.16,25,
89.65,-0.72,-1.13,0.21,0.82,0.53,-0.09,0.39,-0.12,0.31,-56.70,99.85,171.61,16.16,28,
89.76,-0.50,-0.81,0.10,0.82,0.53,-0.09,0.39,-0.11,0.30,-56.73,100.07,172.57,16.16,25,
89.91,-0.46,-0.50,0.19,0.82,0.53,-0.09,0.39,-0.12,0.31,-56.65,99.48,171.66,16.16,25,
90.03,-0.54,-0.70,0.04,0.82,0.54,-0.09,0.39,-0.11,0.30,-56.47,99.94,172.86,16.16,24,
90.18,-0.55,-0.60,0.04,0.82,0.54,-0.09,0.39,-0.12,0.31,-56.39,99.94,171.48,16.16,26,
90.30,-0.50,-0.81,0.15,0.83,0.53,-0.09,0.38,-0.11,0.31,-56.76,99.81,172.70,16.16,26,
90.44,-0.62,-0.61,0.08,0.82,0.53,-0.09,0.39,-0.12,0.30,-56.64,99.74,171.62,16.16,25,
90.57,-0.48,-0.56,0.23,0.82,0.53,-0.08,0.39,-0.11,0.30,-56.62,98.75,172.63,16.16,24,
90.67,-0.68,-0.66,0.06,0.82,0.53,-0.09,0.39,-0.11,0.31,-56.53,99.44,173.03,16.16,25,
90.82,-0.63,-0.80,0.19,0.82,0.53,-0.09,0.38,-0.12,0.31,-56.68,99.96,171.54,16.16,23,
90.96,-0.61,-0.74,0.20,0.82,0.53,-0.09,0.39,-0.11,0.30,-56.64,99.75,172.59,16.16,25,
91.07,-0.59,-0.79,-0.04,0.82,0.54,-0.10,0.39,-0.12,0.30,-56.51,100.10,171.06,16.16,25,
91.19,-0.61,-0.83,0.18,0.82,0.54,-0.10,0.39,-0.11,0.31,-56.39,100.16,173.37,16.16,27,
91.34,-0.58,-0.81,0.08,0.82,0.54,-0.09,0.39,-0.11,0.30,-56.46,99.84,172.77,16.16,28,
91.48,-0.84,-0.66,0.12,0.82,0.53,-0.09,0.39,-0.11,0.31,-56.64,99.77,173.06,16.16,24,
91.61,-0.42,-0.76,0.17,0.82,0.53,-0.09,0.39,-0.11,0.31,-56.68,99.81,172.35,16.16,23,
91.72,-0.66,-0.96,0.31,0.82,0.53,-0.10,0.38,-0.11,0.31,-56.60,100.24,172.20,16.16,24,
91.85,-0.56,-0.73,0.15,0.82,0.54,-0.09,0.39,-0.11,0.30,-56.46,99.56,172.09,16.16,24,
92.00,-0.59,-0.80,0.18,0.82,0.53,-0.08,0.38,-0.11,0.31,-56.78,98.51,172.53,16.16,25,
92.12,-0.61,-0.87,0.13,0.82,0.53,-0.09,0.39,-0.12,0.30,-56.65,99.78,171.79,16.16,28,
92.26,-0.34,-0.70,0.07,0.82,0.53,-0.09,0.38,-0.11,0.30,-56.60,100.06,171.99,16.16,25,
92.38,-0.85,-0.76,0.17,0.82,0.53,-0.10,0.38,-0.11,0.31,-56.60,100.09,172.75,16.16,25,
92.50,-0.80,-0.87,0.19,0.82,0.53,-0.10,0.39,-0.12,0.31,-56.59,100.35,171.70,16.16,26,
92.62,-0.64,-0.79,0.40,0.82,0.54,-0.10,0.39,-0.11,0.31,-56.47,100.72,173.06,16.16,25,
92.76,-0.40,-0.76,0.22,0.82,0.53,-0.11,0.39,-0.11,0.30,-56.59,101.18,172.14,16.16,25,
92.88,-0.37,-0.81,0.14,0.82,0.53,-0.09,0.38,-0.11,0.31,-56.53,99.85,172.26,16.16,26,
93.01,-0.66,-0.74,0.11,0.82,0.54,-0.10,0.38,-0.12,0.30,-56.40,100.17,171.70,16.16,25,
93.16,-0.64,-0.70,0.16,0.82,0.53,-0.09,0.39,-0.11,0.31,-56.51,99.80,172.07,16.16,25,
93.29,-0.70,-0.64,0.20,0.82,0.53,-0.09,0.39,-0.12,0.30,-56.53,99.81,171.81,16.16,25,
93.42,-0.55,-0.58,0.04,0.82,0.54,-0.10,0.38,-0.11,0.31,-56.37,100.14,173.14,16.16,26,
93.54,-0.90,-0.73,0.10,0.82,0.53,-0.09,0.39,-0.12,0.31,-56.70,99.38,171.80,16.16,26,
93.68,-0.64,-0.84,0.14,0.82,0.53,-0.09,0.38,-0.11,0.31,-56.72,99.99,172.43,16.16,26,
93.79,-0.44,-0.69,-0.01,0.82,0.53,-0.09,0.39,-0.12,0.30,-56.58,99.63,171.92,16.16,27,
93.94,-0.64,-0.67,0.27,0.82,0.53,-0.10,0.38,-0.11,0.31,-56.63,100.71,172.40,15.84,26,
94.06,-0.59,-0.81,0.13,0.82,0.53,-0.09,0.38,-0.12,0.30,-56.70,99.22,171.64,15.84,26,
94.20,-0.43,-0.70,-0.04,0.82,0.53,-0.09,0.38,-0.11,0.30,-56.67,100.03,172.36,15.84,24,
94.32,-0.60,-0.87,0.15,0.83,0.54,-0.08,0.39,-0.11,0.30,-56.72,98.91,172.83,15.84,25,
94.47,-0.88,-0.77,0.13,0.82,0.53,-0.09,0.38,-0.11,0.30,-56.62,99.73,171.94,15.84,26,
94.59,-0.86,-0.65,0.13,0.82,0.53,-0.09,0.38,-0.11,0.30,-56.59,99.64,173.03,15.84,24,
94.71,-0.73,-0.64,0.25,0.82,0.54,-0.09,0.39,-0.12,0.30,-56.49,99.91,171.70,15.84,26,
94.85,-0.73,-0.71,0.12,0.82,0.53,-0.09,0.38,-0.11,0.30,-56.67,99.91,172.44,15.84,25,
94.97,-0.52,-0.74,0.13,0.82,0.53,-0.09,0.39,-0.11,0.30,-56.59,100.00,172.18,15.84,25,
95.11,-0.74,-0.88,0.09,0.82,0.54,-0.09,0.39,-0.11,0.31,-56.53,99.92,173.26,15.84,23,
95.22,-0.51,-0.74,0.21,0.82,0.54,-0.09,0.38,-0.12,0.30,-56.57,99.30,171.78,15.84,27,
95.37,-0.66,-0.70,0.07,0.82,0.53,-0.08,0.38,-0.11,0.30,-56.61,99.01,172.05,15.84,27,
95.49,-0.84,-0.67,0.13,0.82,0.53,-0.10,0.39,-0.12,0.30,-56.51,100.25,172.03,15.84,27,
95.63,-0.64,-0.81,0.04,0.82,0.54,-0.09,0.38,-0.11,0.31,-56.53,99.49,173.02,15.84,26,
95.76,-0.57,-0.75,0.16,0.82,0.53,-0.09,0.38,-0.11,0.30,-56.62,99.87,172.05,16.16,24,
95.90,-0.58,-0.65,0.12,0.82,0.53,-0.10,0.39,-0.11,0.30,-56.55,100.51,172.62,16.48,24,
96.02,-0.71,-0.81,0.18,0.82,0.53,-0.09,0.39,-0.11,0.30,-56.69,99.60,172.60,16.48,25,
96.15,-0.43,-0.81,0.17,0.82,0.53,-0.09,0.38,-0.11,0.30,-56.56,99.77,172.48,16.48,26,
96.26,-0.55,-0.44,0.10,0.82,0.53,-0.09,0.38,-0.11,0.31,-56.62,99.80,172.47,16.48,23,
96.41,-0.72,-0.96,0.09,0.82,0.54,-0.10,0.38,-0.12,0.30,-56.40,100.24,171.48,16.48,26,
96.53,-0.73,-0.78,0.10,0.82,0.53,-0.09,0.38,-0.11,0.31,-56.71,99.64,172.32,16.48,26,
96.67,-0.74,-0.81,0.07,0.82,0.54,-0.09,0.38,-0.12,0.30,-56.48,99.75,171.56,16.48,23,
96.81,-0.55,-0.73,0.12,0.82,0.54,-0.09,0.38,-0.11,0.31,-56.39,99.66,172.20,16.48,24,
96.91,-0.67,-0.70,0.03,0.82,0.54,-0.09,0.39,-0.12,0.31,-56.50,99.45,171.24,16.48,27,
97.05,-0.76,-0.73,0.27,0.82,0.54,-0.09,0.38,-0.11,0.30,-56.49,99.56,171.92,16.48,24,
97.20,-0.59,-0.64,0.09,0.82,0.54,-0.09,0.39,-0.12,0.30,-56.44,99.77,171.06,16.48,25,
97.31,-0.42,-0.78,0.21,0.82,0.53,-0.09,0.38,-0.12,0.30,-56.66,99.76,171.79,16.48,28,
97.46,-0.62,-0.52,0.22,0.82,0.53,-0.09,0.38,-0.12,0.31,-56.64,99.80,171.44,16.48,25,
97.59,-0.60,-0.81,0.16,0.82,0.54,-0.09,0.38,-0.11,0.31,-56.57,99.45,172.06,16.48,25,
97.71,-0.64,-0.76,0.05,0.82,0.54,-0.09,0.38,-0.12,0.30,-56.58,99.23,171.50,16.48,25,
97.82,-0.62,-0.73,-0.02,0.82,0.54,-0.09,0.38,-0.12,0.31,-56.62,99.86,171.79,16.48,25,
97.97,-0.56,-0.69,-0.13,0.82,0.53,-0.09,0.38,-0.11,0.31,-56.56,99.79,172.52,16.48,24,
98.08,-0.68,-0.56,0.16,0.82,0.53,-0.09,0.39,-0.12,0.30,-56.58,99.89,171.73,16.48,27,
98.22,-0.58,-0.85,1.81,0.82,0.54,-0.09,0.38,-0.11,0.30,-56.61,99.70,172.16,16.48,25,
98.34,-0.67,-0.59,0.10,0.82,0.53,-0.09,0.38,-0.12,0.31,-56.54,99.95,171.45,16.48,24,
98.48,-0.62,-0.65,0.05,0.82,0.54,-0.09,0.38,-0.11,0.30,-56.32,99.83,172.96,16.48,25,
98.61,-0.57,-0.84,0.38,0.82,0.53,-0.09,0.38,-0.12,0.31,-56.60,99.97,171.43,16.48,25,
98.73,-0.78,-0.70,0.06,0.82,0.53,-0.09,0.38,-0.11,0.31,-56.59,99.44,172.38,16.48,27,
98.87,-0.81,-0.78,0.20,0.82,0.53,-0.09,0.39,-0.12,0.31,-56.55,99.86,171.40,16.48,25,
99.00,-0.53,-0.76,0.30,0.82,0.53,-0.09,0.38,-0.11,0.30,-56.65,99.71,171.83,16.48,28,
99.13,-0.72,-0.67,0.13,0.82,0.53,-0.09,0.38,-0.12,0.31,-56.58,100.06,170.53,16.48,25,
99.25,-0.34,-0.70,0.13,0.82,0.53,-0.09,0.39,-0.11,0.31,-56.56,99.85,172.19,16.48,25,
99.38,-0.81,-0.84,0.14,0.82,0.54,-0.09,0.39,-0.12,0.31,-56.44,99.77,171.66,16.48,26,
99.53,-0.37,-0.49,0.19,0.83,0.53,-0.09,0.38,-0.12,0.30,-56.69,99.87,171.08,16.48,26,
99.66,-0.70,-0.76,0.17,0.82,0.53,-0.10,0.38,-0.11,0.31,-56.64,100.11,171.86,16.48,23,
99.78,-0.62,-0.86,0.12,0.82,0.54,-0.09,0.38,-0.12,0.30,-56.47,99.95,170.70,16.48,24,
99.91,-0.46,-0.45,-0.01,0.82,0.53,-0.09,0.38,-0.12,0.30,-56.58,99.91,171.60,16.48,25,
100.04,-0.73,-0.73,0.18,0.82,0.53,-0.11,0.39,-0.12,0.31,-56.53,101.46,171.43,16.48,23,
100.17,-0.70,-0.73,0.09,0.82,0.53,-0.09,0.38,-0.11,0.31,-56.63,100.08,172.48,16.48,25,
100.32,-0.66,-0.68,0.19,0.82,0.53,-0.09,0.38,-0.12,0.30,-56.67,99.94,171.29,16.48,26,
100.43,-0.46,-0.76,0.30,0.83,0.53,-0.09,0.38,-0.12,0.31,-56.81,99.62,171.58,16.48,27,
100.55,-0.65,-0.76,0.10,0.82,0.54,-0.10,0.38,-0.12,0.31,-56.45,100.30,171.34,16.48,25,
100.70,-0.25,-0.70,0.14,0.82,0.54,-0.09,0.38,-0.12,0.31,-56.58,99.81,171.47,16.48,25,
100.81,-0.73,-0.67,0.14,0.82,0.54,-0.09,0.39,-0.12,0.31,-56.54,99.76,171.43,16.48,23,
100.97,-0.49,-0.73,0.16,0.82,0.54,-0.09,0.38,-0.12,0.30,-56.53,99.85,171.74,16.48,25,
101.10,-0.68,-0.67,0.06,0.82,0.53,-0.09,0.38,-0.12,0.30,-56.68,99.50,171.53,16.48,24,
101.23,-0.40,-0.76,0.12,0.82,0.53,-0.09,0.38,-0.12,0.30,-56.54,99.83,171.22,16.48,26,
101.34,-0.46,-0.78,0.12,0.82,0.53,-0.09,0.39,-0.11,0.31,-56.69,99.73,172.53,16.48,25,
101.46,-0.40,-0.57,0.10,0.82,0.53,-0.09,0.38,-0.12,0.30,-56.74,99.75,171.89,16.48,25,
101.60,-0.64,-0.76,0.25,0.82,0.53,-0.09,0.38,-0.11,0.31,-56.62,100.01,172.25,16.48,26,
101.74,-0.37,-0.75,0.01,0.82,0.53,-0.09,0.38,-0.11,0.30,-56.73,99.71,171.94,16.48,24,
101.88,-0.73,-0.81,0.18,0.82,0.53,-0.10,0.38,-0.11,0.31,-56.64,100.23,172.53,16.48,26,
102.00,-0.46,-0.76,0.08,0.82,0.53,-0.09,0.38,-0.12,0.30,-56.55,99.85,171.44,16.48,24,
102.12,-0.59,-0.78,0.07,0.82,0.54,-0.09,0.39,-0.11,0.31,-56.34,99.73,173.15,16.48,25,
102.27,-0.40,-0.65,0.08,0.82,0.54,-0.09,0.38,-0.12,0.30,-56.45,99.89,171.67,16.48,26,
102.39,-0.58,-0.62,0.25,0.82,0.53,-0.09,0.38,-0.11,0.31,-56.59,99.53,172.06,16.48,27,
102.53,-0.66,-0.73,0.17,0.82,0.53,-0.10,0.39,-0.11,0.31,-56.66,100.26,172.25,16.48,26,
102.65,-0.46,-0.65,0.26,0.82,0.54,-0.09,0.38,-0.11,0.31,-56.50,99.98,172.27,16.48,26,
102.77,-0.50,-0.55,0.10,0.82,0.54,-0.09,0.38,-0.12,0.31,-56.54,99.84,171.13,16.48,24,
102.92,-0.62,-0.66,0.28,0.82,0.54,-0.10,0.38,-0.11,0.30,-56.46,100.21,171.84,16.48,26,
103.03,-0.63,-0.70,0.13,0.82,0.54,-0.09,0.39,-0.11,0.31,-56.43,99.75,172.13,16.48,27,
103.18,-0.55,-0.69,0.19,0.82,0.54,-0.09,0.39,-0.12,0.30,-56.55,99.91,172.11,16.48,26,
103.31,-0.52,-0.79,0.11,0.82,0.53,-0.11,0.39,-0.11,0.30,-56.45,101.50,172.71,16.48,26,
103.43,-0.69,-0.88,0.24,0.82,0.53,-0.09,0.39,-0.12,0.31,-56.60,99.97,171.88,16.48,24,
103.57,-0.47,-0.57,0.22,0.82,0.54,-0.09,0.38,-0.11,0.31,-56.44,100.01,172.61,16.48,25,
103.69,-0.73,-0.84,0.26,0.82,0.54,-0.09,0.39,-0.12,0.30,-56.50,99.92,171.92,16.48,27,
103.82,-0.55,-0.66,0.22,0.82,0.54,-0.09,0.38,-0.11,0.31,-56.48,99.72,172.40,16.48,25,
103.94,-0.68,-0.74,0.06,0.82,0.53,-0.09,0.38,-0.12,0.31,-56.81,99.57,171.79,16.48,25,
104.09,-0.52,-0.84,0.10,0.82,0.53,-0.09,0.38,-0.11,0.31,-56.68,99.86,172.03,16.48,24,
104.20,-0.68,-0.84,0.23,0.82,0.54,-0.09,0.38,-0.12,0.31,-56.55,99.89,171.82,16.48,26,
104.33,-0.46,-0.75,0.21,0.82,0.54,-0.09,0.38,-0.11,0.31,-56.49,99.51,172.92,16.48,24,
104.47,-0.52,-0.90,0.01,0.82,0.53,-0.09,0.39,-0.11,0.31,-56.70,99.82,172.02,16.48,23,
104.62,-0.86,-0.89,0.19,0.82,0.53,-0.09,0.38,-0.11,0.31,-56.74,99.88,172.65,16.48,27,
104.72,-0.54,-0.65,0.16,0.82,0.53,-0.09,0.39,-0.11,0.31,-56.56,99.97,172.76,16.48,25,
104.85,-0.74,-0.63,0.22,0.82,0.54,-0.09,0.39,-0.11,0.30,-56.50,99.88,172.26,16.48,26,
104.98,-0.64,-0.86,0.08,0.82,0.53,-0.09,0.39,-0.12,0.31,-56.58,99.81,171.94,16.48,27,
105.12,-0.85,-0.70,0.10,0.82,0.53,-0.09,0.38,-0.12,0.31,-56.62,99.91,171.49,16.48,22,
105.24,-0.85,-0.80,0.15,0.82,0.53,-0.09,0.38,-0.11,0.31,-56.70,99.95,172.30,16.48,26,
105.36,-0.55,-0.72,0.10,0.82,0.53,-0.09,0.39,-0.11,0.31,-56.54,99.90,172.27,16.48,26,
105.50,-0.41,-0.68,0.22,0.82,0.54,-0.09,0.38,-0.11,0.31,-56.59,99.75,172.09,16.48,26,
105.63,-0.35,-0.76,0.25,0.82,0.53,-0.10,0.39,-0.12,0.30,-56.51,100.16,171.10,16.48,26,
105.76,-0.64,-0.64,0.01,0.82,0.53,-0.09,0.39,-0.11,0.31,-56.51,99.93,172.28,16.48,26,
105.90,-0.81,-0.77,0.16,0.82,0.53,-0.09,0.39,-0.12,0.31,-56.70,100.09,171.54,16.48,28,
106.02,-0.67,-0.74,0.22,0.82,0.53,-0.09,0.38,-0.11,0.31,-56.46,99.91,172.28,16.48,25,
106.15,-0.81,-0.72,0.27,0.82,0.53,-0.09,0.38,-0.11,0.31,-56.73,99.73,172.53,16.48,26,
106.28,-0.40,-0.63,0.04,0.82,0.53,-0.11,0.38,-0.11,0.31,-56.59,101.16,172.58,16.48,26,
106.40,-0.52,-0.63,0.13,0.82,0.54,-0.09,0.38,-0.12,0.31,-56.50,99.82,171.78,16.48,24,
106.54,-0.66,-0.66,0.07,0.82,0.53,-0.09,0.38,-0.11,0.31,-56.74,99.73,172.29,16.48,25,
106.67,-0.81,-0.66,0.13,0.82,0.53,-0.09,0.39,-0.12,0.31,-56.58,99.91,171.83,16.48,25,
106.80,-0.57,-0.76,0.16,0.82,0.54,-0.09,0.39,-0.12,0.30,-56.55,99.77,171.62,16.48,26,
106.93,-0.73,-0.61,0.09,0.82,0.53,-0.11,0.39,-0.11,0.31,-56.43,101.46,172.78,16.48,25,
107.07,-0.61,-1.00,0.07,0.82,0.53,-0.09,0.38,-0.12,0.30,-56.71,99.59,171.56,16.48,25,
107.19,-0.55,-0.79,-0.03,0.82,0.53,-0.09,0.38,-0.11,0.31,-56.58,100.04,172.44,16.48,27,
107.33,-0.52,-0.70,0.06,0.82,0.53,-0.09,0.38,-0.12,0.31,-56.63,99.84,170.89,16.48,25,
107.45,-0.64,-0.64,0.18,0.82,0.53,-0.09,0.38,-0.11,0.32,-56.61,99.85,172.74,16.48,25,
107.60,-0.73,-0.63,0.13,0.82,0.53,-0.09,0.39,-0.12,0.31,-56.60,99.64,171.53,16.48,25,
107.71,-0.53,-0.57,0.16,0.82,0.54,-0.09,0.38,-0.11,0.32,-56.58,99.65,172.87,16.48,25,
107.84,-0.75,-0.74,0.18,0.82,0.54,-0.09,0.39,-0.12,0.31,-56.49,100.00,170.91,16.48,25,
107.97,-0.53,-0.69,0.10,0.82,0.53,-0.09,0.38,-0.11,0.31,-56.45,99.97,171.98,16.48,27,
108.10,-0.85,-0.67,0.16,0.82,0.54,-0.09,0.39,-0.12,0.31,-56.56,99.71,171.23,16.48,27,
108.23,-0.60,-0.77,0.10,0.82,0.53,-0.08,0.38,-0.11,0.31,-56.62,98.40,172.34,16.48,26,
108.36,-0.62,-0.90,0.14,0.82,0.53,-0.09,0.39,-0.11,0.32,-56.60,99.94,172.06,16.48,26,
108.52,-0.50,-0.76,0.16,0.82,0.53,-0.10,0.38,-0.12,0.31,-56.57,100.34,171.51,16.48,24,
108.64,-0.66,-0.76,0.19,0.82,0.53,-0.09,0.39,-0.11,0.31,-56.64,99.59,172.28,16.48,24,
108.76,-0.70,-0.64,0.18,0.82,0.53,-0.09,0.39,-0.12,0.31,-56.63,99.94,171.33,16.48,25,
108.90,-0.61,-0.81,0.15,0.82,0.53,-0.09,0.38,-0.11,0.32,-56.66,99.86,172.13,16.48,21,
109.01,-0.52,-0.59,0.24,0.82,0.54,-0.10,0.39,-0.12,0.31,-56.46,100.26,171.35,16.48,25,
109.16,-0.76,-0.76,0.05,0.82,0.53,-0.09,0.39,-0.11,0.31,-56.69,99.92,172.69,16.48,28,
109.30,-0.85,-0.84,0.27,0.82,0.53,-0.09,0.39,-0.12,0.31,-56.69,99.59,171.54,16.48,25,
109.42,-0.57,-0.75,0.07,0.82,0.54,-0.09,0.38,-0.11,0.32,-56.54,99.90,172.74,16.48,25,
109.53,-0.73,-0.94,0.18,0.82,0.54,-0.09,0.39,-0.12,0.31,-56.50,99.76,172.11,16.48,27,
109.67,-0.76,-0.60,0.14,0.82,0.53,-0.09,0.38,-0.11,0.31,-56.52,99.91,173.02,16.48,27,
109.79,-0.74,-0.78,0.13,0.82,0.53,-0.09,0.38,-0.12,0.31,-56.55,99.77,171.55,16.48,29,
109.94,-0.63,-0.70,0.11,0.82,0.54,-0.09,0.38,-0.11,0.31,-56.53,99.69,172.63,16.48,24,
110.06,-0.88,-0.90,0.21,0.82,0.53,-0.09,0.38,-0.12,0.32,-56.66,99.92,171.66,16.48,24,
110.18,-0.76,-0.72,0.25,0.82,0.53,-0.09,0.39,-0.11,0.31,-56.71,99.83,172.65,16.48,24,
110.31,-0.92,-0.91,0.19,0.82,0.53,-0.09,0.39,-0.11,0.31,-56.61,99.83,172.56,16.48,25,
110.44,-0.40,-0.79,0.15,0.83,0.54,-0.10,0.38,-0.11,0.31,-56.63,100.12,172.08,16.48,26,
110.57,-0.88,-0.89,0.09,0.82,0.53,-0.10,0.39,-0.11,0.31,-56.52,100.11,173.31,16.48,26,
110.70,-0.61,-0.76,0.05,0.82,0.53,-0.09,0.39,-0.12,0.31,-56.53,100.07,172.12,16.48,26,
110.83,-0.47,-0.68,0.24,0.82,0.54,-0.08,0.38,-0.11,0.31,-56.58,98.61,172.96,16.48,26,
110.95,-0.62,-0.79,0.13,0.82,0.53,-0.09,0.39,-0.11,0.31,-56.66,99.96,172.17,16.48,23,
111.10,-0.89,-0.82,0.30,0.82,0.53,-0.09,0.39,-0.11,0.31,-56.65,99.76,173.18,16.48,25,
111.22,-0.44,-0.84,0.05,0.82,0.53,-0.10,0.39,-0.12,0.31,-56.70,100.18,171.96,16.48,26,
111.37,-0.58,-0.95,0.17,0.82,0.53,-0.09,0.39,-0.11,0.31,-56.69,99.92,173.29,16.48,27,
111.48,-0.65,-0.70,0.10,0.82,0.53,-0.11,0.39,-0.12,0.31,-56.44,101.34,171.62,16.48,27,
111.60,-0.55,-0.59,0.16,0.82,0.54,-0.09,0.39,-0.11,0.31,-56.50,100.02,173.17,16.48,26,
111.74,-0.69,-0.70,0.13,0.82,0.54,-0.09,0.39,-0.12,0.31,-56.43,99.80,172.02,16.48,23,
111.87,-0.85,-0.81,0.02,0.82,0.53,-0.09,0.39,-0.11,0.32,-56.63,99.83,172.57,16.48,24,
112.02,-0.54,-0.87,0.17,0.82,0.54,-0.09,0.39,-0.12,0.31,-56.40,99.78,171.88,16.48,27,
112.13,-0.50,-0.68,0.24,0.82,0.53,-0.09,0.39,-0.11,0.31,-56.64,99.44,173.41,16.48,22,
112.27,-0.63,-0.70,0.16,0.82,0.53,-0.09,0.39,-0.11,0.32,-56.71,99.90,172.22,16.48,27,
112.39,-0.76,-0.75,0.16,0.82,0.53,-0.09,0.39,-0.12,0.31,-56.78,99.75,171.96,16.48,27,
112.53,-0.79,-0.72,0.09,0.82,0.53,-0.09,0.39,-0.11,0.31,-56.58,99.92,172.37,16.48,27,
112.65,-0.90,-0.84,0.09,0.82,0.53,-0.09,0.39,-0.11,0.31,-56.56,99.93,172.12,16.48,25,
112.80,-0.64,-0.75,0.18,0.82,0.53,-0.09,0.38,-0.11,0.31,-56.57,99.96,172.63,16.48,26,
112.93,-0.54,-0.70,0.06,0.82,0.53,-0.09,0.39,-0.12,0.31,-56.54,99.99,171.53,16.48,28,
113.04,-0.78,-0.89,0.22,0.82,0.53,-0.09,0.39,-0.12,0.32,-56.66,99.83,171.82,16.48,23,
113.17,-0.84,-0.91,0.13,0.82,0.53,-0.09,0.39,-0.12,0.31,-56.65,99.81,172.03,16.48,25,
113.30,-0.63,-0.92,0.16,0.82,0.53,-0.09,0.39,-0.11,0.32,-56.75,99.64,172.86,16.48,25,
113.45,-0.52,-0.76,0.16,0.82,0.54,-0.09,0.39,-0.12,0.32,-56.47,100.06,171.65,16.48,29,
113.56,-0.47,-0.82,0.22,0.82,0.53,-0.09,0.38,-0.11,0.31,-56.59,99.97,172.68,16.48,26,
113.71,-0.69,-0.68,0.23,0.82,0.53,-0.09,0.39,-0.11,0.31,-56.66,99.84,172.13,16.48,24,
113.84,-0.70,-0.76,0.06,0.82,0.53,-0.09,0.39,-0.11,0.32,-56.56,99.58,172.06,16.48,26,
113.96,-0.72,-0.63,0.18,0.82,0.53,-0.09,0.39,-0.11,0.32,-56.55,99.86,172.46,16.48,26,
114.08,-0.57,-0.90,0.15,0.82,0.53,-0.09,0.38,-0.11,0.31,-56.49,100.06,172.17,16.48,25,
114.22,-0.63,-0.49,0.28,0.82,0.54,-0.09,0.39,-0.11,0.31,-56.54,99.60,172.13,16.48,27,
114.34,-0.68,-0.77,0.10,0.82,0.54,-0.09,0.39,-0.12,0.30,-56.52,99.95,171.65,16.48,23,
114.47,-0.84,-0.82,0.17,0.82,0.53,-0.11,0.39,-0.11,0.31,-56.41,101.54,172.80,16.48,26,
114.60,-0.54,-0.79,0.04,0.82,0.54,-0.09,0.38,-0.12,0.31,-56.46,99.89,171.08,16.48,27,
114.75,-0.80,-0.85,0.07,0.82,0.54,-0.09,0.39,-0.11,0.32,-56.41,99.90,172.17,16.48,26,
114.88,-0.64,-0.73,0.13,0.82,0.53,-0.09,0.39,-0.12,0.31,-56.79,99.85,171.62,16.48,27,
114.99,-0.63,-0.90,0.23,0.82,0.53,-0.10,0.39,-0.11,0.32,-56.61,100.27,173.39,16.48,27,
115.12,-0.51,-0.71,0.20,0.82,0.53,-0.09,0.39,-0.12,0.30,-56.48,99.85,171.64,16.48,23,
115.25,-0.49,-0.70,0.20,0.82,0.53,-0.09,0.39,-0.11,0.31,-56.59,99.70,172.83,16.48,25,
115.39,-0.73,-0.67,0.26,0.82,0.53,-0.09,0.38,-0.12,0.32,-56.54,99.85,171.55,16.48,27,
115.51,-0.76,-0.77,0.13,0.82,0.54,-0.09,0.39,-0.11,0.32,-56.46,99.70,172.83,16.48,25,
115.66,-0.71,-0.66,0.05,0.82,0.53,-0.09,0.39,-0.11,0.31,-56.60,99.95,172.40,16.48,24,
115.77,-0.48,-0.87,0.16,0.82,0.53,-0.08,0.39,-0.11,0.31,-56.71,98.42,172.24,16.48,27,
115.91,-0.58,-0.76,0.22,0.82,0.53,-0.09,0.39,-0.11,0.32,-56.51,99.67,172.26,16.48,25,
116.06,-0.53,-0.81,0.14,0.82,0.54,-0.10,0.39,-0.12,0.31,-56.38,100.02,172.02,16.48,23,
116.18,-0.40,-0.71,0.11,0.82,0.54,-0.09,0.39,-0.11,0.31,-56.52,99.80,172.51,16.48,26,
116.31,-0.52,-0.68,0.19,0.82,0.53,-0.10,0.38,-0.11,0.31,-56.54,100.12,171.89,16.48,25,
116.45,-0.99,-0.95,0.13,0.82,0.53,-0.10,0.38,-0.11,0.31,-56.58,100.29,172.17,16.48,26,
116.57,-0.77,-0.73,0.13,0.82,0.53,-0.09,0.39,-0.11,0.31,-56.61,99.71,172.90,16.48,23,
116.72,-0.65,-0.79,0.19,0.82,0.54,-0.09,0.39,-0.11,0.32,-56.51,99.78,172.40,16.48,26,
116.81,-0.63,-0.60,0.15,0.82,0.53,-0.09,0.39,-0.12,0.31,-56.59,99.86,171.33,16.48,27,
116.96,-0.78,-0.81,0.08,0.82,0.54,-0.09,0.38,-0.11,0.31,-56.58,99.61,172.01,16.48,26,
117.09,-0.70,-0.75,0.25,0.82,0.53,-0.09,0.39,-0.12,0.31,-56.62,99.82,171.80,16.48,26,
117.22,-0.51,-0.81,0.12,0.82,0.54,-0.09,0.39,-0.11,0.32,-56.34,99.74,172.69,16.48,25,
117.34,-0.52,-0.67,0.22,0.82,0.54,-0.09,0.39,-0.11,0.31,-56.39,99.65,172.29,16.48,26,
117.46,-0.62,-0.71,0.13,0.82,0.53,-0.09,0.38,-0.11,0.31,-56.60,99.72,172.36,16.48,27,
117.61,-0.64,-0.79,0.22,0.82,0.54,-0.10,0.39,-0.11,0.31,-56.39,100.46,172.44,16.48,25,
117.74,-0.62,-0.85,0.15,0.82,0.53,-0.09,0.38,-0.12,0.31,-56.66,100.05,171.76,16.48,23,
117.86,-0.81,-0.90,0.18,0.82,0.54,-0.10,0.39,-0.11,0.31,-56.21,100.95,173.26,16.48,25,
118.00,-0.55,-0.78,0.14,0.82,0.54,-0.10,0.38,-0.12,0.31,-56.53,100.18,171.63,16.48,25,
118.12,-0.64,-0.76,0.19,0.82,0.53,-0.10,0.38,-0.11,0.32,-56.49,100.10,172.08,16.48,26,
118.24,-0.61,-0.81,0.23,0.82,0.53,-0.09,0.38,-0.11,0.30,-56.63,100.02,171.95,16.48,25,
118.39,-0.54,-0.62,0.13,0.82,0.53,-0.09,0.38,-0.11,0.31,-56.54,99.78,172.07,16.48,24,
118.54,-0.52,-0.67,0.17,0.82,0.53,-0.09,0.38,-0.12,0.31,-56.60,99.48,171.79,16.48,25,
118.65,-0.46,-0.45,0.15,0.82,0.53,-0.09,0.39,-0.12,0.31,-56.64,99.74,171.93,16.48,27,
118.77,-0.26,-0.71,0.12,0.82,0.54,-0.09,0.39,-0.12,0.31,-56.48,99.67,171.82,16.48,26,
118.89,-0.68,-0.84,0.15,0.82,0.53,-0.09,0.38,-0.11,0.32,-56.62,99.82,171.84,16.48,26,
119.04,-0.58,-0.72,0.01,0.82,0.53,-0.09,0.39,-0.12,0.31,-56.64,99.68,171.83,16.48,26,
119.16,-0.74,-0.73,0.22,0.82,0.53,-0.09,0.38,-0.11,0.31,-56.52,99.73,172.37,16.48,27,
119.30,-0.54,-0.87,0.07,0.82,0.54,-0.09,0.38,-0.12,0.31,-56.54,99.87,171.44,16.48,26,
119.42,-0.81,-0.85,0.21,0.82,0.53,-0.09,0.38,-0.11,0.31,-56.58,99.79,172.41,16.48,24,
119.55,-0.52,-0.89,0.12,0.82,0.53,-0.09,0.39,-0.11,0.31,-56.63,99.75,172.48,16.48,23,
119.69,-0.40,-0.78,0.31,0.82,0.54,-0.09,0.39,-0.11,0.31,-56.53,99.79,172.09,16.48,26,
119.80,-0.73,-0.74,0.03,0.82,0.53,-0.09,0.38,-0.11,0.31,-56.73,99.95,172.00,16.48,24,
119.95,-0.75,-0.87,0.17,0.82,0.54,-0.09,0.39,-0.12,0.31,-56.53,99.99,171.84,16.48,25,
120.06,-0.53,-0.75,0.18,0.82,0.53,-0.09,0.39,-0.12,0.32,-56.70,99.49,171.80,16.48,26,
120.21,-0.67,-0.65,0.06,0.82,0.54,-0.09,0.39,-0.12,0.30,-56.60,99.63,171.75,16.48,26,
120.33,-0.55,-0.66,0.20,0.82,0.54,-0.09,0.39,-0.11,0.31,-56.43,99.80,172.31,16.48,27,
120.45,-0.73,-0.84,0.17,0.82,0.53,-0.09,0.38,-0.11,0.31,-56.68,100.06,171.78,16.48,27,
120.58,-0.52,-0.73,0.16,0.82,0.54,-0.09,0.38,-0.11,0.31,-56.60,99.77,172.72,16.48,25,
120.73,-0.68,-0.75,0.10,0.82,0.53,-0.09,0.38,-0.12,0.31,-56.59,99.85,171.61,16.48,24,
120.85,-0.58,-0.76,0.12,0.82,0.52,-0.09,0.38,-0.11,0.31,-57.21,100.03,172.81,16.48,25,
120.97,-0.55,-0.63,0.03,0.82,0.53,-0.09,0.39,-0.12,0.31,-56.58,99.27,171.65,16.48,25,
121.12,-0.83,-0.80,0.14,0.82,0.54,-0.09,0.38,-0.11,0.31,-56.41,99.58,172.15,16.48,26,
121.24,-0.81,-0.86,0.08,0.82,0.54,-0.09,0.38,-0.11,0.31,-56.54,100.02,172.21,16.48,27,
121.36,-0.66,-0.74,0.18,0.82,0.54,-0.10,0.38,-0.12,0.32,-56.40,100.16,171.44,16.48,25,
121.51,-0.62,-0.77,0.10,0.82,0.53,-0.09,0.39,-0.11,0.32,-56.57,99.62,172.32,16.48,23,
121.62,-0.59,-0.62,0.14,0.82,0.53,-0.09,0.38,-0.12,0.31,-56.60,99.75,171.39,16.48,26,
121.75,-0.84,-0.78,0.05,0.82,0.53,-0.09,0.38,-0.12,0.31,-56.55,99.87,171.59,16.48,27,
121.90,-0.72,-0.63,0.04,0.82,0.53,-0.09,0.38,-0.12,0.32,-56.63,99.73,171.37,16.48,25,
122.02,-0.59,-0.61,0.17,0.82,0.54,-0.10,0.38,-0.11,0.32,-56.39,100.21,172.18,16.48,26,
122.14,-0.69,-0.77,0.08,0.82,0.53,-0.09,0.38,-0.12,0.31,-56.73,100.01,171.31,16.48,27,
122.29,-0.57,-0.73,0.18,0.83,0.53,-0.09,0.38,-0.11,0.31,-56.72,99.98,172.17,16.48,24,
122.40,-0.70,-0.67,0.10,0.82,0.53,-0.09,0.38,-0.12,0.31,-56.73,99.96,171.14,16.48,27,
122.53,-0.55,-0.74,0.28,0.82,0.53,-0.09,0.38,-0.11,0.32,-56.78,99.85,172.55,16.48,25,
122.69,-0.58,-0.76,0.15,0.82,0.53,-0.10,0.38,-0.12,0.31,-56.71,100.15,171.25,16.48,28,
122.81,-0.80,-0.88,0.17,0.82,0.54,-0.09,0.38,-0.11,0.32,-56.39,99.33,172.49,16.48,26,
122.92,-0.90,-0.86,0.01,0.82,0.53,-0.09,0.38,-0.12,0.31,-56.51,99.98,171.15,16.48,26,
123.05,-0.59,-0.84,0.06,0.83,0.53,-0.09,0.39,-0.12,0.31,-56.72,99.62,171.91,16.48,27,
123.21,-0.60,-0.98,0.19,0.82,0.53,-0.09,0.38,-0.11,0.32,-56.55,99.70,172.50,16.48,24,
123.33,-0.79,-0.76,0.19,0.82,0.54,-0.09,0.38,-0.12,0.31,-56.50,99.93,171.49,16.48,26,
123.45,-0.52,-0.69,0.01,0.82,0.54,-0.09,0.38,-0.11,0.31,-56.37,99.91,172.74,16.48,25,
123.56,-0.54,-0.88,0.01,0.82,0.54,-0.09,0.39,-0.12,0.31,-56.50,99.08,171.73,16.48,25,
123.72,-0.67,-0.71,0.08,0.82,0.53,-0.09,0.38,-0.11,0.31,-56.69,99.47,172.15,16.48,26,
123.83,-0.64,-0.79,0.10,0.82,0.54,-0.09,0.39,-0.12,0.31,-56.54,99.74,171.32,16.48,24,
123.97,-0.72,-0.52,0.24,0.82,0.53,-0.09,0.38,-0.11,0.31,-56.70,99.89,172.90,16.48,26,
124.11,-0.61,-0.67,0.20,0.82,0.53,-0.08,0.38,-0.11,0.31,-56.76,98.44,172.13,16.48,26,
124.24,-0.52,-0.69,0.14,0.82,0.54,-0.09,0.38,-0.11,0.31,-56.53,99.40,172.60,16.48,25,
124.35,-0.58,-0.64,0.18,0.82,0.54,-0.09,0.39,-0.12,0.31,-56.50,99.90,171.30,16.48,25,
124.50,-0.67,-0.81,-0.01,0.82,0.54,-0.10,0.39,-0.11,0.31,-56.43,100.17,172.94,16.48,26,
124.62,-0.50,-0.98,0.13,0.82,0.54,-0.09,0.38,-0.11,0.31,-56.49,99.73,172.03,16.48,26,
124.77,-0.66,-0.79,0.09,0.82,0.54,-0.09,0.38,-0.12,0.31,-56.57,99.97,171.72,16.48,25,
124.87,-0.67,-0.69,0.13,0.82,0.53,-0.09,0.38,-0.11,0.31,-56.64,99.67,172.64,16.48,23,
125.02,-0.49,-0.64,0.03,0.82,0.53,-0.09,0.38,-0.12,0.31,-56.71,99.68,171.66,16.48,23,
125.15,-0.61,-0.75,0.12,0.82,0.53,-0.09,0.39,-0.11,0.30,-56.66,99.72,172.30,16.48,26,
125.27,-0.70,-0.67,0.18,0.82,0.53,-0.09,0.39,-0.12,0.30,-56.62,99.84,171.14,16.48,27,
125.39,-0.79,-0.73,0.01,0.82,0.53,-0.09,0.38,-0.11,0.31,-56.65,99.92,172.38,16.48,27,
125.54,-0.76,-0.87,0.12,0.82,0.53,-0.10,0.38,-0.12,0.30,-56.68,100.11,171.37,16.48,24,
125.67,-0.90,-0.97,0.03,0.82,0.53,-0.09,0.39,-0.11,0.31,-56.51,100.04,172.41,16.48,27,
125.79,-0.73,-0.72,0.14,0.82,0.53,-0.09,0.39,-0.12,0.30,-56.53,99.84,171.50,16.48,25,
125.93,-0.38,-0.80,0.00,0.82,0.54,-0.10,0.38,-0.11,0.31,-56.42,100.13,172.27,16.48,25,
126.06,-0.63,-0.76,0.15,0.82,0.54,-0.09,0.39,-0.12,0.31,-56.55,99.50,172.04,16.48,25,
126.19,-0.60,-0.71,0.10,0.82,0.54,-0.09,0.38,-0.12,0.31,-56.49,99.91,171.87,16.48,27,
126.32,-0.57,-0.84,0.06,0.82,0.54,-0.09,0.38,-0.11,0.31,-56.47,99.67,172.01,16.48,26,
126.44,-0.55,-0.72,0.11,0.82,0.53,-0.09,0.39,-0.12,0.31,-56.64,99.48,171.56,16.48,25,
126.59,-0.87,-0.69,0.27,0.82,0.54,-0.11,0.39,-0.12,0.31,-56.28,101.53,171.72,16.48,25,
126.71,-0.58,-0.73,0.16,0.82,0.53,-0.08,0.39,-0.12,0.31,-56.97,98.40,171.76,16.48,25,
126.82,-0.68,-0.93,0.15,0.82,0.53,-0.09,0.39,-0.12,0.31,-56.56,99.96,172.03,16.48,26,
126.95,-0.84,-0.65,0.24,0.82,0.53,-0.09,0.38,-0.12,0.30,-56.68,99.51,171.43,16.48,26,
127.11,-0.66,-0.81,0.28,0.82,0.53,-0.09,0.38,-0.11,0.31,-56.65,99.76,172.09,16.48,23,
127.23,-0.59,-0.82,0.14,0.82,0.54,-0.11,0.39,-0.12,0.30,-56.29,101.05,171.91,16.48,27,
127.34,-0.63,-0.80,0.18,0.82,0.54,-0.09,0.38,-0.11,0.30,-56.63,99.15,172.61,16.48,26,
127.49,-0.71,-0.61,0.11,0.82,0.54,-0.09,0.38,-0.12,0.31,-56.59,99.89,171.72,16.48,23,
127.62,-0.58,-0.79,0.17,0.82,0.54,-0.09,0.38,-0.11,0.31,-56.50,99.74,172.43,16.48,26,
127.75,-0.60,-0.66,0.21,0.82,0.53,-0.09,0.39,-0.12,0.31,-56.47,99.88,171.68,16.48,25,
127.88,-0.57,-0.61,0.04,0.82,0.54,-0.09,0.39,-0.11,0.31,-56.40,100.02,172.19,16.48,26,
128.01,-0.54,-0.63,0.08,0.82,0.54,-0.09,0.39,-0.11,0.31,-56.60,99.66,172.28,16.48,24,
128.14,-0.49,-0.73,0.28,0.83,0.53,-0.09,0.38,-0.11,0.31,-56.79,99.99,172.44,16.48,24,
128.27,-0.65,-0.80,0.14,0.82,0.53,-0.09,0.39,-0.11,0.30,-56.54,99.55,172.59,16.48,25,
128.40,-0.80,-0.93,0.22,0.82,0.54,-0.09,0.38,-0.12,0.30,-56.44,99.84,171.64,16.48,27,
128.51,-0.85,-0.86,0.04,0.82,0.53,-0.10,0.39,-0.11,0.31,-56.49,100.54,172.65,16.48,27,
128.65,-0.55,-0.78,0.19,0.82,0.54,-0.09,0.38,-0.12,0.31,-56.56,99.49,171.29,16.48,24,
128.77,-0.71,-0.73,0.17,0.82,0.53,-0.09,0.38,-0.12,0.31,-56.55,100.05,171.67,16.48,26,
128.92,-0.64,-0.79,0.21,0.82,0.53,-0.09,0.38,-0.12,0.30,-56.66,99.73,171.55,16.48,26,
129.04,-0.65,-0.86,0.08,0.83,0.54,-0.09,0.39,-0.11,0.30,-56.61,99.86,172.34,16.48,25,
129.16,-0.65,-0.72,-0.02,0.82,0.53,-0.09,0.39,-0.11,0.30,-56.58,99.97,172.45,16.48,27,
129.29,-0.68,-0.96,0.05,0.82,0.54,-0.10,0.38,-0.11,0.31,-56.27,100.60,172.79,16.48,25,
129.42,-0.70,-0.88,0.25,0.82,0.53,-0.10,0.39,-0.11,0.31,-56.62,100.20,172.32,16.48,25,
129.57,-0.65,-0.64,0.28,0.82,0.53,-0.09,0.38,-0.11,0.31,-56.68,99.92,172.84,16.48,24,
129.70,-0.59,-0.74,0.24,0.82,0.54,-0.09,0.39,-0.12,0.31,-56.58,99.59,171.33,16.48,24,
129.83,-0.68,-0.75,0.14,0.82,0.53,-0.08,0.38,-0.11,0.31,-56.57,98.42,172.52,16.48,25,
129.95,-0.29,-0.67,0.21,0.82,0.53,-0.09,0.39,-0.11,0.31,-56.53,99.76,172.62,16.48,27,
130.09,-0.87,-0.76,0.11,0.82,0.53,-0.09,0.39,-0.11,0.30,-56.64,100.01,172.23,16.48,26,
130.21,-0.67,-0.87,-0.04,0.82,0.54,-0.09,0.38,-0.11,0.31,-56.49,99.41,172.91,16.48,24,
130.34,-0.55,-0.56,0.22,0.82,0.54,-0.09,0.38,-0.12,0.30,-56.50,99.72,171.38,16.48,29,
130.47,-0.79,-0.67,0.10,0.82,0.53,-0.09,0.38,-0.11,0.31,-56.58,99.69,172.12,16.48,24,
130.59,-0.76,-0.70,0.23,0.82,0.54,-0.09,0.38,-0.11,0.31,-56.52,99.87,172.01,16.48,26,
130.74,-0.78,-0.69,0.13,0.83,0.53,-0.10,0.38,-0.11,0.31,-56.62,100.85,171.97,16.48,27,
130.85,-0.66,-0.67,0.12,0.82,0.53,-0.10,0.38,-0.12,0.31,-56.77,100.44,171.03,16.48,27,
130.98,-0.56,-0.83,0.21,0.82,0.54,-0.09,0.38,-0.11,0.32,-56.60,99.78,172.16,16.48,25,
131.11,-0.56,-0.81,0.11,0.82,0.54,-0.10,0.39,-0.12,0.31,-56.56,100.09,171.62,16.48,25,
131.27,-0.96,-0.80,0.28,0.82,0.54,-0.08,0.38,-0.11,0.31,-56.51,98.38,172.56,16.48,25,
131.37,-0.49,-0.63,0.09,0.82,0.53,-0.09,0.39,-0.11,0.31,-56.65,100.08,172.08,16.48,26,
131.50,-0.68,-0.63,0.06,0.82,0.54,-0.10,0.38,-0.11,0.31,-56.45,100.51,172.59,16.48,26,
131.65,-0.51,-0.75,0.09,0.82,0.53,-0.09,0.38,-0.12,0.31,-56.78,99.93,171.35,16.48,24,
131.78,-0.54,-0.52,0.32,0.83,0.53,-0.10,0.39,-0.11,0.31,-56.79,100.29,172.70,16.48,26,
131.91,-0.53,-0.76,0.10,0.82,0.54,-0.10,0.39,-0.12,0.32,-56.38,100.08,171.73,16.48,26,
132.05,-0.47,-0.70,1.90,0.82,0.53,-0.09,0.38,-0.11,0.31,-56.66,99.44,171.71,16.48,28,
132.17,-0.52,-0.89,0.14,0.82,0.53,-0.09,0.38,-0.11,0.31,-56.58,99.66,172.35,16.48,24,
132.28,-0.61,-0.65,0.22,0.82,0.54,-0.09,0.38,-0.12,0.31,-56.58,99.78,171.43,16.48,27,
132.44,-0.70,-0.76,0.13,0.82,0.53,-0.09,0.38,-0.11,0.31,-56.55,100.07,172.30,16.48,26,
132.54,-0.75,-0.70,-0.07,0.82,0.54,-0.09,0.38,-0.12,0.31,-56.55,99.72,171.15,16.48,26,
132.67,-0.69,-0.69,0.28,0.82,0.54,-0.09,0.39,-0.11,0.31,-56.48,99.69,172.47,16.48,25,
132.80,-0.43,-0.73,0.03,0.82,0.53,-0.09,0.39,-0.12,0.31,-56.79,99.53,171.58,16.48,26,
132.96,-0.79,-0.75,0.17,0.82,0.54,-0.09,0.39,-0.12,0.31,-56.44,99.80,171.20,16.48,26,
133.08,-0.53,-0.89,0.21,0.82,0.54,-0.09,0.39,-0.11,0.31,-56.50,99.94,172.11,16.48,25,
133.21,-0.84,-0.84,0.14,0.82,0.54,-0.09,0.38,-0.12,0.31,-56.62,99.77,171.46,16.48,27,
133.34,-0.31,-0.80,0.14,0.82,0.53,-0.10,0.39,-0.12,0.31,-56.55,100.09,171.68,16.48,25,
133.47,-0.68,-0.80,0.11,0.82,0.53,-0.09,0.38,-0.12,0.31,-56.54,99.61,171.62,16.48,26,
133.58,-0.70,-0.90,0.10,0.82,0.53,-0.09,0.38,-0.11,0.30,-56.73,99.96,171.97,16.48,25,
133.73,-0.79,-0.79,0.40,0.82,0.53,-0.09,0.39,-0.12,0.30,-56.52,100.03,171.38,16.48,26,
133.84,-0.65,-0.72,0.17,0.82,0.53,-0.09,0.39,-0.11,0.30,-56.59,99.93,172.97,16.48,28,
133.97,-0.57,-0.61,0.11,0.82,0.54,-0.11,0.38,-0.11,0.30,-56.38,101.45,172.21,16.48,25,
134.11,-0.59,-0.84,0.05,0.82,0.53,-0.10,0.39,-0.11,0.31,-56.62,100.17,172.18,16.48,25,
134.23,-0.61,-0.81,0.00,0.82,0.53,-0.09,0.39,-0.12,0.31,-56.63,99.82,171.86,16.48,26,
134.38,-0.64,-0.79,0.13,0.82,0.53,-0.09,0.38,-0.11,0.32,-56.69,100.01,172.46,16.48,26,
134.49,-0.61,-0.76,0.14,0.82,0.54,-0.08,0.38,-0.12,0.31,-56.58,98.93,171.53,16.48,26,
134.63,-0.61,-0.76,0.26,0.83,0.53,-0.09,0.38,-0.12,0.31,-56.70,100.00,171.82,16.48,25,
134.89,-0.57,-0.67,0.20,0.82,0.53,-0.09,0.38,-0.12,0.31,-56.69,99.61,170.84,16.48,25,
135.20,-0.58,-0.61,0.16,0.82,0.53,-0.09,0.39,-0.11,0.32,-56.67,99.96,172.86,16.48,26,
135.22,-0.67,-0.87,0.27,0.82,0.54,-0.09,0.39,-0.12,0.31,-56.37,99.90,171.54,16.48,26,
135.25,-0.74,-0.65,0.15,0.82,0.54,-0.09,0.39,-0.11,0.31,-56.54,100.05,172.57,16.48,28,
135.29,-0.64,-0.61,0.03,0.82,0.54,-0.09,0.38,-0.12,0.31,-56.60,99.95,171.44,16.48,26,
135.42,-0.55,-0.87,0.10,0.82,0.53,-0.11,0.38,-0.12,0.31,-56.64,101.38,171.38,16.48,29,
135.54,-0.54,-0.79,0.13,0.82,0.53,-0.09,0.38,-0.12,0.32,-56.60,99.98,171.85,16.48,25,
135.68,-0.58,-0.61,0.04,0.82,0.54,-0.09,0.39,-0.12,0.31,-56.47,99.71,171.26,16.48,24,
135.80,-0.72,-0.63,0.02,0.82,0.54,-0.09,0.39,-0.11,0.31,-56.60,99.66,172.04,16.48,26,
135.93,-0.76,-0.68,0.17,0.82,0.54,-0.09,0.39,-0.12,0.30,-56.59,99.74,171.98,16.48,25,
136.05,-0.87,-0.81,0.18,0.82,0.53,-0.10,0.39,-0.11,0.31,-56.46,100.09,172.15,16.48,27,
136.18,-0.67,-0.69,0.18,0.82,0.53,-0.09,0.39,-0.11,0.31,-56.49,99.91,172.21,16.48,26,
136.32,-0.67,-0.79,0.08,0.82,0.54,-0.09,0.38,-0.11,0.31,-56.42,99.92,172.77,16.48,27,
136.44,-0.70,-0.69,0.12,0.82,0.53,-0.09,0.39,-0.12,0.31,-56.58,99.97,171.23,16.48,25,
136.59,-0.55,-0.71,0.04,0.82,0.54,-0.09,0.38,-0.11,0.31,-56.53,99.90,172.32,16.48,24,
136.70,-0.63,-0.70,0.15,0.82,0.53,-0.09,0.39,-0.11,0.31,-56.61,99.90,172.38,16.48,26,
136.84,-0.60,-0.77,0.08,0.82,0.54,-0.09,0.39,-0.11,0.31,-56.51,99.98,172.44,16.48,26,
136.98,-0.66,-0.96,0.15,0.82,0.53,-0.09,0.39,-0.12,0.31,-56.58,100.01,171.56,16.48,23,
137.11,-0.72,-0.76,0.16,0.82,0.53,-0.09,0.39,-0.11,0.31,-56.53,99.65,172.80,16.48,27,
137.22,-0.81,-0.66,-0.05,0.82,0.53,-0.09,0.38,-0.11,0.31,-56.73,99.52,171.94,16.48,24,
137.37,-0.74,-0.81,0.20,0.82,0.53,-0.09,0.39,-0.12,0.31,-56.59,99.96,171.81,16.48,27,
137.50,-0.82,-0.87,0.34,0.82,0.54,-0.09,0.38,-0.12,0.31,-56.49,99.87,171.86,16.48,26,
137.63,-0.61,-0.73,0.13,0.82,0.53,-0.09,0.39,-0.12,0.31,-56.59,99.47,171.57,16.48,27,
137.76,-0.52,-0.78,0.15,0.82,0.53,-0.09,0.39,-0.11,0.31,-56.53,100.02,172.71,16.48,25,
137.88,-0.58,-0.73,0.20,0.82,0.54,-0.09,0.38,-0.11,0.30,-56.49,99.90,172.07,16.48,26,
138.00,-0.68,-0.76,0.10,0.83,0.54,-0.10,0.39,-0.11,0.31,-56.59,100.28,173.17,16.48,27,
138.13,-0.79,-0.63,0.16,0.82,0.54,-0.09,0.39,-0.11,0.31,-56.44,99.94,172.21,16.48,26,
138.28,-0.55,-1.08,0.17,0.82,0.54,-0.09,0.38,-0.11,0.32,-56.56,99.90,172.31,16.48,25,
138.41,-0.73,-0.76,0.11,0.82,0.54,-0.09,0.39,-0.12,0.31,-56.55,99.74,172.00,16.48,24,
138.53,-0.54,-0.67,0.10,0.82,0.53,-0.09,0.39,-0.11,0.31,-56.52,99.76,173.04,16.48,26,
138.66,-0.56,-0.74,0.11,0.82,0.54,-0.09,0.39,-0.12,0.30,-56.52,100.00,171.40,16.48,28,
138.79,-0.76,-0.75,0.13,0.82,0.54,-0.09,0.38,-0.11,0.31,-56.46,99.89,172.52,16.48,26,
138.92,-0.58,-0.81,0.09,0.82,0.53,-0.09,0.39,-0.11,0.31,-56.65,99.80,172.10,16.48,25,
139.06,-0.46,-0.65,0.32,0.82,0.54,-0.10,0.39,-0.12,0.31,-56.25,100.16,171.81,16.48,23,
139.18,-0.68,-0.83,0.09,0.82,0.53,-0.10,0.39,-0.12,0.31,-56.62,100.71,171.79,16.48,26,
139.30,-0.84,-0.59,0.15,0.82,0.54,-0.10,0.39,-0.12,0.30,-56.35,100.52,171.62,16.48,24,
139.44,-0.61,-0.75,0.14,0.82,0.54,-0.09,0.38,-0.11,0.30,-56.46,100.02,172.77,16.48,25,
139.58,-0.48,-0.66,0.27,0.82,0.53,-0.10,0.39,-0.12,0.31,-56.56,100.31,171.95,16.48,28,
139.69,-0.60,-0.64,0.08,0.82,0.54,-0.10,0.39,-0.11,0.31,-56.33,100.55,172.27,16.48,24,
139.83,-0.67,-0.77,0.10,0.83,0.53,-0.09,0.39,-0.12,0.31,-56.85,99.14,171.06,16.48,26,
139.97,-0.79,-0.84,0.22,0.82,0.53,-0.10,0.38,-0.11,0.31,-56.54,100.18,172.44,16.48,25,
