2017-01-30-20-27-25
0
ophthalmoscope
D
0.00,113.94,255,
0.00,-0.63,-0.89,0.23,0.82,0.54,0.07,0.38,-0.20,0.24,-56.54,82.72,161.54,13.94,255,
0.01,-0.65,-0.70,0.17,0.82,0.54,0.07,0.39,-0.19,0.23,-56.47,82.85,162.12,13.94,255,
0.03,-0.55,-0.83,0.07,0.82,0.54,0.06,0.39,-0.19,0.23,-56.29,83.21,162.16,13.94,255,
0.03,-0.63,-0.84,0.01,0.82,0.54,0.07,0.39,-0.20,0.23,-56.41,82.96,161.67,13.94,255,
0.04,-0.68,-0.85,0.12,0.82,0.54,0.07,0.39,-0.19,0.24,-56.28,83.16,162.28,13.94,255,
0.05,-0.59,-0.72,0.07,0.82,0.54,0.07,0.39,-0.20,0.23,-56.44,82.71,162.14,13.94,255,
0.06,-0.76,-0.93,0.08,0.82,0.54,0.06,0.39,-0.20,0.24,-56.49,83.37,161.95,13.94,255,
0.07,-0.59,-0.83,0.06,0.82,0.54,0.06,0.39,-0.20,0.24,-56.27,83.38,161.93,13.94,255,
0.08,-0.58,-0.76,0.03,0.82,0.54,0.07,0.39,-0.20,0.23,-56.42,82.82,161.54,13.94,255,
0.09,-0.58,-0.78,0.00,0.82,0.54,0.07,0.39,-0.20,0.24,-56.51,82.98,161.71,13.94,255,
0.13,-0.53,-0.93,0.11,0.82,0.54,0.07,0.39,-0.20,0.23,-56.34,82.82,161.54,13.94,255,
0.30,-0.54,-0.64,0.13,0.82,0.54,0.07,0.39,-0.20,0.23,-56.26,83.12,161.59,13.94,255,
0.40,-0.77,-0.97,0.16,0.82,0.54,0.07,0.39,-0.20,0.23,-56.46,82.80,162.07,13.94,255,
0.53,-0.77,-0.84,0.22,0.82,0.54,0.07,0.39,-0.20,0.23,-56.20,82.62,161.94,13.94,255,
0.65,-0.69,-0.70,0.07,0.82,0.54,0.07,0.39,-0.20,0.24,-56.49,82.93,161.88,13.94,255,
0.82,-0.60,-0.87,0.09,0.82,0.54,0.06,0.40,-0.19,0.23,-56.14,83.38,162.36,13.94,255,
0.93,-0.44,-0.73,0.11,0.82,0.54,0.07,0.39,-0.20,0.23,-56.34,83.07,162.18,13.94,255,
1.06,-0.64,-0.68,0.10,0.82,0.54,0.06,0.39,-0.20,0.22,-56.35,83.27,161.79,13.94,255,
1.21,-0.58,-0.79,0.10,0.82,0.54,0.07,0.39,-0.20,0.23,-56.40,82.89,162.20,13.94,255,
1.31,-0.61,-0.81,0.16,0.82,0.54,0.07,0.39,-0.20,0.24,-56.30,82.96,161.72,13.94,255,
1.46,-0.58,-0.74,0.15,0.82,0.54,0.07,0.39,-0.19,0.23,-56.33,82.99,162.17,13.94,255,
1.57,-0.55,-0.78,0.07,0.82,0.54,0.07,0.39,-0.19,0.23,-56.31,82.85,162.49,13.62,255,
1.72,-0.28,-1.23,-0.07,0.81,0.54,0.08,0.40,-0.20,0.23,-56.17,81.95,161.93,13.62,255,
1.85,-0.61,-0.79,-0.08,0.81,0.54,0.07,0.39,-0.19,0.23,-56.18,82.58,162.16,13.62,255,
1.98,-0.56,-0.77,0.06,0.82,0.54,0.08,0.39,-0.19,0.23,-56.29,82.04,162.50,13.62,255,
2.09,-0.58,-0.86,0.13,0.82,0.54,0.07,0.39,-0.19,0.23,-56.27,82.89,162.31,13.62,255,
2.24,-0.59,-0.93,0.18,0.82,0.54,0.07,0.39,-0.19,0.23,-56.19,82.72,162.69,13.62,255,
2.34,-0.42,-0.71,0.18,0.82,0.54,0.07,0.39,-0.19,0.22,-56.41,82.87,161.99,13.62,255,
2.48,-0.47,-0.63,0.11,0.82,0.54,0.07,0.39,-0.19,0.23,-56.43,83.03,162.03,13.62,255,
2.61,-0.59,-0.70,0.16,0.82,0.54,0.07,0.39,-0.20,0.23,-56.39,82.80,162.08,13.94,255,
2.74,-0.52,-0.75,-0.01,0.82,0.54,0.07,0.39,-0.20,0.24,-56.45,83.11,162.01,13.94,255,
2.86,-0.64,-0.72,0.25,0.82,0.54,0.07,0.39,-0.19,0.23,-56.21,82.53,162.25,13.94,255,
3.01,-0.75,-0.85,1.88,0.82,0.54,0.07,0.39,-0.19,0.24,-56.43,83.10,162.21,13.94,255,
3.14,-0.51,-0.81,0.05,0.82,0.54,0.07,0.39,-0.20,0.24,-56.32,82.80,161.77,13.94,255,
3.25,-0.50,-0.68,0.01,0.82,0.54,0.07,0.40,-0.19,0.24,-56.35,82.34,162.47,13.94,255,
3.39,-0.52,-0.84,0.15,0.82,0.54,0.07,0.39,-0.20,0.24,-56.46,82.93,161.83,13.94,255,
3.54,-0.63,-0.95,0.12,0.82,0.54,0.07,0.38,-0.20,0.23,-56.37,82.97,161.09,13.62,255,
3.66,-0.72,-0.81,0.01,0.82,0.54,0.07,0.39,-0.20,0.23,-56.45,82.96,161.49,13.62,255,
3.77,-0.54,-0.79,-0.05,0.82,0.54,0.07,0.39,-0.20,0.24,-56.34,82.89,162.06,13.94,255,
3.92,-0.79,-0.72,0.19,0.82,0.54,0.07,0.38,-0.19,0.23,-56.40,82.76,161.61,13.94,255,
4.04,-0.81,-0.79,0.10,0.82,0.54,0.07,0.40,-0.20,0.24,-56.60,83.04,162.18,13.94,255,
4.16,-0.50,-0.90,0.20,0.82,0.54,0.07,0.39,-0.19,0.24,-56.52,82.37,162.38,13.94,255,
4.31,-0.63,-0.78,0.27,0.82,0.54,0.07,0.39,-0.20,0.24,-56.17,82.94,161.57,13.62,255,
4.44,-0.48,-0.93,0.09,0.82,0.54,0.07,0.39,-0.19,0.24,-56.66,83.00,162.01,13.62,255,
4.56,-0.52,-0.96,-0.01,0.82,0.54,0.07,0.39,-0.19,0.24,-56.39,83.00,162.43,13.62,255,
4.69,-0.70,-0.80,0.00,0.82,0.54,0.07,0.39,-0.19,0.24,-56.26,82.94,162.38,13.31,255,
4.83,-0.64,-0.94,0.07,0.82,0.54,0.07,0.39,-0.19,0.23,-56.62,83.08,162.07,12.99,255,
4.95,-0.45,-0.70,0.07,0.82,0.54,0.07,0.39,-0.19,0.23,-56.48,82.72,162.37,12.99,255,
5.10,-0.93,-0.37,-0.10,0.82,0.54,0.06,0.39,-0.19,0.23,-56.48,83.21,162.23,12.99,255,
5.23,-0.52,-0.91,-0.40,0.81,0.57,0.06,0.39,-0.19,0.23,-54.89,84.10,162.58,12.99,255,
5.36,-0.69,-0.70,0.15,0.82,0.53,0.07,0.38,-0.19,0.24,-56.72,82.45,162.11,12.99,255,
5.47,-7.72,8.87,-7.63,0.82,0.54,0.06,0.39,-0.20,0.24,-56.49,83.53,161.66,12.67,255,
5.62,13.61,-18.25,14.95,0.82,0.57,0.08,0.39,-0.19,0.24,-54.87,82.31,162.57,12.99,255,
5.75,-5.08,3.64,-1.86,0.83,0.51,0.11,0.39,-0.19,0.23,-57.78,77.68,162.73,12.67,113,
5.86,12.67,-11.80,0.01,0.84,0.56,0.15,0.39,-0.19,0.23,-55.17,74.87,162.48,13.31,255,
5.99,-3.66,4.34,-0.04,0.82,0.56,0.09,0.39,-0.20,0.23,-55.14,80.86,162.10,12.99,255,
6.13,-13.00,-3.40,-2.19,0.98,0.87,0.15,0.39,-0.20,0.23,-48.04,80.30,161.83,9.82,81,
6.25,0.01,-1.16,-0.82,0.80,0.54,0.06,0.39,-0.19,0.24,-56.05,83.32,162.25,9.19,55,
6.40,-5.17,4.34,-0.78,0.82,0.53,0.08,0.39,-0.19,0.24,-56.83,81.77,162.14,11.09,49,
6.51,5.07,-6.26,7.99,0.77,0.68,0.03,0.39,-0.18,0.25,-48.36,87.14,163.79,12.67,93,
6.67,-38.76,16.47,-3.65,0.84,0.51,0.07,0.39,-0.17,0.25,-58.38,81.94,165.01,11.72,125,
6.79,-7.26,2.60,-3.66,0.84,0.46,-0.05,0.39,-0.16,0.28,-61.00,96.51,166.49,11.72,91,
6.90,-0.19,-1.14,0.80,0.83,0.52,-0.04,0.39,-0.16,0.28,-57.86,94.02,166.39,11.72,81,
7.06,1.65,-21.51,20.00,0.82,0.60,0.07,0.39,-0.16,0.28,-53.63,83.27,166.41,12.36,104,
7.17,0.84,-4.45,-1.10,0.82,0.60,0.02,0.38,-0.16,0.27,-54.01,88.45,166.09,12.36,145,
7.32,-2.10,9.62,-3.17,0.80,0.60,0.02,0.39,-0.17,0.28,-53.01,88.12,165.26,12.36,133,
7.45,-0.84,-0.70,0.07,0.81,0.55,-0.01,0.38,-0.16,0.28,-55.67,91.05,165.81,12.36,123,
7.57,-2.24,1.23,-2.00,0.82,0.55,-0.03,0.39,-0.17,0.28,-56.36,93.03,165.25,12.36,128,
7.68,-1.76,0.81,-0.77,0.82,0.55,-0.02,0.38,-0.16,0.28,-56.05,91.66,165.36,12.36,115,
7.84,-3.65,0.81,-2.33,0.82,0.55,-0.02,0.39,-0.16,0.28,-56.38,91.96,166.32,12.04,111,
7.94,-5.96,2.41,-2.86,0.83,0.54,-0.04,0.39,-0.15,0.29,-56.97,94.46,167.12,12.04,95,
8.09,-17.36,12.89,-9.79,0.89,0.25,-0.14,0.39,-0.15,0.30,-72.35,119.32,167.66,12.04,75,
8.21,-22.49,-10.62,8.93,0.92,0.62,-0.82,0.39,-0.14,0.31,-41.66,143.01,168.83,13.62,75,
8.36,29.94,3.82,-13.29,0.81,0.19,0.43,0.40,-0.14,0.30,-60.04,23.32,168.52,13.62,75,
8.50,24.77,12.98,53.59,0.91,0.51,-0.25,0.41,-0.15,0.28,-58.27,116.37,168.33,14.26,75,
8.59,29.71,-20.63,9.47,1.01,0.64,-0.01,0.40,-0.18,0.26,-57.79,91.07,164.88,14.26,75,
8.74,16.53,48.81,79.32,0.63,0.78,-0.15,0.38,-0.21,0.24,-38.46,101.15,160.03,16.48,75,
8.85,94.53,-147.78,113.09,0.37,1.09,0.35,0.39,-0.24,0.16,-18.07,72.33,156.66,19.01,75,
9.00,14.92,-0.64,-8.69,0.56,0.68,0.26,0.39,-0.25,0.14,-37.84,68.98,156.20,20.91,75,
9.12,-127.00,-13.47,-23.54,0.76,0.76,0.04,0.42,-0.21,0.17,-45.13,87.24,162.60,19.64,75,
9.27,-179.76,-45.88,-36.63,0.84,0.51,-0.19,0.48,-0.11,0.23,-57.15,110.40,175.38,14.57,255,
9.38,-136.24,98.65,-62.19,0.54,0.29,0.12,0.50,0.03,0.27,-59.77,68.33,191.57,8.87,255,
9.51,-59.18,47.75,-32.14,0.85,0.16,-0.94,0.45,0.13,0.35,-41.72,170.31,204.78,10.14,255,
9.65,-71.20,25.35,19.54,0.95,0.10,-0.63,0.44,0.15,0.37,-56.23,170.52,207.52,10.46,255,
9.78,-185.76,59.40,15.54,0.76,0.18,-0.74,0.42,0.20,0.38,-44.72,166.53,214.62,13.94,255,
9.91,-60.02,10.93,-49.40,0.67,0.65,-0.87,0.37,0.31,0.38,-31.62,143.37,227.80,27.56,255,
10.05,-195.20,44.89,-2.40,0.76,-0.26,-0.86,0.32,0.45,0.30,-40.01,-163.56,242.91,8.24,255,
10.17,-197.28,19.79,-95.61,0.77,-0.64,-0.35,0.28,0.55,0.15,-46.47,-118.87,252.07,6.34,255,
10.30,-69.28,58.69,-222.19,0.08,-0.53,-0.40,0.09,0.60,-0.04,-6.81,-127.29,270.16,10.14,255,
10.42,-86.63,26.47,-126.43,-0.83,-0.11,-0.24,-0.13,0.52,-0.13,72.65,-154.66,292.06,11.72,255,
10.54,-95.28,-42.36,-146.16,-1.19,-0.76,0.09,-0.26,0.36,-0.17,57.34,-83.27,314.05,7.92,255,
10.69,10.94,-22.05,-94.16,-1.27,-0.09,0.18,-0.33,0.23,-0.13,81.11,-27.77,334.22,7.92,255,
10.81,-4.81,-13.76,-12.66,-1.16,-0.23,-0.09,-0.34,0.16,-0.13,78.25,-111.68,344.21,13.94,255,
10.93,0.50,-35.67,-19.19,-1.01,0.09,-0.19,-0.36,0.15,-0.10,78.31,153.56,345.09,28.20,75,
11.09,-4.64,-1.27,12.37,-1.42,0.03,-0.09,-0.37,0.13,-0.08,86.23,162.43,348.60,31.05,76,
11.21,9.09,-18.03,-6.92,-1.03,-0.04,-0.12,-0.37,0.13,-0.05,82.88,-160.62,348.77,32.32,76,
11.32,-35.14,20.13,-11.66,-1.02,-0.04,-0.06,-0.37,0.12,-0.06,85.88,-142.76,349.92,29.78,79,
11.48,9.71,-9.39,-0.48,-1.03,-0.01,-0.08,-0.36,0.12,-0.07,85.36,-172.35,350.80,30.42,75,
11.60,-0.03,-7.08,2.25,-0.98,0.02,-0.11,-0.36,0.11,-0.07,83.19,169.65,352.38,31.68,72,
11.71,-5.60,9.59,-3.73,-1.04,-0.05,-0.12,-0.37,0.11,-0.06,82.76,-158.52,351.75,30.73,77,
11.86,-2.30,5.63,-3.10,-1.06,-0.02,-0.07,-0.36,0.10,-0.08,85.93,-167.50,352.90,29.78,77,
11.97,-0.57,-1.30,-0.04,-1.02,-0.02,-0.06,-0.36,0.11,-0.08,86.37,-164.45,351.87,29.78,73,
12.12,-0.64,-2.68,0.13,-1.04,0.00,-0.05,-0.36,0.10,-0.07,87.26,178.32,353.85,30.10,77,
12.24,-0.86,-4.00,-0.64,-1.02,-0.02,-0.05,-0.37,0.10,-0.06,87.21,-160.68,352.98,30.42,71,
12.36,-1.00,-1.99,-1.34,-1.03,0.01,-0.06,-0.37,0.09,-0.07,86.64,169.91,354.21,30.73,72,
12.50,0.80,-5.35,-4.48,-1.09,0.03,0.05,-0.37,0.10,-0.06,87.04,33.45,353.70,31.37,71,
12.62,0.84,-1.79,-15.11,-1.03,0.04,-0.03,-0.37,0.08,-0.06,87.47,128.40,356.59,32.32,67,
12.77,2.36,-4.06,7.26,-1.07,0.01,-0.18,-0.37,0.08,-0.05,80.27,177.19,356.57,31.37,70,
12.89,-1.08,6.86,2.73,-1.03,0.08,-0.06,-0.36,0.08,-0.06,84.59,125.48,356.28,31.37,73,
13.01,-0.50,2.34,0.20,-1.13,0.01,-0.07,-0.36,0.08,-0.07,86.22,175.50,355.67,31.68,85,
13.16,91.62,-5.42,0.55,-1.06,0.23,-0.31,-0.36,0.11,-0.09,69.92,143.20,351.29,31.37,93,
13.28,142.50,9.39,8.16,-1.14,-0.01,-0.19,-0.36,0.18,-0.10,80.40,-177.34,342.89,29.47,94,
13.43,234.62,4.63,2.93,-0.96,-0.04,-0.02,-0.36,0.20,-0.10,87.28,-120.69,338.92,22.50,26,
13.55,164.41,-6.33,-7.06,-0.95,0.01,0.04,-0.39,0.27,-0.05,87.42,9.57,333.58,13.94,34,
13.69,81.62,3.33,2.03,-1.10,0.48,-0.14,-0.36,0.29,-0.03,65.46,106.28,329.19,14.26,79,
13.81,7.06,5.97,-0.51,-1.07,0.03,0.08,-0.36,0.31,-0.01,85.21,21.11,327.96,14.26,78,
13.92,-1.79,-7.15,-0.93,-1.07,0.09,0.09,-0.34,0.31,-0.01,83.21,46.18,327.00,14.26,79,
14.07,-2.70,-19.95,-3.52,-1.05,0.07,-0.12,-0.35,0.30,-0.00,82.21,148.68,327.64,15.21,75,
14.19,0.11,3.51,2.49,-1.05,0.01,0.09,-0.36,0.31,0.01,85.28,4.59,328.01,15.21,77,
14.31,32.68,-1.62,2.49,-0.95,0.20,0.11,-0.36,0.31,0.00,76.16,60.74,328.03,15.84,106,
14.46,124.17,-1.66,-5.73,-1.03,0.03,0.11,-0.36,0.32,0.07,83.87,16.55,326.84,17.11,79,
14.58,58.50,-0.16,-0.37,-1.04,-0.02,0.13,-0.36,0.30,0.09,83.08,-7.03,328.49,17.43,81,
14.73,31.37,-3.47,0.41,-1.11,-0.01,-0.05,-0.37,0.32,0.12,87.41,-172.75,328.17,17.43,47,
14.85,204.06,0.07,-2.55,-1.04,0.23,-0.21,-0.35,0.26,0.18,73.13,132.50,332.60,20.91,51,
14.99,-0.04,-0.86,2.91,-1.03,-0.04,0.09,-0.36,0.20,0.19,84.38,-25.01,339.43,20.59,49,
15.11,-0.90,-7.00,-2.40,-0.86,-0.09,0.07,-0.35,0.19,0.20,82.78,-51.32,340.86,20.28,48,
15.23,-0.13,24.07,0.93,-1.00,-0.00,0.17,-0.35,0.19,0.20,80.15,-1.13,340.69,19.64,46,
15.35,-0.51,-1.88,-1.18,-1.00,-0.00,0.05,-0.35,0.19,0.20,86.96,-1.25,340.54,19.33,48,
15.50,0.12,-1.23,0.01,-1.03,-0.01,0.06,-0.35,0.19,0.20,86.55,-11.63,340.17,19.64,46,
15.62,52.65,-7.89,-3.32,-1.03,0.03,0.03,-0.36,0.18,0.21,87.60,45.40,342.04,19.96,49,
15.77,144.09,3.13,-5.29,-1.04,-0.06,0.14,-0.36,0.11,0.19,81.58,-21.85,352.05,25.66,46,
15.89,175.85,1.27,-4.09,-1.03,0.00,-0.09,-0.36,0.07,0.18,84.92,177.28,357.59,30.42,77,
16.00,94.60,-5.63,-1.01,-0.98,-0.07,0.06,-0.35,0.00,0.11,84.37,-50.39,7.81,32.00,71,
16.15,74.54,-8.58,-4.08,-1.09,0.03,-0.08,-0.35,-0.01,0.04,85.38,157.50,10.00,29.15,67,
16.28,-3.50,-0.44,0.79,-1.05,0.01,-0.04,-0.34,-0.01,-0.02,87.54,166.15,9.61,28.83,68,
16.40,-0.64,-2.38,0.30,-1.08,0.05,-0.02,-0.35,-0.00,-0.03,87.30,109.02,9.00,27.56,68,
16.54,-0.55,-0.70,0.28,-1.02,0.08,0.05,-0.33,-0.02,-0.04,84.81,58.86,11.34,27.56,70,
16.66,-2.21,-15.39,-0.94,-1.02,0.03,0.03,-0.34,-0.01,-0.02,87.69,43.91,10.21,28.83,68,
16.81,-0.10,1.56,0.15,-1.02,0.02,-0.00,-0.34,-0.02,-0.02,88.86,101.41,11.12,28.83,64,
16.93,171.10,0.81,0.79,-1.03,0.13,-0.26,-0.34,0.01,-0.04,73.98,153.29,7.40,28.83,75,
17.04,3.92,-5.05,-0.18,-0.96,0.03,0.29,-0.34,0.01,-0.05,72.93,6.33,7.01,29.78,79,
17.17,49.87,-6.39,1.05,-1.02,0.08,-0.04,-0.34,0.04,-0.11,84.85,115.13,2.18,30.42,92,
17.33,50.31,-1.09,1.12,-1.09,0.03,-0.03,-0.34,0.09,-0.10,88.00,132.78,354.30,30.10,95,
17.45,140.47,-2.52,4.49,-1.16,0.19,0.06,-0.33,0.13,-0.11,80.23,72.06,347.71,28.51,82,
17.56,202.64,-17.71,8.52,-0.93,0.18,0.01,-0.34,0.22,-0.07,78.77,85.93,335.34,21.54,23,
17.70,31.40,-2.12,4.07,-1.02,-0.02,0.01,-0.34,0.26,-0.04,88.78,-60.17,331.14,19.33,22,
17.82,-1.31,-9.54,3.12,-0.97,-0.01,-0.02,-0.34,0.25,-0.01,88.50,-164.77,331.55,19.96,21,
17.95,-0.61,-1.79,-0.34,-1.01,0.02,-0.16,-0.34,0.26,-0.02,81.04,171.23,331.09,20.28,23,
18.08,-0.46,-2.39,-0.85,-1.05,0.02,-0.11,-0.34,0.26,-0.03,83.90,168.31,331.63,20.59,22,
18.22,-0.40,-2.38,0.86,-0.98,0.03,-0.09,-0.34,0.26,-0.03,84.25,159.40,331.30,19.64,24,
18.34,55.62,2.26,1.45,-1.06,0.17,0.01,-0.34,0.29,0.00,81.02,86.71,328.58,17.43,72,
18.49,43.73,2.61,1.69,-1.04,0.19,-0.03,-0.34,0.30,0.04,79.49,98.10,327.29,17.43,90,
18.60,29.80,1.73,1.01,-1.00,0.11,0.03,-0.34,0.30,0.08,83.50,76.84,326.77,17.74,82,
18.73,31.35,-0.82,1.81,-1.05,0.24,-0.02,-0.34,0.29,0.09,76.83,94.60,327.81,18.69,73,
18.88,17.05,-0.89,0.99,-1.02,0.08,0.03,-0.34,0.29,0.13,85.17,67.40,328.07,19.01,77,
19.00,27.23,1.11,-1.61,-1.31,-0.07,0.13,-0.34,0.27,0.17,83.50,-29.85,330.18,19.01,55,
19.15,22.40,4.04,2.39,-1.12,0.02,0.00,-0.34,0.23,0.18,89.05,77.47,334.52,19.96,50,
19.27,-1.84,-0.40,-1.68,-1.04,-0.01,0.04,-0.33,0.22,0.18,87.71,-18.49,335.41,19.96,49,
19.38,-1.94,-10.00,-0.31,-1.06,-0.08,0.04,-0.33,0.22,0.20,84.97,-63.64,335.17,20.28,50,
19.54,-0.89,5.29,4.13,-1.02,0.01,0.04,-0.33,0.21,0.20,87.67,11.21,335.78,19.64,50,
19.66,-0.40,2.75,1.42,-1.00,-0.02,0.03,-0.33,0.21,0.20,87.93,-30.10,335.63,19.33,51,
19.77,-0.34,-0.44,-0.10,-1.03,0.03,0.02,-0.33,0.22,0.21,87.82,52.84,334.77,19.96,45,
19.93,104.70,6.70,8.28,-1.03,0.25,-0.15,-0.33,0.20,0.20,74.24,120.10,337.63,19.96,46,
20.05,53.01,2.98,4.28,-1.01,-0.02,0.05,-0.33,0.17,0.22,86.99,-21.14,341.93,19.64,49,
20.16,27.60,2.59,-0.59,-1.03,-0.04,0.02,-0.34,0.16,0.22,87.40,-71.09,343.85,19.01,46,
20.31,36.98,4.01,0.32,-1.05,-0.01,0.03,-0.33,0.14,0.21,88.33,-24.57,346.23,18.69,46,
20.44,60.14,-0.15,-1.68,-1.08,0.04,-0.00,-0.34,0.10,0.20,87.92,90.62,351.36,19.01,49,
20.57,-1.56,0.19,-0.95,-1.04,-0.05,0.06,-0.34,0.10,0.20,85.92,-39.91,352.59,19.33,46,
20.72,-12.99,12.19,-26.02,-0.87,0.14,0.08,-0.34,0.09,0.18,79.51,59.98,354.17,18.69,50,
20.81,-1.30,-6.55,1.10,-1.00,-0.02,0.06,-0.34,0.08,0.19,86.20,-19.56,354.97,18.69,46,
20.97,-0.43,1.55,0.04,-1.03,0.06,0.00,-0.33,0.08,0.19,86.75,86.35,355.30,19.33,47,
21.10,0.07,-3.71,1.05,-1.06,-0.02,0.10,-0.34,0.09,0.20,84.61,-8.71,353.76,21.23,46,
21.22,127.65,-11.50,0.23,-1.00,0.21,-0.08,-0.33,0.05,0.19,77.19,111.74,359.58,28.20,48,
21.35,120.22,-1.89,4.67,-0.99,-0.06,-0.13,-0.34,0.01,0.16,81.64,-155.48,6.72,32.00,75,
21.46,34.23,9.10,4.46,-0.98,0.01,-0.01,-0.33,-0.02,0.11,89.18,157.55,11.31,32.00,72,
21.59,13.79,-5.60,-0.68,-1.03,0.26,-0.09,-0.33,-0.02,0.07,75.17,108.35,11.93,32.32,68,
21.72,-1.23,-4.58,1.48,-1.09,-0.01,0.03,-0.33,-0.02,0.04,88.19,-10.23,12.58,32.00,69,
21.84,-4.08,18.30,-1.02,-1.04,-0.00,0.11,-0.33,-0.03,0.04,83.89,-0.19,14.49,29.78,69,
22.00,-0.88,4.59,-1.48,-1.02,0.03,0.07,-0.33,-0.04,0.01,86.00,23.71,15.56,28.20,69,
22.12,-0.70,1.88,1.01,-1.05,-0.03,0.04,-0.33,-0.04,0.01,87.12,-40.57,15.66,29.15,69,
22.24,-1.43,-21.42,4.22,-1.04,0.04,0.01,-0.33,-0.03,0.03,87.78,71.07,13.82,30.73,74,
22.36,0.24,-4.94,0.37,-1.03,0.02,0.02,-0.33,-0.03,0.02,88.23,40.96,14.28,31.05,65,
22.52,86.78,-11.86,-2.50,-1.09,0.49,0.02,-0.33,-0.02,0.02,65.79,87.53,12.61,29.15,72,
22.65,69.54,-7.02,-1.45,-1.00,0.13,-0.07,-0.33,-0.02,-0.02,81.67,118.58,11.83,30.10,70,
22.78,17.93,0.04,1.39,-1.04,0.11,-0.11,-0.34,0.01,-0.05,81.42,135.13,6.77,30.42,72,
22.91,25.61,-4.19,1.59,-1.05,0.16,-0.09,-0.33,0.03,-0.07,79.90,118.81,3.16,30.42,84,
23.02,115.81,2.11,-2.39,-1.02,-0.07,0.33,-0.34,0.08,-0.10,71.91,-12.95,354.75,29.47,99,
23.16,36.45,-3.68,-0.07,-1.03,0.09,-0.04,-0.33,0.11,-0.11,84.40,115.31,350.22,28.83,97,
23.28,-0.96,-1.34,0.44,-1.06,0.03,0.04,-0.33,0.12,-0.12,86.97,37.81,349.32,28.20,97,
23.41,-0.84,-0.68,0.80,-1.01,0.06,0.02,-0.33,0.12,-0.12,86.38,67.80,348.79,27.25,96,
23.54,-1.02,-3.55,-1.72,-1.05,0.07,-0.01,-0.33,0.11,-0.13,86.12,101.56,349.85,28.20,96,
23.68,-1.17,-3.47,-6.56,-1.05,0.06,0.01,-0.33,0.12,-0.12,86.66,81.89,349.21,29.47,94,
23.80,-1.41,-8.78,-8.15,-1.16,0.13,-0.14,-0.33,0.11,-0.11,80.66,138.95,350.60,30.42,97,
23.93,0.61,2.18,-2.37,-1.07,0.06,-0.02,-0.34,0.12,-0.11,86.86,106.52,349.67,29.78,97,
24.07,128.92,-1.78,-0.31,-1.01,0.09,-0.11,-0.34,0.16,-0.12,81.87,143.03,343.46,26.61,55,
24.22,92.98,9.14,-2.54,-1.02,0.15,0.08,-0.33,0.25,-0.09,80.24,61.57,332.01,18.06,24,
24.34,165.54,3.31,-0.05,-1.01,-0.05,0.15,-0.33,0.27,-0.07,80.81,-19.19,329.45,13.94,39,
24.46,117.36,-2.77,-1.08,-1.04,-0.11,0.21,-0.33,0.30,-0.02,77.19,-26.58,326.30,14.89,77,
24.58,60.97,-3.93,-0.64,-1.02,0.08,0.04,-0.34,0.31,0.03,84.82,62.36,325.84,15.21,91,
24.73,-1.41,1.75,-0.94,-1.03,-0.02,0.07,-0.33,0.31,0.04,86.09,-12.69,325.15,15.21,93,
24.86,-0.73,0.76,0.33,-1.00,-0.03,0.06,-0.32,0.30,0.05,86.15,-27.03,325.79,15.21,85,
24.98,-0.87,-12.79,-1.02,-1.01,0.00,0.00,-0.33,0.31,0.06,89.82,25.60,325.75,15.84,85,
25.12,-0.64,0.18,-0.01,-1.05,-0.01,0.04,-0.32,0.30,0.07,87.57,-6.54,325.48,15.84,85,
25.22,-3.24,-10.85,-1.20,-1.06,-0.00,-0.03,-0.32,0.30,0.06,88.39,-175.76,325.16,16.16,83,
25.36,2.36,3.69,1.25,-1.01,0.09,0.06,-0.33,0.30,0.07,83.65,56.44,326.23,15.84,86,
25.48,27.05,6.96,-0.19,-1.00,0.01,0.04,-0.34,0.30,0.09,87.77,13.23,326.91,15.84,77,
25.61,3.56,1.91,0.77,-1.00,-0.02,0.06,-0.34,0.30,0.12,86.57,-21.28,327.08,16.16,75,
25.74,-0.10,0.04,0.70,-1.03,-0.32,0.12,-0.33,0.29,0.12,71.84,-69.36,326.98,16.16,77,
25.90,79.46,-5.61,-1.15,-0.85,-0.05,0.10,-0.34,0.27,0.17,82.55,-29.04,329.56,18.06,50,
26.02,206.02,-9.38,2.80,-0.85,0.13,0.16,-0.33,0.24,0.19,76.31,37.66,332.77,18.69,49,
26.14,80.11,-1.58,3.73,-1.08,-0.00,-0.02,-0.33,0.18,0.22,88.94,-177.71,340.71,18.06,46,
26.27,75.49,-7.45,2.84,-1.05,-0.11,0.02,-0.33,0.14,0.23,83.66,-77.99,344.97,17.74,43,
26.42,37.56,-0.95,2.22,-1.05,-0.04,0.00,-0.34,0.14,0.23,87.78,-85.25,346.27,17.74,46,
26.55,5.02,-5.62,0.55,-1.03,-0.04,-0.06,-0.33,0.10,0.23,85.68,-146.05,351.10,17.74,45,
26.65,-1.84,1.59,-0.15,-1.02,-0.04,-0.03,-0.32,0.10,0.23,87.29,-131.72,351.00,17.74,44,
26.78,-1.92,-1.47,-0.63,-1.02,-0.03,-0.02,-0.32,0.09,0.23,88.06,-130.19,352.54,17.74,47,
26.91,-236.93,13.61,3.18,-1.05,-0.41,0.01,-0.33,0.17,0.20,68.46,-89.06,340.71,19.01,47,
27.06,-3.69,-0.52,0.85,-1.06,-0.11,0.05,-0.33,0.20,0.19,83.30,-64.77,337.32,18.69,45,
27.17,-165.36,5.37,3.88,-1.04,0.55,-0.25,-0.33,0.22,0.19,59.79,114.73,334.31,18.06,74,
27.30,-2.24,0.09,-0.65,-1.00,-0.01,0.05,-0.32,0.25,0.16,87.08,-13.92,331.39,17.11,74,
27.43,-1.45,-0.74,-1.07,-1.10,-0.00,0.05,-0.33,0.25,0.16,87.24,-3.84,331.37,16.79,78,
27.57,-1.54,-0.01,0.61,-1.04,-0.00,0.11,-0.32,0.27,0.13,84.08,-0.39,329.08,16.16,82,
27.69,-1.67,-2.24,-1.83,-1.07,-0.12,0.10,-0.32,0.27,0.12,81.90,-51.20,328.67,16.16,80,
27.84,1.29,-0.59,1.37,-1.04,0.01,0.09,-0.32,0.28,0.12,85.21,8.95,327.35,15.84,81,
27.95,-0.31,0.25,-1.27,-0.99,0.01,0.00,-0.34,0.28,0.12,89.69,71.98,328.75,15.52,75,
28.11,-1.79,-10.42,-1.35,-1.04,-0.04,-0.02,-0.34,0.28,0.14,87.70,-114.05,328.79,16.79,77,
28.22,-1.19,0.64,1.24,-1.02,0.03,0.03,-0.33,0.27,0.14,87.77,46.43,329.23,17.11,77,
28.34,-1.56,-2.01,1.29,-1.05,-0.00,0.01,-0.33,0.27,0.14,89.16,-17.72,328.38,16.79,77,
28.49,1.58,-3.19,-1.11,-1.00,-0.05,-0.02,-0.34,0.27,0.15,87.05,-117.53,329.67,16.79,76,
28.61,-1.20,-47.42,10.66,-1.08,-0.03,0.03,-0.33,0.28,0.15,87.84,-46.34,328.20,17.11,76,
28.75,6.45,56.81,-42.82,-0.69,0.20,0.32,-0.33,0.25,0.15,61.79,31.85,331.18,17.11,66,
28.87,-1.64,5.44,-8.73,-0.94,-0.20,-0.20,-0.32,0.28,0.18,73.32,-134.57,327.64,17.43,71,
29.00,-1.45,-52.88,38.97,-1.29,-0.09,-0.29,-0.32,0.27,0.16,76.76,-162.90,328.91,17.11,73,
29.13,-4.50,-56.73,25.11,-1.07,0.13,-0.13,-0.32,0.27,0.16,80.05,135.95,328.46,17.11,78,
29.25,-4.11,-25.14,19.20,-0.99,0.41,0.33,-0.34,0.26,0.15,62.09,51.32,331.24,17.11,70,
29.39,-4.79,33.53,-34.23,-1.02,0.16,0.17,-0.34,0.27,0.17,77.02,42.57,329.92,17.11,64,
29.52,-0.06,49.09,-29.53,-0.99,-0.08,0.04,-0.33,0.27,0.17,84.69,-66.06,329.33,17.11,52,
29.66,2.00,22.29,-16.25,-0.86,-0.31,-0.29,-0.32,0.27,0.19,63.35,-133.29,328.46,17.11,60,
29.77,-5.56,-24.62,61.50,-1.25,-0.29,-0.57,-0.31,0.30,0.18,62.74,-153.38,324.65,15.84,60,
29.91,0.82,3.44,18.18,-1.03,0.85,0.39,-0.32,0.33,0.15,47.97,65.55,322.93,4.75,110,
30.05,-45.53,-4.57,23.70,-1.04,-0.14,0.28,-0.32,0.32,0.08,73.34,-26.18,324.13,2.85,76,
30.17,-96.29,-75.34,-88.14,-0.93,0.26,-0.18,-0.33,0.25,0.09,71.11,124.62,332.04,7.60,13,
30.32,-92.82,-99.11,-55.86,-1.09,0.29,-0.16,-0.32,0.19,0.19,73.25,119.35,337.51,17.43,113,
30.45,-141.97,-163.76,-22.06,-0.66,0.20,-0.62,-0.25,0.23,0.34,45.30,161.99,326.82,38.02,116,
30.57,-149.28,-139.08,89.26,-0.31,-0.47,-0.69,-0.09,0.43,0.34,20.04,-146.06,290.84,43.41,116,
30.70,26.92,-148.77,131.81,0.04,-0.63,-1.17,0.14,0.49,0.34,-1.59,-151.91,262.72,39.60,148,
30.83,101.24,-183.84,69.38,0.71,-0.14,-0.62,0.41,0.38,0.31,-47.90,-167.07,231.39,15.21,255,
30.95,85.13,-128.13,95.69,0.86,0.15,0.20,0.55,0.28,0.18,-74.01,36.41,215.96,12.67,255,
31.11,37.79,-61.53,-32.65,0.70,0.22,0.31,0.57,0.25,0.11,-61.33,35.47,212.21,11.41,255,
31.21,73.06,63.61,10.80,0.95,0.12,-0.14,0.55,0.26,0.15,-78.98,138.44,213.49,11.41,255,
31.37,74.91,77.27,4.06,0.86,0.45,-0.09,0.53,0.18,0.22,-61.81,100.71,207.45,3.49,0,
31.51,39.19,-4.46,42.28,0.62,0.48,0.21,0.51,0.11,0.27,-49.87,65.91,200.60,1.27,0,
31.60,-78.87,-34.20,-7.01,1.30,0.06,-1.73,0.48,0.07,0.31,-36.87,177.97,197.47,16.48,255,
31.75,77.18,23.34,-47.39,1.02,-0.02,-0.30,0.48,0.07,0.29,-73.56,-176.41,197.06,17.74,255,
31.89,51.91,13.65,-10.92,0.85,0.52,-1.38,0.47,0.03,0.32,-30.10,159.48,192.71,18.06,255,
32.00,51.69,-44.24,-85.42,0.77,0.32,0.18,0.48,0.02,0.30,-64.67,60.70,190.40,15.21,0,
32.15,-55.31,-31.16,28.06,0.79,0.48,-0.10,0.46,-0.02,0.31,-58.22,101.42,-174.47,18.69,0,
32.27,14.81,166.76,14.03,0.68,0.48,0.03,0.45,-0.01,0.34,-54.94,86.09,-172.07,15.84,255,
32.40,-27.77,-193.41,-66.84,0.66,0.62,-0.55,0.38,0.07,0.42,-38.36,131.78,198.53,16.79,255,
32.52,-9.39,70.13,50.31,0.69,0.59,-0.37,0.48,0.02,0.34,-45.00,121.93,190.43,12.67,255,
32.65,-104.03,-134.50,-31.13,0.58,0.40,0.16,0.50,0.17,0.32,-53.51,68.17,206.91,11.41,255,
32.78,33.83,40.03,-185.17,0.51,-0.04,-0.07,0.43,0.19,0.38,-80.53,-148.87,211.71,7.29,255,
32.90,88.73,80.61,144.76,0.87,-0.65,-1.39,0.28,0.21,0.46,-29.56,-154.83,224.49,8.87,59,
33.05,244.96,-245.00,66.43,-0.67,-1.01,0.07,0.49,-0.20,0.02,33.50,-86.03,166.40,18.69,59,
33.16,96.89,-63.99,80.95,1.67,1.34,0.30,0.46,-0.22,0.08,-50.49,77.21,163.42,19.64,255,
33.29,-97.62,123.45,-23.14,0.10,0.25,0.56,0.46,-0.21,0.03,-8.75,24.08,163.86,17.43,255,
33.44,-41.14,-12.76,41.95,1.08,0.61,0.19,0.44,-0.21,0.20,-59.51,72.68,162.50,14.89,255,
33.57,-40.20,30.48,-68.46,0.74,0.74,0.04,0.42,-0.20,0.25,-44.75,86.93,163.47,12.99,255,
33.68,-28.98,54.31,-5.18,1.02,0.62,0.10,0.40,-0.18,0.31,-58.41,80.98,164.69,11.72,255,
33.83,-8.15,30.86,-39.84,0.35,0.76,0.01,0.39,-0.14,0.36,-24.63,89.43,168.14,11.72,255,
33.96,-33.94,-15.55,26.75,0.48,0.89,-0.12,0.45,-0.12,0.31,-28.12,97.76,173.81,8.24,48,
34.09,-160.44,-23.92,33.25,0.32,1.75,0.24,0.43,-0.07,0.34,-10.20,82.30,179.23,8.87,61,
34.22,-19.48,-0.26,-7.78,0.79,0.45,-0.12,0.44,-0.04,0.35,-59.48,104.55,-177.03,8.87,61,
34.36,0.37,-3.90,-1.26,0.84,0.55,-0.13,0.44,-0.03,0.36,-55.84,103.29,-174.97,8.24,61,
34.48,-2.24,2.44,2.86,0.85,0.53,-0.33,0.44,-0.02,0.36,-53.63,121.98,-174.24,8.24,61,
34.62,-0.25,-0.54,0.32,0.84,0.45,-0.16,0.43,-0.02,0.37,-60.56,109.52,-174.41,8.24,61,
34.73,-0.52,-0.81,-0.62,0.81,0.44,-0.12,0.44,-0.02,0.36,-60.84,105.12,-174.47,8.24,61,
34.85,-1.01,-0.71,0.11,0.85,0.47,-0.21,0.44,-0.03,0.36,-58.84,114.50,-174.70,8.55,61,
35.01,-0.86,-1.09,0.09,0.85,0.46,-0.19,0.44,-0.03,0.36,-59.60,111.87,-174.73,8.55,61,
35.12,-0.53,-0.83,0.30,0.85,0.47,-0.20,0.44,-0.02,0.35,-59.11,112.96,-174.36,8.55,61,
35.27,-0.73,-0.75,0.16,0.85,0.46,-0.19,0.44,-0.03,0.36,-59.51,111.97,-174.96,8.87,61,
35.38,-2.89,2.92,2.14,0.83,0.60,-0.41,0.42,-0.02,0.38,-48.81,124.41,-174.11,8.87,61,
35.50,-0.76,-0.06,-0.41,0.77,0.45,-0.14,0.44,-0.02,0.36,-58.37,107.28,-174.60,9.50,61,
35.65,-0.01,-1.07,0.38,0.92,0.44,-0.18,0.44,-0.02,0.36,-62.47,112.31,-174.64,9.50,61,
35.77,-1.02,-0.52,0.29,0.85,0.45,-0.19,0.43,-0.02,0.35,-60.15,113.32,-173.49,9.50,61,
35.92,-0.69,-0.90,0.13,0.84,0.46,-0.19,0.44,-0.02,0.36,-59.04,112.45,-174.03,9.82,61,
36.03,-1.03,-0.75,0.10,0.84,0.47,-0.20,0.43,-0.03,0.36,-58.96,113.26,-174.89,10.14,61,
36.17,-0.55,-0.73,0.18,0.85,0.46,-0.20,0.43,-0.02,0.36,-59.33,113.24,-174.61,10.46,61,
36.30,-0.56,-0.96,0.12,0.84,0.46,-0.20,0.43,-0.03,0.36,-59.42,113.08,-174.81,10.77,61,
36.44,-0.72,-0.85,0.35,0.83,0.46,-0.20,0.44,-0.02,0.36,-58.86,113.24,-174.66,10.77,61,
36.54,-0.63,-0.96,0.09,0.85,0.46,-0.20,0.43,-0.02,0.36,-59.46,113.00,-173.67,10.77,61,
36.69,-0.62,-0.84,0.04,0.85,0.47,-0.20,0.44,-0.02,0.36,-59.07,113.05,-173.87,10.77,61,
36.80,-0.82,-0.92,0.04,0.85,0.46,-0.20,0.43,-0.02,0.36,-59.30,113.50,-174.54,10.77,61,
36.93,-0.82,-0.61,0.13,0.85,0.46,-0.20,0.44,-0.02,0.36,-59.17,112.97,-174.66,10.77,61,
37.07,-0.63,-0.77,0.18,0.85,0.46,-0.19,0.43,-0.02,0.36,-59.36,112.86,-174.50,10.77,61,
37.21,-0.74,-0.55,0.16,0.84,0.46,-0.20,0.43,-0.02,0.36,-59.27,113.01,-173.63,10.77,61,
37.34,-0.58,-0.55,0.02,0.85,0.46,-0.20,0.43,-0.02,0.37,-59.26,113.41,-173.88,10.77,61,
37.48,-0.57,-0.82,-1.84,0.85,0.46,-0.20,0.44,-0.02,0.36,-59.10,113.64,-173.45,10.77,61,
37.60,-0.61,-0.71,0.22,0.84,0.46,-0.20,0.43,-0.02,0.36,-59.23,113.06,-173.48,10.77,61,
37.73,-1.01,-1.02,0.16,0.84,0.47,-0.20,0.43,-0.02,0.36,-59.00,113.47,-173.95,10.77,61,
37.85,-0.73,-0.90,0.04,0.84,0.46,-0.20,0.44,-0.02,0.37,-59.15,113.26,-174.37,10.77,61,
37.98,-0.72,-0.81,0.21,0.84,0.46,-0.20,0.44,-0.02,0.36,-59.15,113.50,-173.86,10.77,61,
38.10,-0.67,-0.83,0.16,0.85,0.46,-0.20,0.43,-0.02,0.36,-59.38,113.53,-174.08,10.77,61,
38.26,-0.46,-0.78,0.13,0.85,0.46,-0.20,0.44,-0.03,0.37,-59.24,113.62,-174.70,10.77,61,
38.37,-0.68,-0.65,0.34,0.84,0.46,-0.20,0.44,-0.02,0.36,-59.06,113.46,-173.58,10.77,61,
38.50,-0.52,-0.71,0.14,0.85,0.46,-0.20,0.44,-0.02,0.36,-59.27,113.04,-173.66,10.77,61,
38.63,-0.61,-0.80,0.04,0.85,0.46,-0.20,0.44,-0.02,0.36,-59.18,113.20,-173.94,10.77,61,
38.76,-0.57,-0.87,0.26,0.85,0.46,-0.20,0.44,-0.02,0.36,-59.31,113.32,-173.87,10.77,61,
38.89,-0.34,-0.88,0.28,0.85,0.46,-0.20,0.43,-0.02,0.36,-59.41,113.38,-174.25,10.77,61,
39.01,-0.75,-0.72,0.13,0.85,0.46,-0.20,0.43,-0.02,0.36,-59.24,113.31,-173.61,10.77,61,
39.16,-0.76,-0.75,0.01,0.85,0.46,-0.20,0.43,-0.02,0.36,-59.29,113.37,-174.02,10.77,61,
39.30,-0.43,-0.81,0.20,0.84,0.46,-0.20,0.44,-0.02,0.35,-59.13,113.52,-174.27,10.77,61,
39.41,-0.61,-0.86,0.04,0.85,0.46,-0.20,0.44,-0.02,0.37,-59.32,113.53,-173.96,10.77,61,
39.54,-0.75,-0.73,0.19,0.85,0.46,-0.20,0.43,-0.02,0.37,-59.29,113.12,-173.62,10.77,61,
39.67,-0.73,-0.63,0.24,0.85,0.46,-0.19,0.43,-0.01,0.36,-59.47,112.15,-173.38,10.77,61,
39.82,-0.84,-0.80,0.23,0.85,0.46,-0.20,0.43,-0.01,0.36,-59.32,113.40,-173.28,10.77,61,
39.95,-0.77,-0.81,0.17,0.85,0.46,-0.20,0.44,-0.01,0.37,-59.39,113.01,-173.11,10.77,61,
