2017-01-27-18-47-22
0
ophthalmoscope
D
0.00,114.26,255,
0.00,-0.64,-0.48,0.04,0.84,0.08,0.50,0.39,-0.14,-0.16,-59.05,8.75,169.14,14.26,255,
0.01,-0.61,-0.66,0.23,0.84,0.09,0.49,0.39,-0.14,-0.15,-59.10,10.51,169.05,14.26,255,
0.02,-0.37,-0.56,0.16,0.84,0.08,0.49,0.39,-0.14,-0.15,-59.20,8.67,169.04,14.26,255,
0.03,-0.40,-0.62,0.11,0.84,0.08,0.49,0.39,-0.14,-0.15,-59.18,8.80,169.39,14.26,255,
0.03,-0.56,-0.65,0.07,0.84,0.07,0.49,0.39,-0.13,-0.15,-59.31,8.67,169.89,14.26,255,
0.04,-0.61,-0.60,0.24,0.84,0.08,0.49,0.39,-0.14,-0.15,-59.21,8.90,169.14,14.26,255,
0.04,-0.19,-0.70,0.13,0.84,0.07,0.49,0.39,-0.14,-0.15,-59.30,8.52,169.40,14.26,255,
0.05,-0.37,-0.67,0.11,0.84,0.08,0.49,0.39,-0.14,-0.14,-59.22,8.72,168.88,14.26,255,
0.05,-0.39,-0.67,0.16,0.83,0.08,0.49,0.39,-0.13,-0.15,-59.22,8.75,169.79,14.26,255,
0.06,-0.55,-0.48,0.20,0.84,0.07,0.49,0.39,-0.14,-0.15,-59.13,8.62,169.28,14.26,255,
0.06,-0.45,-0.72,0.10,0.84,0.07,0.49,0.39,-0.13,-0.15,-59.15,8.60,170.30,14.26,255,
0.07,-0.26,-0.46,0.16,0.84,0.07,0.49,0.39,-0.14,-0.15,-59.14,8.44,169.25,14.26,255,
0.07,-0.49,-0.67,0.07,0.84,0.07,0.49,0.39,-0.13,-0.15,-59.18,8.54,169.67,14.26,255,
0.08,-0.47,-0.76,0.23,0.84,0.08,0.49,0.39,-0.14,-0.15,-59.13,8.84,169.31,14.26,255,
0.08,-0.44,-0.82,0.19,0.84,0.08,0.49,0.39,-0.13,-0.15,-59.23,8.76,170.15,14.26,255,
0.09,-0.55,-0.88,0.12,0.84,0.08,0.49,0.39,-0.14,-0.15,-59.21,8.66,169.03,14.26,255,
0.09,-0.70,-0.70,0.07,0.83,0.08,0.49,0.39,-0.14,-0.16,-59.21,8.81,169.54,14.26,255,
0.10,-0.37,-0.62,0.07,0.84,0.08,0.49,0.40,-0.14,-0.15,-59.21,8.73,169.73,14.26,255,
0.10,-0.49,-0.82,0.24,0.84,0.08,0.49,0.39,-0.13,-0.15,-59.34,8.75,169.92,14.26,255,
0.11,-0.70,-0.58,0.20,0.83,0.08,0.49,0.39,-0.14,-0.15,-59.11,8.64,169.52,14.26,255,
0.11,-0.37,-0.48,0.04,0.84,0.08,0.49,0.40,-0.14,-0.15,-59.26,8.82,168.56,14.26,255,
0.12,-0.39,-0.70,0.01,0.84,0.08,0.49,0.40,-0.13,-0.15,-59.14,8.71,169.91,14.26,255,
0.12,-0.38,-0.75,0.16,0.84,0.07,0.49,0.39,-0.14,-0.15,-59.17,8.48,168.63,14.26,255,
0.18,-0.51,-0.64,0.18,0.84,0.07,0.49,0.39,-0.14,-0.15,-59.16,8.55,169.02,14.26,255,
0.34,-0.45,-0.55,0.07,0.83,0.08,0.49,0.39,-0.14,-0.15,-59.23,8.77,168.84,14.26,255,
0.47,-0.51,-0.67,-0.02,0.83,0.08,0.49,0.39,-0.14,-0.15,-59.07,8.83,169.20,14.26,255,
0.60,-0.52,-0.83,0.27,0.84,0.07,0.50,0.39,-0.14,-0.15,-58.97,8.45,168.86,14.26,255,
0.73,-0.40,-0.49,-0.07,0.84,0.07,0.49,0.39,-0.14,-0.15,-59.25,8.65,169.06,14.26,255,
0.85,-0.52,-0.53,0.19,0.84,0.08,0.49,0.40,-0.14,-0.15,-59.08,8.85,169.51,14.26,255,
0.96,-0.36,-0.76,0.03,0.84,0.07,0.49,0.39,-0.13,-0.15,-59.39,8.57,169.96,14.26,255,
1.12,-0.15,-0.75,0.21,0.84,0.08,0.49,0.40,-0.14,-0.14,-59.24,8.65,169.58,14.26,255,
1.24,-0.45,-0.74,0.10,0.84,0.07,0.49,0.39,-0.13,-0.15,-59.27,8.66,169.44,14.26,255,
1.35,-0.29,-0.52,0.13,0.84,0.08,0.49,0.39,-0.13,-0.15,-59.15,8.79,169.48,14.26,255,
1.51,-0.42,-0.62,0.07,0.84,0.08,0.49,0.39,-0.14,-0.15,-59.16,8.86,169.10,14.26,255,
1.62,-0.53,-0.52,0.17,0.83,0.07,0.49,0.39,-0.14,-0.15,-59.06,8.46,168.94,14.26,255,
1.77,-0.54,-0.55,0.33,0.84,0.08,0.49,0.39,-0.14,-0.15,-59.25,8.72,168.53,14.26,255,
1.88,-0.31,-0.63,0.13,0.83,0.08,0.49,0.39,-0.14,-0.15,-59.06,8.76,168.92,14.26,255,
2.03,-0.52,-0.69,0.19,0.84,0.07,0.49,0.39,-0.14,-0.15,-59.20,8.54,168.61,14.26,255,
2.15,-0.22,-0.57,0.18,0.84,0.08,0.49,0.40,-0.13,-0.15,-59.16,8.63,170.68,14.26,255,
2.26,-0.46,-0.77,0.20,0.83,0.07,0.50,0.39,-0.14,-0.15,-59.01,8.57,169.42,14.26,255,
2.42,-0.55,-0.78,0.05,0.84,0.08,0.49,0.40,-0.13,-0.15,-59.25,8.69,169.99,14.26,255,
2.54,-0.58,-0.59,0.21,0.84,0.08,0.49,0.40,-0.14,-0.15,-59.29,8.79,169.33,14.26,255,
2.68,-0.50,-0.52,0.02,0.84,0.08,0.49,0.39,-0.14,-0.16,-59.09,8.69,169.51,14.26,255,
2.80,-0.46,-0.58,0.16,0.84,0.07,0.49,0.39,-0.14,-0.16,-59.17,8.47,169.19,14.26,255,
2.92,-0.50,-0.77,0.04,0.84,0.07,0.49,0.39,-0.13,-0.15,-59.28,8.62,169.98,14.26,255,
3.07,-0.35,-0.43,0.16,0.84,0.07,0.49,0.39,-0.13,-0.15,-59.37,8.66,169.38,14.26,255,
3.19,-0.55,-0.67,0.18,0.84,0.08,0.49,0.39,-0.14,-0.15,-59.05,8.76,168.96,14.26,255,
3.31,-0.48,-0.68,0.11,0.84,0.07,0.49,0.40,-0.13,-0.15,-59.22,8.33,169.85,14.26,255,
3.46,-0.51,-0.89,0.25,0.83,0.08,0.49,0.39,-0.14,-0.15,-59.12,9.14,168.79,14.26,255,
3.58,-0.40,-0.60,0.03,0.84,0.07,0.50,0.39,-0.13,-0.15,-59.08,8.50,169.56,14.26,255,
3.69,-0.53,-0.79,0.21,0.84,0.08,0.49,0.39,-0.14,-0.15,-59.33,8.84,168.76,14.26,255,
3.84,-0.58,-0.66,0.20,0.84,0.08,0.49,0.40,-0.14,-0.16,-59.32,8.76,168.80,14.26,255,
3.96,-0.44,-0.71,0.10,0.84,0.07,0.49,0.39,-0.14,-0.15,-59.30,8.44,169.46,14.26,255,
4.08,-0.55,-0.56,-0.04,0.84,0.07,0.49,0.39,-0.14,-0.15,-59.21,8.57,168.94,14.26,255,
4.24,-0.49,-0.50,0.17,0.84,0.08,0.49,0.39,-0.14,-0.15,-59.19,8.75,169.31,14.26,255,
4.36,-0.63,-0.57,0.01,0.84,0.08,0.49,0.39,-0.13,-0.15,-59.15,8.68,169.75,14.26,255,
4.49,-0.52,-0.57,0.01,0.83,0.07,0.50,0.40,-0.13,-0.15,-58.97,8.58,170.21,14.26,255,
4.61,-0.31,-0.73,0.17,0.84,0.08,0.49,0.39,-0.14,-0.15,-59.30,9.11,168.91,14.26,255,
4.76,-0.39,-0.48,0.02,0.84,0.07,0.49,0.39,-0.14,-0.15,-59.30,8.50,168.29,14.26,255,
4.89,-0.50,-0.73,0.07,0.84,0.08,0.49,0.39,-0.14,-0.15,-59.21,8.67,168.19,14.26,255,
5.01,-0.65,-0.78,0.19,0.84,0.07,0.50,0.40,-0.14,-0.15,-59.10,8.60,169.64,14.26,255,
5.13,-0.16,-0.57,0.02,0.84,0.08,0.50,0.39,-0.13,-0.15,-59.07,8.67,169.91,14.26,255,
5.25,-0.55,-0.64,-0.04,0.84,0.07,0.49,0.40,-0.14,-0.15,-59.26,8.59,169.49,14.26,255,
5.40,-0.49,-0.67,0.06,0.84,0.08,0.49,0.39,-0.13,-0.15,-59.17,8.93,169.57,14.26,255,
5.52,-0.41,-0.58,0.31,0.83,0.08,0.50,0.39,-0.14,-0.16,-58.98,8.92,169.12,14.26,255,
5.65,-0.38,-0.73,0.07,0.84,0.08,0.49,0.39,-0.14,-0.15,-59.20,8.78,169.49,14.26,255,
5.80,-0.55,-0.49,0.19,0.83,0.08,0.49,0.39,-0.13,-0.15,-59.10,8.73,169.94,14.26,255,
5.92,-0.64,-0.52,0.11,0.83,0.07,0.49,0.40,-0.14,-0.15,-59.18,8.66,169.63,14.26,255,
6.04,-0.37,-0.59,0.01,0.84,0.08,0.50,0.39,-0.13,-0.15,-59.16,8.74,169.66,14.26,255,
6.16,-0.49,-0.61,0.08,0.84,0.08,0.49,0.39,-0.13,-0.16,-59.16,8.75,169.72,14.26,255,
6.32,-0.49,-0.50,-0.08,0.84,0.08,0.49,0.40,-0.13,-0.15,-59.10,8.74,169.85,14.26,255,
6.44,-0.47,-0.73,-0.08,0.83,0.08,0.50,0.39,-0.14,-0.15,-58.95,8.71,169.32,14.26,255,
6.55,-0.54,-0.58,0.14,0.84,0.08,0.50,0.39,-0.13,-0.15,-59.03,8.99,169.67,14.26,255,
6.70,-0.61,-0.76,0.13,0.84,0.08,0.49,0.39,-0.13,-0.15,-59.36,8.89,169.49,14.26,255,
6.82,-0.55,-0.58,0.17,0.84,0.08,0.50,0.39,-0.13,-0.15,-59.09,8.71,169.79,14.26,255,
6.97,-0.34,-0.77,0.24,0.84,0.08,0.49,0.39,-0.13,-0.15,-59.14,8.78,169.32,14.26,255,
7.10,-0.45,-0.62,0.07,0.84,0.08,0.49,0.39,-0.14,-0.15,-59.25,8.84,169.22,14.26,255,
7.22,-0.53,-0.71,0.28,0.84,0.08,0.49,0.39,-0.14,-0.15,-59.15,8.84,169.05,14.26,255,
7.34,-0.39,-0.64,0.20,0.84,0.08,0.49,0.39,-0.14,-0.15,-59.36,8.86,169.09,14.26,255,
7.46,-0.35,-0.67,0.27,0.84,0.07,0.50,0.39,-0.14,-0.15,-59.06,8.43,169.28,14.26,255,
7.61,-0.40,-0.70,0.15,0.84,0.07,0.49,0.39,-0.13,-0.16,-59.39,8.69,169.57,14.26,255,
7.74,-0.44,-0.63,-0.01,0.83,0.08,0.49,0.39,-0.13,-0.15,-59.04,8.66,169.83,14.26,255,
7.88,-0.59,-0.79,0.29,0.83,0.08,0.49,0.39,-0.14,-0.16,-59.05,8.88,169.52,14.26,255,
8.00,-0.28,-0.62,0.23,0.83,0.08,0.49,0.39,-0.13,-0.15,-59.30,8.89,169.36,14.26,255,
8.11,-0.61,-0.76,0.02,0.84,0.07,0.49,0.39,-0.14,-0.15,-59.26,8.58,168.68,14.26,255,
8.28,-0.39,-0.41,0.22,0.83,0.08,0.49,0.39,-0.13,-0.15,-59.31,8.76,169.47,14.26,255,
8.40,-0.22,-0.55,0.01,0.84,0.08,0.49,0.39,-0.13,-0.15,-59.19,8.72,169.65,14.26,255,
8.55,-0.56,-0.72,0.13,0.84,0.08,0.49,0.39,-0.13,-0.15,-59.18,8.66,170.06,14.26,255,
8.63,-0.25,-0.56,-0.06,0.84,0.07,0.49,0.39,-0.14,-0.15,-59.19,8.44,169.26,14.26,255,
8.78,-0.38,-0.69,0.22,0.84,0.08,0.49,0.39,-0.14,-0.16,-59.21,8.69,168.74,14.26,255,
8.90,-0.28,-0.61,0.04,0.84,0.07,0.49,0.39,-0.13,-0.15,-59.28,8.54,169.92,14.26,255,
9.03,-0.52,-0.64,0.07,0.84,0.07,0.49,0.39,-0.14,-0.16,-59.16,8.62,168.66,14.26,255,
9.18,-0.46,-0.72,0.08,0.83,0.08,0.49,0.39,-0.14,-0.14,-59.16,8.81,169.05,14.26,255,
9.31,-0.53,-0.61,0.06,0.84,0.08,0.49,0.39,-0.14,-0.15,-59.16,8.78,168.24,14.26,255,
9.43,-0.42,-0.71,0.08,0.84,0.07,0.49,0.39,-0.14,-0.15,-59.25,8.59,169.04,14.26,255,
9.54,-0.26,-0.79,-0.04,0.84,0.08,0.49,0.39,-0.14,-0.15,-59.18,8.76,169.16,14.26,255,
9.67,-0.51,-0.75,0.25,0.83,0.07,0.49,0.39,-0.14,-0.15,-59.13,8.64,169.48,14.26,255,
9.83,-0.34,-0.64,0.10,0.84,0.07,0.49,0.39,-0.13,-0.15,-59.09,8.54,169.75,14.26,255,
9.95,-0.56,-0.34,-0.03,0.84,0.08,0.49,0.39,-0.13,-0.15,-59.26,9.00,170.16,14.26,255,
10.06,-0.22,-0.76,-0.05,0.83,0.08,0.49,0.39,-0.14,-0.16,-59.14,8.69,169.01,14.26,255,
10.21,-0.56,-0.81,-0.04,0.84,0.07,0.50,0.39,-0.13,-0.15,-59.05,8.55,169.62,14.26,255,
10.33,-0.48,-0.73,0.01,0.84,0.08,0.49,0.39,-0.13,-0.15,-59.08,8.75,169.79,14.26,255,
10.45,-0.59,-0.77,0.18,0.84,0.07,0.49,0.39,-0.13,-0.16,-59.28,8.55,169.56,14.26,255,
10.58,-0.28,-0.67,0.16,0.84,0.08,0.49,0.39,-0.14,-0.16,-59.16,8.67,168.77,14.26,255,
10.71,-0.58,-0.67,0.09,0.84,0.08,0.49,0.39,-0.14,-0.16,-59.29,8.69,169.25,14.26,255,
10.84,-0.46,-0.51,-0.01,0.83,0.07,0.49,0.39,-0.14,-0.16,-59.02,8.45,169.53,14.26,255,
10.99,-0.15,-0.67,0.28,0.84,0.07,0.49,0.39,-0.14,-0.15,-59.27,8.53,168.87,14.26,255,
11.12,-0.48,-0.49,0.20,0.84,0.07,0.49,0.39,-0.13,-0.15,-59.25,8.60,170.18,14.26,255,
11.26,-0.29,-0.81,0.16,0.84,0.08,0.50,0.39,-0.14,-0.15,-59.08,8.77,169.33,14.26,255,
11.36,-0.19,-0.58,0.10,0.84,0.08,0.50,0.39,-0.14,-0.15,-58.97,8.90,169.02,14.26,255,
11.52,-0.30,-0.66,0.24,0.83,0.08,0.49,0.39,-0.13,-0.16,-59.15,8.70,170.10,14.26,255,
11.65,-0.47,-0.83,0.11,0.84,0.08,0.49,0.40,-0.13,-0.15,-59.17,8.81,170.22,14.26,255,
11.75,-0.61,-0.84,0.03,0.84,0.08,0.49,0.39,-0.14,-0.15,-59.06,8.86,169.43,14.26,255,
11.88,-0.38,-0.76,0.28,0.84,0.07,0.49,0.39,-0.14,-0.15,-59.55,8.48,169.38,14.26,255,
12.02,-0.44,-0.64,0.13,0.84,0.08,0.49,0.39,-0.13,-0.15,-59.16,8.77,169.69,14.26,255,
12.14,-0.44,-0.43,0.20,0.83,0.08,0.49,0.39,-0.14,-0.16,-59.10,9.07,168.36,14.26,255,
12.29,-0.63,-0.74,0.13,0.84,0.07,0.49,0.39,-0.14,-0.15,-59.25,8.41,169.20,14.26,255,
12.40,-0.58,-0.58,0.07,0.83,0.08,0.49,0.39,-0.14,-0.16,-59.16,8.70,169.26,14.26,255,
12.55,-0.41,-0.62,0.10,0.84,0.08,0.49,0.39,-0.13,-0.15,-59.23,8.71,169.37,14.26,255,
12.66,-0.43,-0.62,0.13,0.84,0.08,0.49,0.39,-0.14,-0.16,-59.19,8.78,168.93,14.26,255,
12.81,-0.47,-0.65,-0.01,0.84,0.07,0.49,0.39,-0.14,-0.15,-59.12,8.51,168.62,14.26,255,
12.93,-0.44,-0.72,0.09,0.84,0.08,0.49,0.39,-0.13,-0.15,-59.20,8.72,169.58,14.26,255,
13.07,-0.50,-0.76,0.07,0.84,0.08,0.49,0.39,-0.14,-0.15,-59.16,8.84,169.27,14.26,255,
13.19,-0.40,-0.64,0.07,0.84,0.08,0.49,0.39,-0.14,-0.16,-59.25,8.79,168.90,14.26,255,
13.34,-0.47,-0.79,0.08,0.83,0.08,0.49,0.39,-0.13,-0.15,-59.07,8.76,169.84,14.26,255,
13.45,-0.30,-0.76,0.19,0.84,0.07,0.49,0.39,-0.14,-0.15,-59.46,8.69,168.99,14.26,255,
13.57,-0.26,-0.59,0.18,0.84,0.08,0.49,0.39,-0.13,-0.15,-59.28,8.81,169.51,14.26,255,
13.72,-0.55,-0.63,0.02,0.84,0.07,0.49,0.38,-0.13,-0.15,-59.15,8.56,169.20,14.26,255,
13.86,-0.40,-0.55,0.01,0.83,0.08,0.49,0.39,-0.14,-0.16,-59.33,8.83,169.22,14.26,255,
13.98,-0.50,-0.52,0.11,0.84,0.08,0.49,0.39,-0.13,-0.15,-59.18,8.73,169.51,14.26,255,
14.09,-0.41,-0.75,0.19,0.84,0.08,0.49,0.39,-0.14,-0.15,-59.18,8.81,169.18,14.26,255,
14.22,-0.31,-0.54,0.20,0.84,0.07,0.49,0.39,-0.14,-0.15,-59.12,8.31,168.96,14.26,255,
14.36,-0.58,-0.70,0.11,0.83,0.07,0.49,0.39,-0.14,-0.16,-59.11,8.63,168.63,14.26,255,
14.48,-0.64,-0.71,0.13,0.84,0.08,0.50,0.39,-0.14,-0.15,-59.01,8.69,169.56,14.26,255,
14.63,-0.44,-0.65,0.22,0.84,0.08,0.49,0.39,-0.14,-0.16,-59.27,8.84,169.19,14.26,255,
14.75,-0.54,-0.63,-0.04,0.83,0.07,0.49,0.39,-0.14,-0.16,-59.11,8.65,169.22,14.26,255,
14.88,-0.49,-0.78,0.08,0.83,0.08,0.49,0.39,-0.14,-0.16,-59.07,8.75,169.45,14.26,255,
15.02,-0.48,-0.79,-0.04,0.83,0.07,0.50,0.39,-0.14,-0.16,-59.05,8.54,169.08,14.26,255,
15.15,-0.40,-0.58,0.10,0.84,0.08,0.49,0.39,-0.13,-0.16,-59.18,8.71,169.54,14.26,255,
15.28,-0.76,-0.80,0.18,0.84,0.07,0.49,0.39,-0.14,-0.15,-59.18,8.60,168.60,14.26,255,
15.41,-0.39,-0.70,0.07,0.83,0.08,0.49,0.39,-0.13,-0.15,-59.20,8.97,169.54,14.26,255,
15.54,-0.61,-0.73,0.01,0.84,0.08,0.49,0.39,-0.14,-0.16,-59.17,8.99,168.77,14.26,255,
15.66,-0.24,-0.65,0.00,0.83,0.08,0.49,0.39,-0.14,-0.16,-59.09,8.80,168.81,14.26,255,
15.79,-0.43,-0.43,0.07,0.84,0.08,0.49,0.39,-0.14,-0.15,-59.22,8.98,168.97,14.26,255,
15.91,-0.42,-0.70,0.23,0.84,0.08,0.49,0.39,-0.14,-0.15,-59.08,8.78,169.08,14.26,255,
16.06,-0.44,-0.77,0.22,0.84,0.08,0.49,0.39,-0.14,-0.15,-59.23,8.99,168.80,14.26,255,
16.19,-0.46,-0.64,0.25,0.83,0.08,0.49,0.39,-0.13,-0.15,-59.01,8.72,170.21,14.26,255,
16.32,-0.36,-0.90,0.09,0.84,0.08,0.49,0.39,-0.14,-0.15,-59.28,8.76,168.79,14.26,255,
16.45,-0.33,-0.79,0.01,0.84,0.07,0.49,0.39,-0.14,-0.15,-59.31,8.69,169.29,14.26,255,
16.58,-0.70,-0.87,-0.02,0.83,0.08,0.49,0.39,-0.13,-0.15,-59.19,8.84,170.01,14.26,255,
16.69,-0.55,-0.79,0.06,0.84,0.08,0.49,0.39,-0.14,-0.15,-59.25,8.74,169.28,14.26,255,
16.84,-0.87,-0.94,0.03,0.84,0.08,0.50,0.39,-0.14,-0.16,-59.00,8.67,169.29,14.26,255,
16.98,-0.66,-0.70,0.21,0.83,0.07,0.49,0.39,-0.14,-0.16,-59.37,8.54,169.40,14.26,255,
17.10,-0.66,-0.75,0.07,0.84,0.07,0.49,0.39,-0.13,-0.16,-59.38,8.51,169.56,14.26,255,
17.22,-0.61,-0.73,0.13,0.84,0.07,0.49,0.39,-0.13,-0.16,-59.33,8.59,169.65,14.26,255,
17.36,-0.37,-0.86,0.07,0.83,0.07,0.49,0.39,-0.14,-0.16,-59.07,8.57,168.85,14.26,255,
17.48,-0.41,-0.54,0.11,0.84,0.08,0.50,0.39,-0.14,-0.16,-58.70,8.90,168.65,14.26,255,
17.61,-0.50,-0.55,0.09,0.84,0.07,0.50,0.39,-0.14,-0.16,-58.90,8.11,168.96,14.26,255,
17.73,-0.57,-0.70,0.06,0.84,0.07,0.49,0.39,-0.14,-0.16,-59.19,8.47,168.84,14.26,255,
17.86,-0.40,-0.89,0.27,0.84,0.08,0.49,0.39,-0.14,-0.16,-59.15,8.68,169.21,14.26,255,
18.01,-0.40,-0.49,0.22,0.84,0.08,0.49,0.39,-0.13,-0.16,-59.20,9.05,169.61,14.26,255,
18.14,-0.55,-0.76,0.15,0.84,0.07,0.49,0.39,-0.14,-0.16,-59.20,8.54,168.21,14.26,255,
18.27,-0.36,-0.67,0.16,0.83,0.07,0.49,0.39,-0.14,-0.15,-59.13,8.55,169.10,14.26,255,
18.40,-0.60,-0.74,0.14,0.84,0.08,0.49,0.39,-0.14,-0.16,-59.21,9.00,169.34,14.26,255,
18.52,-0.58,-0.67,0.07,0.84,0.07,0.49,0.38,-0.14,-0.16,-59.17,8.50,169.15,14.26,255,
18.65,-0.18,-0.60,0.07,0.84,0.08,0.50,0.38,-0.13,-0.15,-59.11,8.84,169.43,14.26,255,
18.79,-0.43,-0.63,0.15,0.84,0.08,0.49,0.39,-0.13,-0.15,-59.17,8.70,170.17,14.26,255,
18.91,-0.40,-0.72,0.18,0.83,0.08,0.49,0.38,-0.13,-0.15,-59.11,8.71,169.42,14.26,255,
19.03,-0.49,-0.61,0.13,0.83,0.07,0.49,0.39,-0.13,-0.15,-59.19,8.48,170.30,14.26,255,
19.17,-0.46,-0.72,0.07,0.84,0.07,0.49,0.39,-0.14,-0.16,-59.30,8.36,169.36,14.26,255,
19.30,-0.56,-0.53,0.23,0.84,0.08,0.49,0.39,-0.13,-0.14,-59.17,8.66,169.94,14.26,255,
19.42,-0.46,-0.70,0.15,0.83,0.08,0.49,0.39,-0.14,-0.15,-59.21,8.96,168.95,14.26,255,
19.55,-0.44,-0.72,0.16,0.84,0.08,0.49,0.39,-0.13,-0.15,-59.28,8.77,169.67,14.26,255,
19.70,-0.42,-0.78,0.11,0.84,0.08,0.49,0.39,-0.14,-0.16,-59.26,8.99,168.75,14.26,255,
19.82,-0.75,-0.74,0.05,0.83,0.07,0.49,0.39,-0.13,-0.16,-59.15,8.62,169.70,14.26,255,
19.97,-0.42,-0.67,0.06,0.83,0.08,0.49,0.39,-0.14,-0.16,-59.07,8.87,168.93,14.26,255,
20.09,-0.58,-0.84,-0.05,0.84,0.08,0.49,0.39,-0.14,-0.15,-59.32,8.69,169.41,14.26,255,
20.21,-0.55,-0.69,-0.01,0.83,0.08,0.49,0.39,-0.14,-0.16,-59.31,8.78,169.57,14.26,255,
20.33,-0.51,-0.73,0.13,0.84,0.07,0.49,0.39,-0.13,-0.16,-59.15,8.58,170.07,14.26,255,
20.47,-0.52,-0.66,0.12,0.84,0.07,0.49,0.39,-0.13,-0.14,-59.17,8.53,170.44,14.26,255,
20.59,-0.37,-0.61,0.05,0.84,0.08,0.49,0.39,-0.13,-0.15,-59.18,8.82,169.65,14.26,255,
20.74,-0.75,-0.73,0.04,0.84,0.08,0.50,0.39,-0.13,-0.15,-59.00,8.81,169.60,14.26,255,
20.86,-0.40,-0.76,0.15,0.83,0.07,0.49,0.39,-0.14,-0.16,-59.06,8.57,169.27,14.26,255,
20.99,-0.45,-0.71,0.06,0.83,0.08,0.49,0.39,-0.14,-0.16,-59.20,8.82,169.27,14.26,255,
21.11,-0.52,-0.60,0.01,0.83,0.07,0.49,0.40,-0.14,-0.16,-59.10,8.53,169.22,14.26,255,
21.26,-0.46,-0.77,0.01,0.84,0.07,0.49,0.39,-0.13,-0.16,-59.29,8.53,169.96,14.26,255,
21.37,-0.32,-0.65,0.15,0.84,0.07,0.49,0.39,-0.13,-0.16,-59.09,8.59,169.43,14.26,255,
21.51,-0.69,-0.76,0.12,0.84,0.07,0.50,0.38,-0.14,-0.16,-59.05,8.55,168.92,14.26,255,
21.63,-0.56,-0.63,0.25,0.84,0.08,0.49,0.39,-0.14,-0.15,-59.11,8.66,169.40,14.26,255,
21.77,-0.55,-0.46,0.10,0.84,0.08,0.49,0.39,-0.14,-0.16,-59.23,8.66,169.33,14.26,255,
21.90,-0.57,-0.62,-0.04,0.84,0.08,0.49,0.38,-0.14,-0.16,-59.16,8.73,168.59,14.26,255,
22.04,-0.54,-0.76,0.07,0.83,0.07,0.49,0.39,-0.13,-0.15,-59.08,8.49,169.33,14.26,255,
22.16,-0.73,-0.65,0.15,0.84,0.08,0.49,0.39,-0.14,-0.16,-59.15,8.71,169.21,14.26,255,
22.29,-0.34,-0.67,0.16,0.84,0.08,0.49,0.38,-0.14,-0.15,-59.22,8.80,168.68,14.26,255,
22.42,-0.43,-0.71,0.21,0.84,0.07,0.49,0.38,-0.13,-0.15,-59.15,8.63,169.76,14.26,255,
22.55,-0.51,-0.72,0.05,0.84,0.08,0.50,0.38,-0.14,-0.15,-58.94,8.71,169.04,14.26,255,
22.67,-0.51,-0.52,0.16,0.84,0.08,0.50,0.38,-0.14,-0.16,-58.97,8.64,168.76,14.26,255,
22.81,-0.54,-0.63,0.12,0.84,0.08,0.50,0.39,-0.14,-0.15,-59.08,8.78,168.94,14.26,255,
22.95,-0.55,-0.83,0.19,0.84,0.07,0.50,0.39,-0.14,-0.16,-59.08,8.34,169.53,14.26,255,
23.07,-0.50,-0.67,0.16,0.84,0.08,0.49,0.39,-0.14,-0.16,-59.20,8.92,168.89,14.26,255,
23.20,-0.40,-0.70,0.16,0.84,0.07,0.50,0.39,-0.13,-0.15,-59.07,8.58,169.63,14.26,255,
23.33,-0.34,-0.81,0.07,0.84,0.08,0.49,0.38,-0.13,-0.15,-59.18,8.70,169.29,14.26,255,
23.47,-0.55,-0.58,-0.04,0.83,0.08,0.49,0.39,-0.14,-0.15,-59.31,8.84,169.21,14.26,255,
23.58,-0.51,-0.70,0.14,0.84,0.08,0.49,0.39,-0.14,-0.16,-59.20,8.65,169.06,14.26,255,
23.71,-0.49,-0.68,0.14,0.83,0.08,0.49,0.39,-0.13,-0.15,-59.09,8.71,169.52,14.26,255,
23.85,-0.43,-0.70,0.08,0.84,0.07,0.49,0.38,-0.13,-0.15,-59.26,8.52,169.42,14.26,255,
23.97,-0.45,-0.62,0.19,0.83,0.08,0.49,0.39,-0.13,-0.15,-59.21,8.77,169.50,14.26,255,
24.12,-0.34,-0.61,0.12,0.84,0.08,0.49,0.38,-0.13,-0.15,-59.31,8.76,169.39,14.26,255,
24.23,-0.55,-0.74,0.19,0.84,0.08,0.49,0.39,-0.13,-0.15,-59.24,8.76,169.95,14.26,255,
24.35,-0.43,-0.79,0.02,0.84,0.08,0.50,0.39,-0.13,-0.15,-59.06,8.83,169.52,14.26,255,
24.50,-0.43,-0.52,0.10,0.84,0.07,0.49,0.39,-0.14,-0.16,-59.18,8.62,169.16,14.26,255,
24.63,-0.16,-0.73,0.23,0.84,0.08,0.49,0.39,-0.13,-0.16,-59.33,8.79,169.95,14.26,255,
24.74,-0.45,-0.55,0.16,0.83,0.07,0.49,0.39,-0.13,-0.15,-59.04,8.51,170.26,14.26,255,
24.87,-0.61,-0.80,0.14,0.83,0.07,0.49,0.38,-0.13,-0.15,-59.18,8.62,169.15,14.26,255,
25.02,-0.63,-0.55,0.24,0.84,0.07,0.49,0.39,-0.13,-0.15,-59.13,8.52,170.38,14.26,255,
25.17,-0.49,-0.49,0.11,0.84,0.08,0.50,0.38,-0.13,-0.14,-59.10,8.73,170.15,14.26,255,
25.28,-0.49,-0.58,0.22,0.84,0.07,0.49,0.39,-0.13,-0.15,-59.27,8.58,169.35,14.26,255,
25.42,-0.64,-0.81,0.03,0.84,0.08,0.50,0.38,-0.13,-0.15,-58.97,8.98,169.23,14.26,255,
25.52,-0.33,-0.70,0.09,0.83,0.08,0.49,0.39,-0.14,-0.16,-59.10,8.66,169.21,14.26,255,
25.66,-0.48,-0.55,0.13,0.83,0.08,0.50,0.38,-0.14,-0.15,-59.00,8.79,169.17,14.26,255,
25.78,-0.66,-0.69,0.10,0.84,0.08,0.49,0.39,-0.13,-0.16,-59.29,8.89,169.49,14.26,255,
25.93,-0.47,-0.73,0.01,0.84,0.08,0.49,0.39,-0.13,-0.15,-59.16,8.82,169.41,14.26,255,
26.04,-0.40,-0.62,0.01,0.84,0.08,0.49,0.38,-0.14,-0.16,-59.19,8.86,169.23,14.26,255,
26.19,-0.38,-0.73,0.30,0.84,0.08,0.49,0.38,-0.14,-0.16,-59.07,8.90,169.22,14.26,255,
26.31,-0.54,-0.70,0.19,0.84,0.08,0.49,0.39,-0.14,-0.16,-59.25,8.87,169.06,14.26,255,
26.46,-0.45,-0.83,-0.10,0.84,0.08,0.49,0.39,-0.14,-0.15,-59.19,8.99,169.05,14.26,255,
26.57,-0.42,-0.96,0.13,0.83,0.08,0.49,0.38,-0.13,-0.16,-59.15,8.81,169.54,14.26,255,
26.70,-0.28,-0.82,0.04,0.83,0.08,0.49,0.39,-0.13,-0.15,-58.99,8.77,170.11,14.26,255,
26.85,-0.41,-0.66,0.16,0.83,0.07,0.49,0.38,-0.14,-0.16,-59.07,8.61,168.84,14.26,255,
26.95,-0.58,-0.66,0.11,0.84,0.07,0.49,0.39,-0.13,-0.15,-59.23,8.58,169.85,14.26,255,
27.09,-0.48,-0.58,0.16,0.84,0.07,0.50,0.39,-0.13,-0.16,-59.07,8.45,170.10,14.26,255,
27.22,-0.34,-0.61,0.15,0.84,0.07,0.49,0.39,-0.13,-0.15,-59.32,8.52,169.41,14.26,255,
27.37,-0.34,-0.70,-1.85,0.83,0.08,0.49,0.38,-0.14,-0.15,-59.24,8.78,168.85,14.26,255,
27.47,-0.30,-0.59,0.20,0.83,0.07,0.50,0.39,-0.14,-0.16,-58.93,8.44,168.77,14.26,255,
27.61,-0.38,-0.73,0.06,0.83,0.08,0.49,0.39,-0.13,-0.16,-59.15,8.88,169.70,14.26,255,
27.74,-0.40,-0.67,0.19,0.84,0.08,0.49,0.39,-0.14,-0.16,-59.12,8.70,169.30,14.26,255,
27.87,-0.46,-0.64,0.07,0.84,0.08,0.49,0.39,-0.13,-0.16,-59.11,8.67,169.97,14.26,255,
28.00,-0.67,-0.67,0.11,0.84,0.08,0.49,0.39,-0.14,-0.16,-59.18,8.76,168.99,14.26,255,
28.15,-0.25,-0.73,-0.04,0.84,0.07,0.50,0.38,-0.13,-0.16,-59.08,8.54,169.21,14.26,255,
28.25,-0.55,-0.63,0.06,0.84,0.08,0.49,0.38,-0.13,-0.16,-59.18,8.65,169.96,14.26,255,
28.38,-0.32,-0.65,0.13,0.83,0.07,0.49,0.39,-0.13,-0.16,-59.25,8.60,170.56,14.26,255,
28.52,-0.25,-1.00,0.21,0.84,0.08,0.49,0.38,-0.13,-0.16,-59.08,8.97,169.65,14.26,255,
28.64,-0.43,-0.61,0.08,0.84,0.07,0.49,0.39,-0.12,-0.16,-59.17,8.29,171.00,14.26,255,
28.78,-0.28,-0.87,0.26,0.84,0.08,0.50,0.38,-0.13,-0.15,-59.02,8.83,169.55,14.26,255,
28.90,-0.22,-0.67,0.10,0.84,0.07,0.49,0.38,-0.13,-0.15,-59.07,8.38,169.77,14.26,255,
29.05,-0.61,-0.70,0.05,0.83,0.08,0.49,0.39,-0.13,-0.15,-59.20,8.85,170.21,14.26,255,
29.20,-0.64,-0.69,-0.07,0.84,0.08,0.49,0.38,-0.13,-0.15,-59.20,8.91,170.49,14.26,255,
29.29,-0.37,-0.53,0.17,0.84,0.07,0.49,0.39,-0.14,-0.16,-59.39,8.67,169.17,14.26,255,
29.44,-0.56,-0.61,0.10,0.83,0.07,0.49,0.38,-0.13,-0.15,-59.09,8.61,169.18,14.26,255,
29.58,-0.11,-0.77,-0.02,0.83,0.08,0.49,0.38,-0.13,-0.16,-59.17,8.77,169.69,14.26,255,
29.68,-0.43,-0.71,0.08,0.84,0.08,0.49,0.39,-0.13,-0.15,-59.30,8.73,169.92,14.26,255,
29.81,-0.36,-0.67,0.04,0.83,0.07,0.49,0.39,-0.13,-0.15,-59.15,8.57,170.08,14.26,255,
29.94,-0.46,-0.73,-0.05,0.83,0.07,0.49,0.38,-0.13,-0.16,-59.12,8.63,170.38,14.26,255,
30.09,-0.40,-0.52,0.03,0.84,0.07,0.49,0.38,-0.13,-0.15,-59.21,8.61,169.95,14.26,255,
30.20,-0.61,-0.58,-0.01,0.84,0.08,0.49,0.39,-0.13,-0.15,-59.19,8.91,170.17,14.26,255,
30.34,-0.49,-0.74,0.06,0.83,0.07,0.49,0.38,-0.13,-0.16,-59.12,8.63,170.06,14.26,255,
30.46,-0.31,-0.61,0.35,0.83,0.08,0.50,0.39,-0.13,-0.15,-58.84,8.79,169.43,14.26,255,
30.62,-0.56,-0.98,0.19,0.84,0.08,0.49,0.38,-0.13,-0.16,-59.13,8.99,169.28,14.26,255,
30.75,-0.52,-0.52,0.04,0.84,0.07,0.50,0.39,-0.13,-0.15,-59.11,8.48,169.72,14.26,255,
30.85,-0.19,-0.78,0.16,0.84,0.08,0.49,0.38,-0.13,-0.16,-59.25,8.81,169.81,14.26,255,
31.01,-0.49,-0.65,0.25,0.84,0.07,0.49,0.38,-0.13,-0.16,-59.39,8.37,169.78,14.26,255,
31.13,-0.61,-0.61,0.10,0.84,0.07,0.49,0.38,-0.13,-0.16,-59.33,8.63,169.65,14.26,255,
31.24,-0.33,-0.75,0.05,0.84,0.07,0.49,0.38,-0.13,-0.15,-59.36,8.57,169.54,14.26,255,
31.37,-0.51,-0.61,0.19,0.83,0.08,0.49,0.38,-0.13,-0.15,-59.19,8.79,169.80,14.26,255,
31.53,-0.29,-0.41,0.13,0.84,0.08,0.49,0.39,-0.13,-0.16,-59.39,8.96,169.58,14.26,255,
31.64,-0.46,-0.62,0.16,0.83,0.07,0.49,0.38,-0.13,-0.15,-59.33,8.69,169.37,14.26,255,
31.76,-0.42,-0.84,0.12,0.83,0.08,0.50,0.39,-0.13,-0.16,-58.99,8.78,169.66,14.26,255,
31.91,-0.49,-0.92,0.14,0.84,0.08,0.49,0.38,-0.13,-0.16,-59.13,8.85,169.70,14.26,255,
32.02,-0.27,-0.77,0.09,0.84,0.07,0.49,0.38,-0.13,-0.15,-59.24,8.54,169.49,14.26,255,
32.15,-0.34,-0.69,0.28,0.84,0.07,0.49,0.38,-0.13,-0.16,-59.08,8.55,169.46,14.26,255,
32.29,-0.61,-0.49,0.15,0.84,0.08,0.51,0.39,-0.13,-0.16,-58.32,8.54,169.61,14.26,255,
32.41,-0.69,-0.61,0.07,0.83,0.07,0.49,0.38,-0.13,-0.15,-59.35,8.48,169.29,14.26,255,
32.54,-0.31,-0.76,-0.03,0.84,0.08,0.49,0.38,-0.13,-0.16,-59.48,9.20,169.92,14.26,255,
32.67,-0.81,-0.66,0.05,0.84,0.07,0.49,0.38,-0.13,-0.16,-59.24,8.51,169.65,14.26,255,
32.80,-0.59,-0.76,0.07,0.83,0.08,0.49,0.38,-0.13,-0.16,-59.11,8.82,169.50,14.26,255,
32.93,-0.51,-0.70,0.19,0.84,0.07,0.49,0.38,-0.13,-0.15,-59.10,8.48,169.46,14.26,255,
33.06,-0.33,-0.79,0.06,0.84,0.08,0.49,0.38,-0.13,-0.15,-59.33,8.96,169.89,14.26,255,
33.19,-0.48,-0.60,0.25,0.84,0.08,0.49,0.39,-0.13,-0.16,-59.19,8.88,169.70,14.26,255,
33.34,-0.39,-0.68,0.16,0.84,0.07,0.49,0.39,-0.13,-0.16,-59.29,8.30,170.00,14.26,255,
33.45,-0.58,-0.73,0.07,0.83,0.08,0.49,0.39,-0.13,-0.15,-59.21,8.78,170.54,14.26,255,
33.61,-0.40,-0.64,0.13,0.84,0.08,0.49,0.39,-0.13,-0.15,-59.11,8.77,170.22,14.26,255,
33.73,-0.58,-0.74,0.12,0.84,0.07,0.49,0.38,-0.14,-0.16,-59.16,8.56,168.92,14.26,255,
33.98,-0.65,-0.74,0.20,0.84,0.08,0.50,0.39,-0.13,-0.15,-58.95,8.69,170.26,14.26,255,
33.99,-0.72,-0.76,0.14,0.84,0.07,0.49,0.39,-0.13,-0.15,-59.19,8.64,169.82,14.26,255,
34.20,-0.35,-0.64,0.25,0.84,0.08,0.49,0.38,-0.14,-0.15,-59.18,8.73,168.93,14.26,255,
34.25,-0.58,-0.62,0.20,0.84,0.08,0.49,0.39,-0.13,-0.16,-59.11,8.70,170.00,14.26,255,
34.38,-0.53,-0.61,0.09,0.84,0.08,0.49,0.39,-0.14,-0.15,-59.12,8.72,169.00,14.26,255,
34.49,-0.43,-0.92,0.16,0.84,0.07,0.50,0.38,-0.13,-0.15,-58.88,8.13,169.74,14.26,255,
34.62,-0.58,-0.73,0.15,0.84,0.08,0.49,0.39,-0.14,-0.15,-59.23,9.00,169.19,14.26,255,
34.76,-0.41,-0.53,0.10,0.84,0.07,0.50,0.38,-0.13,-0.15,-59.13,8.48,169.91,14.26,255,
34.88,-0.15,-0.67,0.13,0.83,0.08,0.50,0.39,-0.14,-0.15,-58.82,8.80,169.40,14.26,255,
35.02,-0.56,-0.79,0.07,0.84,0.08,0.49,0.39,-0.13,-0.16,-59.40,8.84,169.84,14.26,255,
35.14,-0.54,-0.71,0.04,0.84,0.07,0.49,0.39,-0.13,-0.15,-59.20,8.49,169.38,14.26,255,
35.29,-0.56,-0.79,0.08,0.84,0.08,0.50,0.38,-0.13,-0.15,-59.02,8.61,169.37,14.26,255,
35.41,-0.48,-0.64,0.16,0.83,0.08,0.49,0.38,-0.14,-0.16,-59.13,8.67,168.84,14.26,255,
35.55,-0.70,-0.60,0.43,0.84,0.07,0.50,0.39,-0.13,-0.15,-59.06,8.43,170.33,14.26,255,
35.68,-0.35,-0.64,0.08,0.84,0.08,0.49,0.39,-0.13,-0.16,-59.20,8.96,169.93,14.26,255,
35.80,-0.37,-0.65,0.17,0.84,0.07,0.49,0.39,-0.13,-0.15,-59.24,8.58,170.03,14.26,255,
35.93,-0.55,-0.67,1.81,0.83,0.07,0.50,0.39,-0.13,-0.15,-59.00,8.53,170.56,14.26,255,
36.07,-0.74,-0.45,0.08,0.84,0.08,0.49,0.38,-0.13,-0.16,-59.10,8.67,169.58,14.26,255,
36.18,-0.47,-0.53,0.01,0.83,0.08,0.49,0.38,-0.13,-0.16,-59.06,8.86,169.97,14.26,255,
36.31,-0.59,-0.70,0.09,0.84,0.07,0.49,0.39,-0.13,-0.16,-59.23,8.58,170.03,14.26,255,
36.46,-0.76,-0.63,-0.05,0.84,0.07,0.49,0.38,-0.13,-0.16,-59.27,8.52,169.70,14.26,255,
36.58,-0.36,-0.79,0.10,0.84,0.08,0.49,0.38,-0.13,-0.16,-59.44,8.73,169.46,14.26,255,
36.72,-0.57,-0.64,0.03,0.84,0.08,0.49,0.38,-0.13,-0.15,-59.22,9.14,169.79,14.26,255,
36.85,-0.46,-0.68,0.06,0.84,0.08,0.49,0.38,-0.13,-0.16,-59.08,8.87,169.33,14.26,255,
36.96,-0.52,-0.81,0.01,0.84,0.07,0.50,0.38,-0.13,-0.15,-59.01,8.58,169.36,14.26,255,
37.11,-0.59,-0.70,0.04,0.84,0.07,0.50,0.38,-0.13,-0.16,-59.00,8.54,169.29,14.26,255,
37.22,-0.55,-0.64,0.05,0.84,0.08,0.50,0.38,-0.13,-0.15,-59.02,8.74,170.09,14.26,255,
37.35,-0.31,-1.08,0.10,0.84,0.08,0.49,0.38,-0.13,-0.15,-59.23,8.83,169.23,14.26,255,
37.50,-0.58,-0.67,1.88,0.83,0.08,0.49,0.38,-0.13,-0.15,-59.21,8.94,169.43,14.26,255,
37.61,-0.47,-0.76,0.15,0.84,0.08,0.49,0.39,-0.13,-0.15,-59.09,8.62,169.89,14.26,255,
37.74,-0.42,-0.80,0.06,0.84,0.08,0.49,0.38,-0.13,-0.16,-59.12,8.77,169.26,14.26,255,
37.88,-0.46,-0.67,0.20,0.84,0.08,0.49,0.39,-0.13,-0.17,-59.28,8.84,170.08,14.26,255,
38.00,-0.25,-0.61,0.13,0.84,0.06,0.49,0.39,-0.13,-0.16,-59.27,7.25,170.03,14.26,255,
38.13,-0.31,-0.67,0.15,0.84,0.08,0.50,0.38,-0.13,-0.15,-58.97,8.81,169.83,14.26,255,
38.28,-0.64,-0.41,0.00,0.84,0.07,0.49,0.38,-0.14,-0.16,-59.29,8.66,168.97,14.26,255,
38.40,-0.58,-0.76,0.20,0.84,0.08,0.50,0.39,-0.13,-0.16,-59.00,8.60,169.86,14.26,255,
38.52,-0.31,-0.77,0.22,0.83,0.07,0.50,0.39,-0.13,-0.15,-59.02,8.58,169.99,14.26,255,
38.67,-0.46,-0.76,0.18,0.83,0.08,0.49,0.39,-0.13,-0.15,-59.31,9.31,169.74,14.26,255,
38.78,-0.48,-0.73,0.15,0.84,0.08,0.49,0.38,-0.13,-0.15,-59.05,8.91,169.82,14.26,255,
38.91,-0.53,-0.74,0.13,0.84,0.08,0.49,0.38,-0.13,-0.16,-59.21,8.93,170.35,14.26,255,
39.04,-0.62,-0.77,-0.04,0.84,0.07,0.49,0.38,-0.13,-0.15,-59.27,8.66,169.75,14.26,255,
39.17,-0.32,-0.61,0.06,0.84,0.07,0.50,0.38,-0.13,-0.15,-59.13,8.43,169.83,14.26,255,
39.31,-0.56,-0.66,0.08,0.84,0.07,0.49,0.38,-0.13,-0.16,-59.20,8.60,169.93,14.26,255,
39.45,-0.37,-0.99,0.14,0.83,0.08,0.49,0.38,-0.13,-0.15,-59.10,8.67,169.95,14.26,255,
39.56,-0.73,-0.84,0.01,0.83,0.08,0.50,0.39,-0.13,-0.16,-58.98,8.62,170.10,14.26,255,
39.71,-0.75,-0.66,0.19,0.83,0.08,0.49,0.39,-0.13,-0.15,-59.13,8.75,169.78,14.26,255,
39.83,-0.42,-0.80,0.17,0.84,0.08,0.49,0.38,-0.13,-0.16,-59.24,9.09,169.76,14.26,255,
39.95,-0.34,-0.65,0.06,0.84,0.08,0.50,0.39,-0.13,-0.15,-58.97,8.78,169.55,14.26,255,
