2017-01-31-20-27-06
0
ophthalmoscope
D
0.00,98.53,255,
0.00,-2.19,-1.50,-1.48,0.83,-0.12,0.46,0.37,0.01,-0.30,-60.16,-14.53,189.40,98.53,255,
0.01,-2.42,-1.60,-1.59,0.83,-0.12,0.46,0.37,0.01,-0.31,-60.09,-14.84,190.00,98.53,255,
0.01,-2.47,-1.70,-1.65,0.83,-0.12,0.47,0.37,0.00,-0.30,-59.95,-14.78,188.97,98.53,255,
0.02,-2.29,-1.61,-1.60,0.83,-0.12,0.46,0.37,-0.01,-0.30,-60.04,-14.61,-172.35,98.53,255,
0.02,-2.34,-1.54,-1.42,0.83,-0.12,0.46,0.37,-0.00,-0.30,-60.18,-14.74,-171.70,98.53,255,
0.03,-2.27,-1.68,-1.56,0.83,-0.12,0.46,0.37,0.00,-0.30,-60.06,-14.60,188.77,98.53,255,
0.03,-2.30,-1.73,-1.77,0.84,-0.12,0.46,0.37,-0.00,-0.30,-60.18,-14.67,-171.51,98.53,255,
0.04,-2.30,-1.74,-1.56,0.83,-0.12,0.46,0.37,0.01,-0.30,-60.10,-14.43,189.50,98.53,255,
0.04,-2.42,-1.53,-1.52,0.83,-0.12,0.47,0.37,-0.00,-0.30,-59.96,-14.90,-171.66,98.53,255,
0.05,-2.33,-1.65,-1.45,0.83,-0.12,0.46,0.37,0.00,-0.30,-60.22,-14.43,188.67,98.53,255,
0.05,-2.40,-1.48,-1.61,0.83,-0.12,0.46,0.37,0.00,-0.30,-60.16,-14.75,188.90,98.53,255,
0.06,-2.47,-1.67,-1.51,0.83,-0.12,0.47,0.37,-0.00,-0.30,-60.03,-14.37,-171.57,98.53,255,
0.06,-2.39,-1.86,-1.42,0.83,-0.12,0.46,0.36,0.00,-0.30,-60.13,-14.75,188.67,98.53,255,
0.07,-2.24,-1.68,-1.59,0.83,-0.12,0.46,0.37,-0.00,-0.30,-60.05,-14.81,-171.64,98.53,255,
0.07,-2.36,-1.47,-1.40,0.83,-0.12,0.46,0.37,0.00,-0.31,-60.12,-14.66,189.22,98.53,255,
0.08,-2.50,-1.60,-1.52,0.83,-0.12,0.46,0.37,-0.00,-0.31,-60.11,-14.83,-171.66,98.53,255,
0.08,-2.31,-1.66,-1.59,0.83,-0.12,0.47,0.37,0.01,-0.31,-59.79,-14.55,189.37,98.53,255,
0.09,-2.46,-1.44,-1.46,0.83,-0.12,0.46,0.37,-0.00,-0.30,-59.99,-14.91,-171.57,98.53,255,
0.09,-2.11,-1.55,-1.23,0.84,-0.12,0.46,0.37,-0.00,-0.31,-60.17,-14.97,-171.85,98.53,255,
0.10,-2.24,-1.44,-1.56,0.83,-0.12,0.46,0.37,0.00,-0.30,-60.15,-14.65,189.25,98.53,255,
0.10,-2.36,-1.45,-1.61,0.83,-0.12,0.46,0.37,0.01,-0.30,-60.09,-14.57,189.44,98.53,255,
0.11,-2.30,-1.57,-1.50,0.83,-0.12,0.46,0.37,0.00,-0.30,-60.18,-14.47,188.84,98.53,255,
0.11,-2.06,-1.55,-1.57,0.83,-0.12,0.47,0.37,0.00,-0.30,-59.94,-14.79,189.32,98.53,255,
0.13,-2.36,-1.46,-1.44,0.83,-0.12,0.46,0.37,-0.00,-0.30,-60.21,-14.51,-172.08,98.53,255,
0.25,-2.29,-1.61,-1.35,0.83,-0.12,0.46,0.37,0.00,-0.30,-60.11,-14.98,188.86,98.53,255,
0.39,-2.42,-1.43,-1.38,0.83,-0.12,0.46,0.37,0.00,-0.30,-60.16,-14.63,189.33,98.53,255,
0.52,-2.17,-1.57,-1.49,0.83,-0.12,0.46,0.37,0.01,-0.31,-60.07,-14.99,190.09,98.53,255,
0.65,-2.43,-1.64,-1.52,0.83,-0.12,0.46,0.36,0.01,-0.31,-60.12,-14.44,189.70,98.53,255,
0.78,-2.19,-1.70,-1.38,0.83,-0.12,0.46,0.37,0.00,-0.30,-60.28,-14.98,189.02,98.53,255,
0.91,-2.24,-1.60,-1.32,0.83,-0.12,0.46,0.37,0.00,-0.30,-60.07,-14.56,188.93,98.53,255,
1.04,-2.28,-1.47,-1.27,0.83,-0.12,0.46,0.37,-0.00,-0.31,-60.04,-14.75,-171.51,98.53,255,
1.17,-2.41,-1.55,-1.59,0.83,-0.12,0.46,0.37,0.00,-0.31,-60.02,-14.92,188.80,98.53,255,
1.30,-2.38,-1.55,-1.69,0.83,-0.12,0.47,0.37,0.01,-0.30,-59.97,-14.71,189.42,98.53,255,
1.42,-2.00,-1.64,-1.39,0.83,-0.13,0.46,0.37,0.00,-0.30,-60.04,-15.21,189.03,98.53,255,
1.56,-2.23,-1.74,-1.47,0.83,-0.12,0.46,0.37,0.00,-0.30,-59.97,-14.55,188.82,98.53,255,
1.67,-2.14,-1.65,-1.50,0.83,-0.12,0.46,0.37,0.01,-0.31,-60.12,-15.02,189.38,98.53,255,
1.82,-2.20,-1.53,-1.39,0.83,-0.12,0.46,0.37,-0.00,-0.30,-60.24,-14.46,-171.64,98.53,255,
1.95,-2.04,-1.68,-1.33,0.84,-0.12,0.46,0.37,0.00,-0.31,-60.25,-14.67,189.04,98.53,255,
2.08,-2.36,-1.53,-1.56,0.83,-0.12,0.46,0.37,0.00,-0.30,-59.99,-14.71,189.06,98.53,255,
2.22,-2.29,-1.34,-1.40,0.83,-0.12,0.47,0.37,0.00,-0.30,-59.95,-14.53,188.69,98.53,255,
2.34,-2.33,-1.81,-1.58,0.83,-0.12,0.46,0.37,0.00,-0.29,-60.11,-14.75,188.80,98.53,255,
2.47,-2.23,-1.53,-1.61,0.83,-0.12,0.46,0.37,0.00,-0.30,-60.16,-14.76,188.65,98.53,255,
2.60,-2.27,-1.52,-1.44,0.83,-0.12,0.46,0.37,-0.00,-0.30,-60.02,-14.77,-172.02,98.53,255,
2.73,-2.26,-1.59,-1.61,0.83,-0.12,0.46,0.37,-0.00,-0.30,-59.95,-14.96,-171.98,98.53,255,
2.85,-2.31,-1.77,-1.50,0.83,-0.12,0.47,0.37,-0.00,-0.30,-60.07,-14.30,-172.05,98.53,255,
2.98,-2.15,-1.57,-1.63,0.83,-0.12,0.46,0.37,0.00,-0.30,-60.01,-14.41,188.90,98.53,255,
3.11,-2.18,-1.35,-1.59,0.83,-0.12,0.47,0.37,-0.00,-0.31,-59.95,-14.52,-172.11,98.53,255,
3.25,-2.46,-1.47,-1.61,0.83,-0.12,0.47,0.37,0.00,-0.29,-59.92,-14.28,188.73,98.53,255,
3.37,-2.27,-1.56,-1.59,0.83,-0.12,0.46,0.37,0.00,-0.30,-60.10,-14.80,189.33,98.53,255,
3.51,-2.33,-1.50,-1.34,0.83,-0.12,0.46,0.37,0.00,-0.31,-60.08,-14.88,189.06,98.53,255,
3.65,-2.31,-1.59,-1.20,0.84,-0.12,0.47,0.37,0.00,-0.31,-60.07,-14.54,188.77,98.53,255,
3.78,-2.16,-1.61,-1.59,0.83,-0.12,0.46,0.38,0.00,-0.31,-60.13,-15.02,188.94,98.53,255,
3.91,-2.14,-1.38,-1.23,0.83,-0.12,0.46,0.37,0.00,-0.31,-60.12,-14.92,188.93,98.85,255,
4.03,-2.20,-1.68,-1.53,0.83,-0.12,0.46,0.37,0.00,-0.30,-60.13,-14.82,189.16,98.53,255,
4.16,-2.32,-1.59,-1.46,0.83,-0.12,0.46,0.36,0.01,-0.31,-60.10,-14.85,189.44,98.85,255,
4.29,-2.37,-1.47,-1.37,0.83,-0.12,0.47,0.37,0.01,-0.31,-60.03,-14.40,189.77,98.53,255,
4.42,-2.49,-1.69,-1.47,0.84,-0.12,0.46,0.37,0.00,-0.30,-60.17,-14.94,189.01,98.53,255,
4.53,-2.33,-1.62,-1.69,0.83,-0.12,0.47,0.37,0.00,-0.31,-60.01,-14.53,188.82,98.85,255,
4.67,-2.38,-1.50,-1.51,0.83,-0.12,0.46,0.37,-0.00,-0.31,-60.05,-14.54,-172.10,98.85,255,
4.79,-2.23,-1.74,-1.38,0.83,-0.12,0.46,0.37,0.01,-0.30,-60.14,-14.59,189.38,98.53,255,
4.92,-2.23,-1.63,-1.39,0.83,-0.12,0.46,0.37,-0.00,-0.31,-60.08,-14.79,-171.68,98.53,255,
5.09,-2.45,-1.61,-1.68,0.84,-0.12,0.46,0.37,0.01,-0.31,-60.25,-14.72,189.44,98.53,255,
5.21,-2.47,-1.65,-1.74,0.83,-0.12,0.47,0.37,-0.00,-0.31,-59.89,-14.63,-171.85,98.85,255,
5.33,-2.21,-1.71,-1.51,0.83,-0.12,0.47,0.37,-0.00,-0.30,-59.99,-14.50,-171.81,98.53,255,
5.44,-2.16,-1.38,-1.38,0.83,-0.12,0.46,0.37,0.00,-0.31,-60.04,-14.69,188.71,98.85,255,
5.59,-2.11,-1.61,-1.47,0.82,-0.13,0.47,0.37,0.00,-0.31,-59.41,-15.11,188.67,98.85,255,
5.74,-2.18,-1.60,-1.35,0.84,-0.12,0.47,0.37,-0.04,-0.30,-60.06,-14.43,-176.88,98.85,255,
5.84,-2.43,-1.47,-1.56,0.83,-0.12,0.46,0.37,-0.00,-0.31,-60.12,-14.96,-171.59,98.85,255,
5.99,-2.30,-1.47,-1.63,0.83,-0.12,0.46,0.37,0.00,-0.30,-60.14,-14.86,189.08,98.85,255,
6.11,-2.50,-1.64,-1.40,0.83,-0.12,0.47,0.37,-0.01,-0.31,-59.78,-14.73,-172.31,98.53,255,
6.25,-2.33,-1.35,-1.37,0.83,-0.12,0.46,0.37,0.01,-0.31,-60.05,-14.97,189.56,98.85,255,
6.36,-2.32,-1.70,-1.43,0.83,-0.12,0.46,0.37,0.00,-0.31,-60.11,-14.52,188.84,98.85,255,
6.51,-2.30,-1.59,-1.43,0.83,-0.12,0.46,0.37,0.00,-0.31,-59.90,-14.63,189.25,98.85,255,
6.63,-2.32,-1.46,-1.20,0.84,-0.12,0.46,0.37,0.01,-0.29,-60.31,-14.54,189.85,98.53,255,
6.74,-2.21,-1.65,-1.29,0.83,-0.12,0.46,0.37,0.00,-0.31,-60.00,-15.05,189.35,98.85,255,
6.87,-2.19,-1.54,-1.72,0.83,-0.12,0.46,0.37,0.00,-0.30,-60.27,-14.49,188.77,98.53,255,
7.03,-2.16,-1.53,-1.53,0.83,-0.12,0.47,0.37,0.00,-0.30,-60.04,-14.52,188.93,98.85,255,
7.16,-2.09,-1.67,-1.33,0.83,-0.12,0.46,0.37,0.00,-0.31,-59.82,-14.81,188.62,98.85,255,
7.27,-2.35,-1.43,-1.47,0.84,-0.12,0.46,0.38,-0.00,-0.31,-60.17,-14.66,-172.00,98.85,255,
7.42,-2.22,-1.53,-1.58,0.83,-0.12,0.46,0.37,-0.00,-0.30,-60.16,-15.01,-171.86,98.85,255,
7.54,-2.30,-1.57,-1.38,0.83,-0.12,0.46,0.37,0.00,-0.30,-60.02,-14.70,189.23,98.85,255,
7.68,-2.42,-1.44,-1.32,0.83,-0.12,0.46,0.37,-0.00,-0.30,-60.26,-14.41,-171.68,98.53,255,
7.80,-2.33,-1.54,-1.58,0.82,-0.12,0.46,0.37,0.00,-0.30,-59.74,-14.95,189.08,98.85,255,
7.92,-2.33,-1.55,-1.53,0.84,-0.12,0.46,0.37,-0.01,-0.31,-60.35,-14.45,-172.94,98.85,255,
8.05,-2.39,-1.63,-1.45,0.83,-0.12,0.46,0.37,0.00,-0.31,-60.38,-15.15,189.10,98.85,255,
8.18,-2.40,-1.48,-1.53,0.84,-0.12,0.46,0.37,-0.01,-0.30,-60.29,-14.00,-172.60,98.85,255,
8.33,-2.37,-1.45,-1.32,0.83,-0.12,0.47,0.36,0.00,-0.30,-59.86,-14.64,188.91,98.53,255,
8.45,-2.21,-1.49,-1.35,0.83,-0.12,0.46,0.37,0.00,-0.30,-60.10,-14.63,189.05,98.53,255,
8.59,-2.25,-1.67,-1.48,0.83,-0.12,0.46,0.37,0.00,-0.31,-60.25,-14.88,-171.42,98.53,255,
8.72,-2.30,-1.50,-1.30,0.84,-0.12,0.46,0.37,-0.00,-0.31,-60.18,-14.68,-172.11,98.53,255,
8.85,-2.48,-1.57,-1.53,0.83,-0.12,0.46,0.37,0.01,-0.30,-60.11,-14.54,189.42,98.53,255,
8.96,-2.18,-1.45,-1.40,0.83,-0.12,0.46,0.37,0.00,-0.31,-60.08,-15.04,188.65,98.53,255,
9.10,-2.29,-1.51,-1.67,0.83,-0.12,0.46,0.38,0.00,-0.30,-60.08,-14.84,188.77,98.53,255,
9.22,-2.09,-1.79,-1.35,0.83,-0.12,0.46,0.38,-0.00,-0.30,-60.18,-14.82,-171.80,98.53,255,
9.35,-2.30,-1.64,-1.27,0.83,-0.12,0.47,0.37,-0.00,-0.31,-59.97,-14.46,-171.94,98.53,255,
9.49,-2.31,-1.53,-1.33,0.83,-0.12,0.46,0.37,0.01,-0.29,-60.08,-15.07,189.51,98.53,255,
9.61,-2.31,-1.47,-1.58,0.83,-0.12,0.46,0.38,-0.00,-0.31,-60.35,-14.79,-172.04,98.53,255,
9.74,-2.24,-1.72,-1.51,0.83,-0.12,0.46,0.38,-0.01,-0.31,-60.00,-14.95,-172.21,98.85,255,
9.88,-2.05,-1.68,-1.21,0.83,-0.12,0.46,0.37,0.01,-0.30,-60.20,-14.69,189.93,98.53,255,
10.02,-2.39,-1.72,-1.68,0.83,-0.12,0.46,0.37,0.00,-0.31,-60.15,-14.92,188.95,98.85,255,
10.14,-2.44,-1.61,-1.61,0.83,-0.12,0.46,0.37,0.00,-0.30,-60.13,-15.10,188.97,98.53,255,
10.26,-2.34,-1.66,-1.42,0.83,-0.12,0.46,0.37,-0.01,-0.31,-59.94,-14.61,-172.44,98.53,255,
10.39,-2.34,-1.76,-1.57,0.83,-0.12,0.46,0.37,0.00,-0.30,-60.13,-14.67,189.01,98.53,255,
10.51,-2.31,-1.58,-1.30,0.83,-0.13,0.46,0.38,0.00,-0.31,-60.08,-15.21,188.90,98.53,255,
10.66,-2.49,-1.73,-1.60,0.83,-0.12,0.46,0.37,-0.00,-0.31,-60.08,-14.92,-171.87,98.53,255,
10.78,-2.32,-1.41,-1.44,0.83,-0.12,0.46,0.37,0.00,-0.30,-60.23,-14.91,189.07,98.53,255,
10.93,-2.23,-1.71,-1.53,0.83,-0.12,0.46,0.38,-0.00,-0.30,-60.03,-14.69,-172.00,98.53,255,
11.05,-2.42,-1.59,-1.39,0.83,-0.12,0.46,0.37,0.00,-0.31,-60.06,-14.75,188.75,98.53,255,
11.17,-2.10,-1.50,-1.41,0.83,-0.12,0.46,0.37,0.00,-0.31,-60.11,-15.08,188.75,98.53,255,
11.31,-2.12,-1.53,-1.41,0.83,-0.12,0.46,0.37,0.00,-0.31,-60.20,-14.56,188.99,98.53,255,
11.44,-2.17,-1.79,-1.61,0.83,-0.12,0.46,0.37,0.01,-0.30,-60.08,-15.01,189.79,98.53,255,
11.56,-2.44,-1.65,-1.38,0.83,-0.12,0.46,0.38,-0.00,-0.30,-60.06,-14.69,-171.80,98.85,255,
11.70,-2.69,-1.51,-1.31,0.83,-0.12,0.46,0.37,-0.00,-0.29,-60.24,-14.68,-171.48,98.53,255,
11.84,-2.53,-1.66,-1.81,0.83,-0.12,0.46,0.37,-0.00,-0.30,-60.11,-14.56,-171.59,98.53,255,
11.95,-2.15,-1.64,-1.37,0.83,-0.12,0.46,0.37,0.00,-0.30,-60.00,-14.91,188.86,98.53,255,
12.09,-2.40,-1.50,-1.54,0.83,-0.12,0.46,0.37,-0.00,-0.30,-60.14,-14.55,-171.92,98.53,255,
12.21,-2.30,-1.78,-1.79,0.83,-0.12,0.47,0.37,0.00,-0.31,-59.94,-14.63,189.32,98.53,255,
12.34,-2.33,-1.56,-1.26,0.83,-0.12,0.46,0.37,0.01,-0.31,-59.98,-14.49,189.42,98.85,255,
12.47,-2.46,-1.71,-1.47,0.83,-0.12,0.46,0.37,-0.00,-0.30,-60.24,-14.62,-171.46,98.85,255,
12.60,-2.37,-1.54,-1.42,0.83,-0.12,0.46,0.37,0.00,-0.31,-60.15,-14.70,189.31,98.53,255,
12.73,-2.31,-1.49,-1.66,0.83,-0.12,0.46,0.37,-0.00,-0.30,-60.14,-14.70,-171.81,98.53,255,
12.86,-2.47,-1.59,-1.39,0.83,-0.12,0.46,0.37,0.00,-0.30,-60.19,-15.00,188.84,98.85,255,
13.00,-2.40,-1.46,-1.57,0.83,-0.12,0.46,0.37,0.00,-0.30,-60.08,-14.64,188.75,98.53,255,
13.12,-2.36,-1.67,-1.46,0.83,-0.12,0.46,0.37,-0.00,-0.31,-60.00,-14.87,-172.11,98.85,255,
13.27,-2.21,-1.62,-1.51,0.83,-0.12,0.46,0.37,-0.00,-0.31,-60.35,-14.87,-171.85,98.53,255,
13.39,-2.44,-1.52,-1.61,0.83,-0.12,0.46,0.37,0.01,-0.30,-60.15,-14.65,189.97,98.53,255,
13.51,-2.20,-1.73,-1.34,0.83,-0.12,0.46,0.37,0.01,-0.30,-60.08,-14.80,189.64,98.85,255,
13.66,-2.06,-1.53,-1.36,0.83,-0.12,0.46,0.37,0.00,-0.31,-60.08,-14.85,188.91,98.53,255,
13.78,-2.41,-1.67,-1.35,0.83,-0.12,0.47,0.37,0.00,-0.30,-60.04,-14.62,189.10,98.85,255,
13.90,-2.36,-1.39,-1.44,0.83,-0.12,0.47,0.37,0.01,-0.29,-59.96,-14.78,189.65,98.53,255,
14.03,-2.20,-1.59,-1.47,0.83,-0.12,0.46,0.37,0.01,-0.30,-59.95,-14.71,189.96,98.53,255,
14.17,-2.30,-1.67,-1.56,0.83,-0.12,0.46,0.37,-0.00,-0.30,-60.06,-14.86,-172.00,98.85,255,
14.29,-2.49,-1.65,-1.57,0.84,-0.12,0.46,0.37,-0.00,-0.30,-60.16,-14.54,-171.72,98.85,255,
14.43,-2.52,-1.54,-1.51,0.83,-0.12,0.46,0.37,0.01,-0.30,-60.38,-14.96,189.40,98.85,255,
14.56,-2.53,-1.67,-1.56,0.83,-0.12,0.47,0.37,0.00,-0.30,-60.02,-14.74,188.69,98.53,255,
14.69,-2.40,-1.59,-1.63,0.83,-0.12,0.46,0.37,-0.00,-0.30,-60.23,-14.65,-171.70,98.85,255,
14.81,-2.10,-1.82,-1.70,0.83,-0.12,0.47,0.37,-0.00,-0.30,-59.91,-14.52,-172.05,98.85,255,
14.95,-2.21,-1.65,-1.56,0.84,-0.12,0.46,0.37,0.01,-0.31,-60.23,-14.36,189.38,98.85,255,
15.07,-2.34,-1.77,-1.54,0.83,-0.12,0.46,0.37,0.01,-0.30,-60.08,-14.71,189.45,98.85,255,
15.20,-2.30,-1.49,-1.50,0.83,-0.12,0.46,0.38,-0.00,-0.31,-60.06,-15.01,-171.55,98.85,255,
15.34,-2.36,-1.54,-1.48,0.83,-0.12,0.47,0.37,0.01,-0.31,-59.98,-14.36,189.80,98.53,255,
15.47,-2.18,-1.57,-1.41,0.83,-0.12,0.46,0.37,0.01,-0.30,-60.00,-15.05,189.45,98.53,255,
15.60,-2.27,-1.42,-1.41,0.83,-0.12,0.46,0.37,-0.01,-0.30,-60.34,-14.80,-172.28,98.85,255,
15.72,-2.44,-1.45,-1.48,0.83,-0.12,0.46,0.37,0.00,-0.30,-60.28,-14.67,189.01,98.85,255,
15.87,-2.31,-1.68,-1.41,0.83,-0.12,0.46,0.37,0.01,-0.31,-60.09,-14.83,189.51,98.85,255,
15.99,-2.49,-1.52,-1.46,0.83,-0.12,0.46,0.37,0.00,-0.30,-60.10,-14.58,189.28,98.85,255,
16.12,-2.20,-1.50,-1.42,0.83,-0.12,0.46,0.37,0.00,-0.30,-60.21,-15.09,189.12,98.85,255,
16.24,-2.33,-1.61,-1.33,0.83,-0.12,0.46,0.37,-0.00,-0.31,-60.24,-15.01,-172.00,98.85,255,
16.39,-2.34,-1.74,-1.56,0.83,-0.12,0.46,0.37,-0.00,-0.30,-60.23,-14.79,-171.70,98.85,255,
16.51,-2.57,-1.57,-1.40,0.83,-0.12,0.47,0.37,-0.00,-0.31,-59.95,-14.88,-171.51,98.85,255,
16.64,-2.38,-1.67,-1.52,0.83,-0.12,0.46,0.37,0.01,-0.30,-60.38,-14.64,189.73,98.53,255,
16.76,-2.27,-1.64,-1.63,0.84,-0.12,0.47,0.37,0.00,-0.31,-60.11,-14.52,188.77,98.85,255,
16.89,-2.27,-1.60,-1.44,0.83,-0.12,0.46,0.37,0.00,-0.30,-59.97,-14.59,188.77,98.85,255,
17.02,-2.27,-1.56,-1.52,0.83,-0.12,0.46,0.37,-0.00,-0.31,-60.19,-14.74,-171.55,98.85,255,
17.19,-2.16,-1.69,-1.66,0.83,-0.12,0.46,0.37,0.01,-0.31,-60.05,-14.98,189.55,98.85,255,
17.28,-2.28,-1.50,-1.57,0.83,-0.12,0.46,0.37,0.01,-0.30,-60.20,-14.49,189.72,98.53,255,
17.41,-2.39,-1.56,-1.39,0.83,-0.12,0.46,0.37,-0.01,-0.31,-59.97,-14.76,-172.30,98.85,255,
17.56,-2.29,-1.56,-1.44,0.83,-0.12,0.46,0.37,0.01,-0.30,-60.08,-15.07,189.37,98.85,255,
17.68,-2.47,-1.70,-1.50,0.83,-0.12,0.46,0.37,0.00,-0.31,-60.22,-14.74,188.88,98.85,255,
17.81,-2.23,-1.69,-1.78,0.83,-0.12,0.46,0.36,0.01,-0.31,-60.18,-14.66,190.01,98.85,255,
17.96,-2.30,-1.64,-1.27,0.83,-0.12,0.46,0.37,0.00,-0.31,-60.12,-14.69,189.06,98.85,255,
18.07,-2.45,-1.66,-1.64,0.83,-0.12,0.46,0.37,-0.00,-0.31,-60.04,-14.49,-171.96,98.85,255,
18.19,-2.21,-1.64,-1.49,0.83,-0.12,0.46,0.37,0.00,-0.31,-60.11,-14.86,188.75,98.85,255,
18.34,-2.31,-1.60,-1.47,0.83,-0.12,0.46,0.37,-0.00,-0.31,-60.04,-14.72,-171.70,98.85,255,
18.46,-2.38,-1.59,-1.45,0.83,-0.12,0.46,0.37,0.01,-0.31,-60.15,-14.76,189.76,98.85,255,
18.61,-2.35,-1.45,-1.36,0.83,-0.13,0.46,0.37,-0.00,-0.31,-60.02,-15.13,-171.92,98.85,255,
18.74,-2.29,-1.64,-1.47,0.83,-0.12,0.46,0.37,0.00,-0.30,-60.06,-14.46,188.86,98.85,255,
18.86,-2.21,-1.55,-1.67,0.83,-0.12,0.45,0.37,0.00,-0.31,-60.58,-14.95,189.18,98.85,255,
19.00,-2.37,-1.49,-1.22,0.83,-0.12,0.46,0.37,-0.00,-0.31,-60.07,-14.69,-171.46,98.85,255,
19.12,-2.40,-1.56,-1.72,0.83,-0.12,0.46,0.37,0.00,-0.31,-60.17,-14.59,188.73,98.85,255,
19.25,-2.15,-1.78,-1.37,0.83,-0.12,0.46,0.38,0.01,-0.30,-60.08,-14.62,189.41,98.85,255,
19.37,-2.28,-1.75,-1.53,0.83,-0.12,0.47,0.37,0.00,-0.31,-59.87,-14.81,188.71,98.85,255,
19.49,-2.50,-1.59,-1.52,0.83,-0.12,0.46,0.37,-0.00,-0.30,-60.08,-14.71,-171.46,98.85,255,
19.62,-2.23,-1.73,-1.67,0.83,-0.12,0.46,0.37,-0.01,-0.31,-60.02,-14.74,-172.49,98.85,255,
19.75,-2.24,-1.56,-1.41,0.83,-0.12,0.46,0.38,-0.00,-0.31,-60.21,-14.68,-171.93,98.85,255,
19.90,-2.35,-1.47,-1.21,0.83,-0.12,0.46,0.37,0.00,-0.31,-60.26,-15.09,189.05,98.85,255,
20.02,-2.56,-1.67,-1.41,0.83,-0.12,0.46,0.37,0.00,-0.31,-60.22,-14.81,188.77,98.85,255,
20.14,-2.32,-1.61,-1.40,0.83,-0.12,0.46,0.37,-0.00,-0.31,-60.15,-14.77,-171.57,98.85,255,
20.27,-2.38,-1.64,-1.36,0.84,-0.12,0.46,0.37,0.00,-0.30,-60.21,-15.05,189.18,98.85,255,
20.41,-2.51,-1.64,-1.45,0.83,-0.12,0.46,0.37,-0.00,-0.31,-60.16,-14.70,-172.00,98.85,255,
20.54,-2.47,-1.74,-1.64,0.83,-0.12,0.46,0.37,0.00,-0.30,-60.03,-14.77,189.23,98.85,255,
20.69,-2.44,-1.82,-1.39,0.83,-0.12,0.47,0.38,-0.00,-0.31,-59.82,-14.80,-171.68,98.85,255,
20.79,-2.30,-1.55,-1.44,0.83,-0.12,0.47,0.37,0.01,-0.30,-59.86,-14.40,189.77,98.85,255,
20.93,-2.38,-1.83,-1.47,0.83,-0.12,0.46,0.37,0.00,-0.30,-60.09,-14.94,189.27,98.85,255,
21.08,-2.42,-1.59,-1.34,0.82,-0.13,0.47,0.37,-0.00,-0.31,-59.67,-15.43,-171.70,98.85,255,
21.19,-2.46,-1.66,-1.38,0.83,-0.12,0.46,0.38,-0.01,-0.30,-60.18,-14.67,-172.20,98.85,255,
21.31,-2.46,-1.65,-1.38,0.83,-0.12,0.47,0.37,0.00,-0.30,-59.89,-14.76,188.71,98.85,255,
21.46,-2.40,-1.54,-1.52,0.83,-0.12,0.46,0.37,-0.00,-0.31,-59.93,-14.97,-171.98,98.85,255,
21.58,-2.39,-1.74,-1.49,0.83,-0.12,0.46,0.38,-0.01,-0.31,-59.89,-14.89,-172.62,98.85,255,
21.70,-2.47,-1.75,-1.51,0.83,-0.12,0.46,0.37,0.00,-0.30,-60.09,-14.61,188.99,98.85,255,
21.84,-2.31,-1.53,-1.46,0.83,-0.12,0.46,0.37,-0.00,-0.30,-60.15,-14.39,-171.57,98.85,255,
21.96,-2.31,-1.45,-1.19,0.83,-0.12,0.46,0.37,-0.01,-0.30,-60.06,-14.63,-172.39,98.85,255,
22.09,-2.32,-1.53,-1.41,0.83,-0.12,0.47,0.38,-0.01,-0.30,-60.07,-14.14,-172.25,98.85,255,
22.24,-2.24,-1.59,-1.44,0.83,-0.12,0.46,0.37,-0.00,-0.31,-60.12,-14.86,-172.13,98.85,255,
22.35,-2.39,-1.69,-1.56,0.83,-0.12,0.46,0.37,-0.01,-0.31,-59.99,-14.72,-172.45,98.85,255,
22.50,-2.38,-1.76,-1.40,0.83,-0.12,0.47,0.37,0.00,-0.31,-59.93,-14.69,188.75,98.85,255,
22.62,-2.32,-1.73,-1.34,0.83,-0.12,0.46,0.37,0.00,-0.30,-60.18,-14.79,188.95,98.85,255,
22.77,-2.35,-1.58,-1.29,0.83,-0.12,0.46,0.37,-0.00,-0.30,-60.25,-14.67,-171.92,98.85,255,
22.89,-2.48,-1.51,-1.38,0.83,-0.12,0.46,0.37,-0.00,-0.32,-59.94,-14.68,-171.94,98.85,255,
23.00,-2.28,-1.63,-1.46,0.83,-0.12,0.47,0.37,-0.00,-0.30,-59.92,-14.50,-171.68,98.85,255,
23.16,-2.43,-1.73,-1.58,0.83,-0.12,0.47,0.37,0.00,-0.30,-59.92,-14.65,189.19,98.85,255,
23.28,-2.38,-1.70,-1.43,0.83,-0.12,0.46,0.37,-0.01,-0.31,-60.01,-14.84,-172.35,98.85,255,
23.39,-2.33,-1.74,-1.45,0.83,-0.12,0.47,0.37,0.00,-0.31,-59.96,-14.56,188.84,98.85,255,
23.55,-2.24,-1.69,-1.58,0.83,-0.12,0.47,0.37,0.00,-0.31,-59.98,-14.86,189.19,98.85,255,
23.68,-2.42,-1.57,-1.40,0.83,-0.12,0.46,0.37,0.00,-0.31,-60.04,-14.93,188.69,98.85,255,
23.79,-2.30,-1.56,-1.46,0.83,-0.12,0.46,0.36,0.00,-0.30,-60.14,-14.59,189.00,98.85,255,
23.91,-2.36,-1.72,-1.49,0.83,-0.12,0.46,0.36,-0.00,-0.31,-60.03,-14.92,-171.44,98.85,255,
24.06,-2.22,-1.40,-1.52,0.83,-0.12,0.46,0.37,0.01,-0.30,-60.17,-14.59,190.14,98.85,255,
24.18,-2.24,-1.57,-1.50,0.83,-0.12,0.46,0.37,0.01,-0.30,-60.15,-14.90,190.05,98.85,255,
24.33,-2.26,-1.64,-1.61,0.83,-0.12,0.46,0.37,0.00,-0.30,-60.07,-14.62,188.62,98.85,255,
24.45,-2.29,-1.56,-1.60,0.83,-0.12,0.46,0.37,-0.00,-0.30,-60.16,-14.69,-171.81,98.85,255,
24.56,-2.31,-1.50,-1.56,0.83,-0.12,0.46,0.37,-0.00,-0.31,-60.03,-15.08,-171.68,98.85,255,
24.71,-2.36,-1.59,-1.21,0.83,-0.12,0.46,0.37,0.00,-0.30,-60.11,-15.08,188.92,98.85,255,
24.86,-2.34,-1.63,-1.23,0.83,-0.12,0.47,0.37,0.00,-0.30,-59.94,-14.62,189.12,98.85,255,
24.98,-2.40,-1.50,-1.54,0.83,-0.12,0.47,0.37,-0.00,-0.31,-59.58,-14.65,-171.53,98.53,255,
25.10,-2.45,-1.64,-1.41,0.83,-0.12,0.47,0.37,-0.00,-0.29,-60.02,-14.17,-171.55,98.85,255,
25.21,-2.22,-1.39,-1.33,0.83,-0.12,0.46,0.37,-0.00,-0.30,-60.27,-14.59,-171.72,98.85,255,
25.36,-2.43,-1.64,-1.35,0.83,-0.12,0.46,0.37,-0.01,-0.31,-60.09,-14.80,-172.39,98.85,255,
25.48,-2.16,-1.76,-1.61,0.83,-0.12,0.46,0.38,-0.00,-0.30,-60.14,-14.78,-171.93,98.85,255,
25.63,-2.42,-1.85,-1.36,0.83,-0.12,0.46,0.37,-0.01,-0.31,-60.15,-14.88,-172.62,98.85,255,
25.75,-2.52,-1.47,-1.50,0.83,-0.12,0.46,0.37,0.00,-0.30,-59.94,-14.51,188.97,98.85,255,
25.86,-2.47,-1.44,-1.29,0.83,-0.12,0.46,0.37,-0.00,-0.31,-60.19,-14.87,-171.70,98.85,255,
26.01,-2.47,-1.67,-1.39,0.83,-0.12,0.46,0.37,0.00,-0.31,-60.23,-14.79,189.32,98.85,255,
26.15,-2.54,-1.67,-1.75,0.83,-0.12,0.46,0.38,0.00,-0.31,-60.19,-14.76,-171.42,98.85,255,
26.27,-2.32,-1.59,-1.23,0.83,-0.12,0.46,0.37,0.01,-0.30,-60.04,-14.61,189.49,98.53,255,
26.40,-2.35,-1.55,-1.59,0.83,-0.12,0.46,0.37,0.01,-0.30,-60.29,-14.95,189.59,98.85,255,
26.51,-2.18,-1.59,-1.56,0.83,-0.13,0.46,0.37,0.00,-0.30,-60.01,-15.24,188.93,98.85,255,
26.66,-2.51,-1.51,-1.53,0.83,-0.12,0.46,0.37,-0.00,-0.31,-60.12,-14.60,-171.85,98.85,255,
26.80,-2.44,-1.63,-1.53,0.83,-0.12,0.46,0.37,0.00,-0.30,-59.97,-14.77,-171.42,98.85,255,
26.92,-2.53,-1.68,-1.44,0.83,-0.12,0.46,0.38,0.00,-0.30,-60.04,-15.10,189.07,98.85,255,
27.06,-2.52,-1.53,-1.35,0.83,-0.12,0.46,0.38,0.00,-0.30,-60.16,-14.66,188.96,98.85,255,
27.18,-2.33,-1.64,-1.56,0.83,-0.12,0.46,0.37,0.00,-0.30,-60.08,-14.73,189.23,98.85,255,
27.29,-2.15,-1.54,-1.35,0.83,-0.12,0.46,0.37,0.01,-0.30,-60.32,-14.88,189.77,98.85,255,
27.44,-2.35,-1.51,-1.59,0.83,-0.12,0.46,0.37,-0.01,-0.30,-60.29,-14.90,-172.45,98.85,255,
27.56,-2.33,-1.55,-1.52,0.83,-0.12,0.46,0.37,0.00,-0.30,-60.10,-14.93,188.71,98.85,255,
27.69,-2.30,-1.61,-1.44,0.83,-0.12,0.47,0.37,0.01,-0.31,-59.80,-14.74,189.63,98.85,255,
27.81,-2.26,-1.68,-1.43,0.83,-0.12,0.46,0.37,0.00,-0.30,-60.10,-14.73,188.86,98.85,255,
27.95,-2.29,-1.50,-1.36,0.83,-0.12,0.46,0.37,0.00,-0.31,-60.18,-14.69,189.29,98.85,255,
28.09,-2.43,-1.53,-1.50,0.83,-0.12,0.47,0.37,0.01,-0.30,-59.98,-14.91,189.55,98.85,255,
28.21,-2.51,-1.76,-1.53,0.83,-0.12,0.46,0.37,0.00,-0.30,-60.08,-14.76,188.93,98.85,255,
28.35,-2.31,-1.80,-1.51,0.83,-0.12,0.46,0.37,0.01,-0.30,-60.08,-14.91,189.53,98.85,255,
28.49,-2.28,-1.50,-1.31,0.83,-0.12,0.46,0.37,0.00,-0.30,-60.11,-14.82,188.92,98.53,255,
28.61,-2.19,-1.67,-1.60,0.83,-0.12,0.46,0.37,-0.00,-0.30,-60.01,-14.67,-172.12,98.85,255,
28.72,-2.24,-1.76,-1.55,0.83,-0.12,0.46,0.37,0.01,-0.30,-60.02,-14.77,189.39,98.85,255,
28.88,-2.34,-1.76,-1.56,0.83,-0.12,0.46,0.36,-0.00,-0.31,-60.35,-14.24,-171.60,98.85,255,
29.00,-2.53,-1.57,-1.53,0.83,-0.12,0.46,0.37,-0.00,-0.30,-60.31,-14.69,-171.70,98.85,255,
29.14,-2.45,-1.37,-1.42,0.83,-0.12,0.46,0.37,0.00,-0.30,-60.10,-14.70,189.10,98.85,255,
29.26,-2.06,-1.48,-1.44,0.83,-0.12,0.46,0.37,0.01,-0.30,-60.06,-14.59,190.12,98.85,255,
29.39,-2.36,-1.61,-1.54,0.83,-0.12,0.46,0.37,0.00,-0.30,-60.17,-14.54,189.23,98.85,255,
29.50,-2.35,-1.60,-1.56,0.83,-0.12,0.47,0.37,0.01,-0.31,-59.98,-14.77,189.73,98.85,255,
29.65,-2.34,-1.64,-1.50,0.83,-0.12,0.46,0.37,0.01,-0.31,-60.26,-14.44,189.76,98.85,255,
29.77,-2.21,-1.61,-1.53,0.83,-0.12,0.46,0.37,0.00,-0.31,-59.96,-14.81,189.13,98.85,255,
29.91,-2.53,-1.69,-1.67,0.83,-0.12,0.46,0.37,0.01,-0.29,-60.37,-14.80,189.65,98.85,255,
30.05,-2.48,-1.69,-1.59,0.83,-0.12,0.46,0.37,0.01,-0.30,-60.05,-14.25,189.94,98.85,255,
30.18,-2.27,-1.62,-1.39,0.83,-0.12,0.46,0.37,0.00,-0.30,-60.16,-14.76,188.77,98.53,255,
30.31,-2.41,-1.61,-1.55,0.83,-0.12,0.46,0.38,0.00,-0.31,-60.04,-14.66,188.60,98.85,255,
30.43,-2.39,-1.61,-1.55,0.83,-0.12,0.46,0.38,0.00,-0.30,-60.04,-14.55,188.77,98.85,255,
30.57,-2.12,-1.69,-1.26,0.83,-0.12,0.46,0.37,-0.00,-0.29,-60.33,-14.80,-171.70,98.85,255,
30.68,-2.30,-1.58,-1.62,0.83,-0.12,0.46,0.37,-0.00,-0.30,-59.99,-14.69,-171.76,98.85,255,
30.80,-2.27,-1.62,-1.48,0.83,-0.12,0.46,0.37,-0.00,-0.30,-60.02,-14.45,-171.89,98.85,255,
30.95,-2.13,-1.74,-1.44,0.83,-0.12,0.46,0.37,0.00,-0.30,-60.22,-14.86,189.05,98.85,255,
31.08,-2.51,-1.72,-1.61,0.83,-0.12,0.46,0.37,0.01,-0.30,-60.17,-14.50,189.83,98.85,255,
31.21,-2.30,-1.65,-1.57,0.83,-0.12,0.46,0.38,0.00,-0.31,-60.02,-14.61,189.14,98.85,255,
31.33,-2.47,-1.59,-1.74,0.83,-0.12,0.46,0.38,0.00,-0.30,-60.05,-14.43,189.22,98.85,255,
31.45,-2.33,-1.81,-1.65,0.83,-0.12,0.47,0.38,0.00,-0.30,-59.92,-14.68,189.30,98.85,255,
31.61,-2.27,-1.54,-1.52,0.83,-0.12,0.46,0.37,0.00,-0.30,-60.18,-14.82,188.90,98.85,255,
31.73,-2.14,-1.56,-1.41,0.83,-0.12,0.46,0.37,0.00,-0.30,-60.13,-14.54,189.16,98.85,255,
31.87,-2.33,-1.64,-1.51,0.83,-0.12,0.46,0.37,0.00,-0.30,-60.00,-15.04,188.97,98.85,255,
32.00,-2.29,-1.50,-1.37,0.83,-0.12,0.46,0.37,-0.00,-0.31,-60.22,-14.96,-171.96,98.85,255,
32.13,-2.39,-1.64,-1.41,0.83,-0.12,0.46,0.36,0.00,-0.30,-60.08,-14.68,188.67,98.85,255,
32.26,-2.24,-1.56,-1.64,0.83,-0.12,0.46,0.37,0.00,-0.31,-60.19,-14.73,189.34,98.53,255,
32.39,-2.15,-1.56,-1.15,0.83,-0.12,0.46,0.37,0.00,-0.31,-60.21,-14.87,188.73,98.53,255,
32.52,-2.36,-1.70,-1.58,0.83,-0.12,0.46,0.37,-0.00,-0.31,-60.18,-14.60,-172.18,98.53,255,
32.64,-2.30,-1.60,-1.31,0.86,-0.11,0.46,0.37,-0.00,-0.30,-61.16,-13.39,-171.68,98.53,255,
32.77,-2.37,-1.70,-1.55,0.84,-0.12,0.47,0.37,0.00,-0.30,-60.17,-13.90,188.95,98.53,255,
32.91,-2.24,-1.59,-1.40,0.83,-0.12,0.46,0.37,0.00,-0.30,-60.27,-14.99,189.20,98.53,255,
33.04,-2.28,-1.66,-1.66,0.83,-0.12,0.46,0.37,0.00,-0.30,-60.08,-14.87,188.95,98.53,255,
33.15,-2.36,-1.47,-1.44,0.83,-0.12,0.45,0.37,-0.01,-0.31,-60.51,-15.14,-172.64,98.53,255,
33.30,-2.17,-1.45,-1.50,0.83,-0.12,0.46,0.37,-0.00,-0.30,-60.43,-14.30,-171.98,98.53,255,
33.42,-2.28,-1.66,-1.33,0.83,-0.12,0.46,0.38,0.00,-0.30,-60.00,-14.62,188.60,98.53,255,
33.55,-2.36,-1.59,-1.56,0.83,-0.12,0.46,0.37,0.00,-0.31,-60.02,-15.11,189.05,98.53,255,
33.68,-2.33,-1.77,-1.17,0.83,-0.12,0.47,0.37,0.01,-0.30,-60.01,-14.65,189.66,98.53,255,
33.81,-2.40,-1.75,-1.30,0.83,-0.12,0.46,0.38,0.01,-0.30,-60.24,-14.70,189.47,98.53,255,
33.94,-2.26,-1.62,-1.39,0.83,-0.11,0.47,0.37,0.00,-0.30,-59.82,-13.18,189.22,98.22,255,
34.06,-2.32,-1.73,-1.62,0.83,-0.12,0.47,0.38,0.00,-0.30,-59.88,-14.68,188.75,97.90,255,
34.20,-2.15,-1.55,-1.46,0.83,-0.12,0.46,0.37,0.01,-0.30,-60.19,-14.76,189.44,97.58,255,
34.34,-2.40,-1.58,-1.50,0.83,-0.12,0.46,0.37,-0.00,-0.31,-60.22,-14.69,-171.55,97.58,255,
34.46,-2.37,-1.65,-1.38,0.83,-0.12,0.47,0.38,-0.01,-0.30,-59.76,-14.14,-172.44,97.58,255,
34.58,-2.22,-1.56,-1.38,0.83,-0.12,0.46,0.37,-0.00,-0.31,-60.11,-14.58,-172.11,97.58,255,
34.72,-2.27,-1.68,-1.75,0.83,-0.12,0.46,0.37,0.00,-0.30,-60.07,-15.04,189.11,97.58,255,
34.86,-2.28,-1.53,-1.45,0.83,-0.12,0.46,0.37,0.01,-0.30,-60.00,-14.69,189.70,97.58,255,
34.99,-2.21,-1.68,-1.26,0.83,-0.13,0.46,0.37,0.00,-0.31,-60.25,-15.42,188.82,97.58,255,
35.12,-2.17,-1.67,-1.52,0.83,-0.12,0.46,0.37,0.01,-0.31,-60.32,-15.04,189.36,97.58,255,
35.25,-2.20,-1.49,-1.56,0.83,-0.12,0.47,0.37,0.01,-0.31,-60.03,-14.45,189.70,97.58,255,
35.38,-2.32,-1.67,-1.59,0.83,-0.12,0.46,0.37,0.00,-0.30,-60.13,-14.86,189.21,97.58,255,
35.51,-2.29,-1.64,-1.42,0.83,-0.12,0.46,0.37,-0.00,-0.31,-60.17,-14.81,-171.51,97.58,255,
35.61,-2.27,-1.57,-1.29,0.83,-0.12,0.46,0.38,0.00,-0.31,-60.15,-14.87,189.24,97.58,255,
35.77,-2.33,-1.54,-1.53,0.83,-0.12,0.47,0.37,0.00,-0.30,-59.90,-14.88,188.92,97.58,255,
35.87,-2.65,-1.62,-1.64,0.83,-0.13,0.46,0.37,-0.00,-0.31,-60.05,-15.23,-171.46,97.58,255,
36.03,-2.50,-1.69,-1.37,0.83,-0.12,0.47,0.37,0.00,-0.31,-59.94,-14.19,188.82,97.58,255,
36.15,-2.50,-1.68,-1.31,0.84,-0.12,0.46,0.37,-0.00,-0.31,-60.16,-14.46,-171.57,97.58,255,
36.28,-2.32,-1.66,-1.55,0.83,-0.12,0.46,0.37,0.00,-0.31,-60.04,-14.77,188.97,97.58,255,
36.40,-2.34,-1.59,-1.25,0.83,-0.12,0.46,0.37,0.00,-0.30,-60.15,-14.77,-171.42,97.58,255,
36.53,-2.47,-1.67,-1.63,0.83,-0.12,0.46,0.37,-0.01,-0.31,-60.27,-14.78,-172.79,97.58,255,
36.67,-2.46,-1.61,-1.17,0.83,-0.12,0.47,0.37,0.00,-0.30,-59.98,-14.60,189.16,97.58,255,
36.81,-2.27,-1.61,-1.29,0.83,-0.12,0.46,0.37,-0.00,-0.30,-60.36,-14.79,-171.68,97.58,255,
36.93,-2.33,-1.53,-1.29,0.83,-0.13,0.46,0.37,0.01,-0.30,-59.93,-15.27,189.48,97.58,255,
37.06,-2.42,-1.51,-1.53,0.83,-0.12,0.46,0.37,0.00,-0.30,-60.12,-14.77,188.90,97.58,255,
37.19,-2.53,-1.41,-1.53,0.83,-0.13,0.46,0.36,0.00,-0.30,-60.21,-15.33,189.20,97.58,255,
37.31,-2.42,-1.80,-1.30,0.83,-0.12,0.46,0.37,-0.00,-0.31,-59.94,-14.68,-172.13,97.58,255,
37.45,-2.31,-1.61,-1.44,0.83,-0.12,0.46,0.37,-0.00,-0.30,-60.10,-14.71,-172.11,97.58,255,
37.59,-2.42,-1.50,-1.38,0.83,-0.12,0.46,0.37,0.00,-0.30,-60.37,-14.95,189.10,97.58,255,
37.72,-2.31,-1.59,-1.56,0.83,-0.12,0.46,0.37,-0.00,-0.30,-59.96,-14.53,-171.46,97.58,255,
37.84,-2.45,-1.69,-1.56,0.83,-0.12,0.46,0.37,-0.01,-0.31,-60.08,-14.71,-172.52,97.58,255,
37.98,-2.46,-1.43,-1.44,0.84,-0.12,0.46,0.37,-0.00,-0.30,-60.27,-14.70,-172.17,97.58,255,
38.11,-2.41,-1.67,-1.38,0.83,-0.12,0.46,0.37,-0.01,-0.30,-60.34,-14.65,-172.35,97.58,255,
38.24,-2.27,-1.42,-1.56,0.83,-0.12,0.46,0.37,-0.01,-0.31,-60.09,-14.68,-172.36,97.58,255,
38.37,-2.37,-1.56,-1.33,0.83,-0.12,0.46,0.37,0.00,-0.30,-60.25,-14.49,188.73,97.58,255,
38.50,-2.39,-1.72,-1.53,0.83,-0.12,0.47,0.36,0.00,-0.30,-59.92,-14.72,189.13,97.58,255,
38.63,-2.39,-1.59,-1.48,0.83,-0.12,0.46,0.37,-0.01,-0.30,-60.12,-14.90,-172.93,97.58,255,
38.74,-2.39,-1.50,-1.34,0.83,-0.12,0.46,0.37,-0.00,-0.30,-60.19,-14.61,-171.55,97.58,255,
38.87,-2.33,-1.62,-1.58,0.83,-0.12,0.46,0.37,-0.01,-0.30,-59.97,-14.69,-172.53,97.58,255,
39.02,-2.45,-1.64,-1.50,0.83,-0.12,0.46,0.37,-0.00,-0.30,-60.04,-14.70,-171.53,97.58,255,
39.14,-2.36,-1.64,-1.56,0.83,-0.12,0.46,0.37,0.00,-0.30,-60.19,-14.42,189.04,97.58,255,
39.26,-2.41,-1.41,-1.55,0.83,-0.12,0.46,0.37,0.01,-0.30,-60.05,-14.69,189.49,97.58,255,
39.41,-2.19,-1.63,-1.40,0.83,-0.12,0.46,0.37,-0.00,-0.30,-60.24,-14.75,-171.77,97.58,255,
39.53,-2.56,-1.85,-1.40,0.83,-0.12,0.46,0.37,-0.01,-0.30,-60.14,-14.84,-172.20,97.58,255,
39.65,-2.65,-1.70,-1.14,0.83,-0.12,0.46,0.37,-0.00,-0.30,-60.08,-15.03,-172.18,97.58,255,
39.80,-2.39,-1.60,-1.22,0.83,-0.12,0.46,0.37,-0.01,-0.30,-60.16,-14.44,-172.26,97.58,255,
39.94,-2.43,-1.50,-1.39,0.83,-0.12,0.46,0.36,-0.01,-0.31,-60.03,-14.62,-172.50,97.58,255,
40.06,-2.43,-1.64,-1.52,0.83,-0.12,0.46,0.37,-0.00,-0.30,-60.01,-14.52,-171.44,97.58,255,
40.18,-2.19,-1.52,-1.41,0.83,-0.12,0.46,0.37,0.01,-0.30,-60.14,-14.06,189.54,97.58,255,
40.33,-2.38,-1.52,-1.47,0.83,-0.12,0.47,0.37,-0.00,-0.30,-59.91,-14.78,-171.55,97.58,255,
40.43,-2.24,-1.69,-1.27,0.83,-0.12,0.46,0.37,-0.00,-0.31,-60.07,-14.91,-171.87,97.58,255,
40.57,-2.20,-1.56,-1.35,0.83,-0.12,0.46,0.37,-0.00,-0.30,-60.07,-14.66,-171.83,97.58,255,
40.69,-2.18,-1.54,-1.32,0.83,-0.12,0.46,0.37,-0.00,-0.31,-60.29,-15.09,-171.66,97.58,255,
40.82,-2.12,-1.65,-1.29,0.83,-0.12,0.46,0.37,0.00,-0.30,-60.03,-14.96,188.86,97.58,255,
40.98,-2.51,-1.77,-1.38,0.83,-0.12,0.46,0.37,-0.00,-0.30,-60.25,-15.21,-171.73,97.58,255,
41.09,-2.36,-1.55,-1.70,0.83,-0.12,0.46,0.37,-0.00,-0.31,-60.12,-14.81,-171.59,97.58,255,
41.21,-2.17,-1.56,-1.46,0.83,-0.13,0.46,0.37,-0.00,-0.30,-60.24,-15.58,-171.79,97.58,255,
41.35,-2.50,-1.57,-1.61,0.83,-0.12,0.46,0.37,0.00,-0.31,-60.26,-15.02,189.01,97.58,255,
41.48,-2.20,-1.72,-1.46,0.84,-0.12,0.47,0.36,0.00,-0.31,-60.05,-14.24,188.73,97.58,255,
41.61,-2.29,-1.58,-1.38,0.83,-0.12,0.46,0.37,0.00,-0.29,-59.94,-14.62,188.65,97.58,255,
41.74,-2.50,-1.39,-1.49,0.83,-0.12,0.46,0.37,0.00,-0.30,-60.13,-14.55,188.65,97.58,255,
41.86,-2.33,-1.53,-1.46,0.84,-0.12,0.47,0.37,-0.00,-0.30,-60.03,-14.90,-172.18,97.58,255,
42.00,-2.00,-1.61,-1.43,0.83,-0.12,0.46,0.37,0.00,-0.30,-60.06,-14.82,188.75,97.58,255,
42.15,-2.09,-1.56,-1.52,0.84,-0.12,0.46,0.37,0.00,-0.31,-60.51,-14.69,188.99,97.58,255,
42.27,-2.46,-1.57,-1.35,0.83,-0.12,0.46,0.37,-0.00,-0.30,-60.24,-14.31,-171.44,97.58,255,
42.38,-2.57,-1.49,-1.43,0.83,-0.12,0.46,0.37,-0.00,-0.30,-60.00,-14.59,-171.81,97.58,255,
42.52,-2.24,-1.58,-1.35,0.83,-0.12,0.46,0.37,-0.01,-0.30,-60.32,-14.93,-173.16,97.58,255,
42.64,-2.29,-1.57,-1.25,0.83,-0.12,0.47,0.37,-0.01,-0.30,-59.76,-14.70,-172.66,97.58,255,
42.78,-2.36,-1.49,-1.32,0.83,-0.12,0.46,0.37,-0.00,-0.30,-60.18,-14.92,-172.13,97.58,255,
42.91,-2.31,-1.59,-1.17,0.83,-0.12,0.46,0.37,-0.01,-0.31,-60.23,-14.57,-172.58,97.58,255,
43.03,-2.66,-1.70,-1.56,0.83,-0.13,0.47,0.37,-0.00,-0.31,-59.96,-15.27,-171.72,97.58,255,
43.16,-2.33,-1.40,-1.58,0.83,-0.12,0.46,0.37,-0.01,-0.31,-60.03,-14.64,-172.40,97.58,255,
43.32,-2.56,-1.70,-1.63,0.83,-0.12,0.46,0.36,-0.01,-0.30,-59.98,-14.58,-172.23,97.58,255,
43.42,-2.15,-1.61,-1.41,0.83,-0.12,0.46,0.37,-0.01,-0.31,-60.13,-15.04,-172.43,97.58,255,
43.58,-2.35,-1.63,-1.42,0.83,-0.12,0.46,0.36,0.00,-0.31,-60.09,-14.66,188.98,97.58,255,
43.68,-2.47,-1.54,-1.38,0.83,-0.12,0.47,0.37,0.00,-0.30,-59.91,-14.65,189.23,97.58,255,
43.83,-2.21,-1.67,-1.34,0.83,-0.12,0.46,0.37,-0.01,-0.30,-60.19,-14.39,-172.25,97.58,255,
43.95,-2.42,-1.68,-1.70,0.83,-0.12,0.46,0.37,0.00,-0.30,-60.00,-14.90,189.30,97.58,255,
44.08,-2.48,-1.53,-1.51,0.83,-0.12,0.46,0.37,0.00,-0.30,-60.26,-14.43,188.95,97.58,255,
44.21,-2.47,-1.95,-1.64,0.83,-0.12,0.46,0.37,-0.00,-0.31,-60.20,-14.63,-171.76,97.58,255,
44.34,-2.30,-1.55,-1.25,0.83,-0.12,0.47,0.37,-0.00,-0.30,-59.85,-14.83,-171.83,97.58,255,
44.49,-2.62,-1.82,-1.51,0.83,-0.12,0.46,0.37,0.00,-0.30,-60.18,-14.35,188.86,97.58,255,
44.60,-2.38,-1.46,-1.38,0.83,-0.12,0.46,0.37,-0.00,-0.31,-60.12,-14.95,-171.48,97.58,255,
44.74,-2.39,-1.67,-1.61,0.83,-0.12,0.46,0.37,-0.00,-0.30,-60.02,-14.65,-171.44,97.58,255,
44.86,-2.44,-1.81,-1.57,0.83,-0.12,0.46,0.37,-0.00,-0.30,-60.26,-14.63,-171.68,97.58,255,
45.01,-2.57,-1.88,-1.46,0.83,-0.12,0.46,0.37,-0.00,-0.31,-60.18,-14.35,-171.66,97.58,255,
45.12,-2.42,-1.76,-1.70,0.83,-0.12,0.46,0.37,0.00,-0.29,-60.02,-14.41,188.89,97.58,255,
45.27,-2.34,-1.67,-1.32,0.83,-0.12,0.46,0.37,0.00,-0.30,-60.09,-14.61,188.65,97.58,255,
45.40,-2.30,-1.70,-1.65,0.83,-0.12,0.46,0.37,0.00,-0.32,-60.11,-14.73,188.71,97.58,255,
45.51,-2.13,-1.76,-1.35,0.83,-0.12,0.46,0.37,0.00,-0.30,-60.07,-14.65,188.95,97.58,255,
45.66,-2.38,-1.69,-1.59,0.83,-0.12,0.46,0.36,-0.00,-0.31,-60.23,-14.82,-171.93,97.58,255,
45.77,-2.32,-1.73,-1.47,0.83,-0.12,0.46,0.37,-0.00,-0.30,-60.00,-14.74,-171.90,97.58,255,
45.89,-2.34,-1.61,-1.66,0.83,-0.12,0.46,0.37,-0.00,-0.30,-60.09,-14.59,-171.55,97.58,255,
46.04,-2.43,-1.59,-1.65,0.83,-0.12,0.46,0.37,-0.00,-0.30,-60.11,-14.75,-171.61,97.58,255,
46.15,-2.48,-1.70,-1.53,0.83,-0.12,0.46,0.37,-0.01,-0.30,-60.08,-14.88,-172.40,97.58,255,
46.30,-2.42,-1.61,-1.44,0.83,-0.12,0.47,0.38,-0.01,-0.30,-60.00,-14.66,-172.66,97.58,255,
46.41,-2.31,-1.55,-1.52,0.83,-0.12,0.46,0.37,-0.00,-0.31,-60.24,-14.87,-171.81,97.58,255,
46.57,-2.42,-1.70,-1.57,0.83,-0.12,0.46,0.37,-0.00,-0.31,-60.16,-14.64,-171.79,97.58,255,
46.68,-2.50,-1.73,-1.43,0.83,-0.12,0.46,0.37,-0.00,-0.30,-60.07,-15.08,-172.03,97.58,255,
46.83,-2.41,-1.47,-1.34,0.83,-0.12,0.46,0.37,-0.01,-0.30,-60.13,-14.36,-172.32,97.58,255,
46.94,-2.32,-1.67,-1.29,0.83,-0.12,0.46,0.37,0.00,-0.30,-59.98,-14.64,188.99,97.58,255,
47.07,-2.39,-1.55,-1.58,0.83,-0.12,0.46,0.37,-0.00,-0.30,-60.02,-14.86,-171.68,97.58,255,
47.19,-2.47,-1.69,-1.70,0.83,-0.12,0.46,0.37,0.00,-0.30,-60.18,-14.68,188.80,97.58,255,
47.34,-2.47,-1.78,-1.68,0.83,-0.12,0.46,0.37,-0.01,-0.30,-60.05,-14.69,-172.71,97.58,255,
47.46,-2.48,-1.67,-1.68,0.84,-0.12,0.46,0.37,0.00,-0.30,-60.18,-14.83,188.82,97.58,255,
47.61,-2.36,-1.66,-1.50,0.83,-0.12,0.46,0.37,-0.00,-0.30,-60.11,-14.99,-171.64,97.58,255,
47.71,-2.39,-1.47,-1.38,0.83,-0.12,0.46,0.37,-0.00,-0.29,-60.13,-14.62,-172.18,97.58,255,
47.84,-2.30,-1.51,-1.47,0.83,-0.12,0.46,0.37,-0.01,-0.30,-60.04,-14.37,-172.69,97.58,255,
47.97,-2.52,-1.41,-1.59,0.83,-0.12,0.46,0.37,0.00,-0.30,-60.00,-15.10,188.78,97.58,255,
48.10,-2.33,-1.84,-1.65,0.83,-0.12,0.46,0.37,-0.00,-0.31,-60.06,-14.83,-171.99,97.58,255,
48.23,-2.62,-1.53,-1.56,0.83,-0.12,0.46,0.37,-0.00,-0.30,-60.21,-14.67,-172.03,97.90,255,
48.37,-2.44,-1.67,-1.65,0.83,-0.12,0.46,0.37,0.00,-0.31,-60.08,-14.81,188.99,97.90,255,
48.49,-2.35,-1.64,-1.61,0.83,-0.12,0.46,0.37,-0.00,-0.29,-60.19,-14.64,-171.62,97.90,255,
48.64,-2.54,-1.78,-1.61,0.83,-0.12,0.46,0.37,0.00,-0.30,-60.06,-15.03,188.60,97.90,255,
48.75,-2.05,-1.52,-1.54,0.83,-0.12,0.46,0.37,0.00,-0.30,-60.15,-14.81,-171.42,97.58,255,
48.89,-2.30,-1.73,-1.55,0.83,-0.12,0.47,0.37,-0.00,-0.30,-59.98,-14.34,-171.46,97.58,255,
49.01,-2.50,-1.72,-1.50,0.83,-0.12,0.47,0.36,0.00,-0.29,-59.70,-14.46,188.93,97.58,255,
49.14,-2.20,-1.56,-1.55,0.83,-0.12,0.46,0.37,0.00,-0.30,-60.26,-14.54,188.88,97.58,255,
49.28,-2.43,-1.59,-1.26,0.83,-0.12,0.46,0.37,-0.01,-0.31,-60.01,-14.90,-172.88,97.90,255,
49.40,-2.40,-1.66,-1.58,0.83,-0.12,0.48,0.37,0.00,-0.30,-59.47,-14.41,188.84,98.53,255,
49.54,-2.58,-1.51,-1.57,0.84,-0.12,0.47,0.36,-0.00,-0.30,-60.07,-14.91,-171.62,98.53,255,
49.69,-2.52,-1.51,-1.44,0.83,-0.12,0.46,0.37,0.00,-0.30,-60.00,-15.00,188.93,98.53,255,
49.80,-2.56,-1.66,-1.48,0.83,-0.12,0.46,0.37,-0.00,-0.30,-60.21,-14.18,-171.70,98.53,255,
49.95,-2.36,-1.68,-1.37,0.83,-0.12,0.46,0.38,-0.00,-0.30,-59.90,-15.03,-171.51,98.22,255,
