2017-01-27-18-26-27
0
ophthalmoscope
D
0.00,1,8.70,170.89,14.57,255,
0.00,-0.60,-0.64,0.19,0.84,0.08,0.49,0.40,-0.13,-0.16,-59.24,8.77,170.38,14.57,255,
0.01,-0.44,-0.51,0.10,0.84,0.07,0.50,0.40,-0.14,-0.15,-58.92,8.38,169.75,14.57,255,
0.02,-0.34,-0.49,0.11,0.84,0.08,0.49,0.39,-0.13,-0.16,-59.20,8.76,170.11,14.57,255,
0.02,-0.47,-0.88,0.22,0.84,0.08,0.49,0.40,-0.13,-0.15,-59.18,8.84,170.44,14.57,255,
0.03,-0.52,-0.55,0.13,0.84,0.08,0.49,0.39,-0.13,-0.16,-59.27,8.80,169.67,14.57,255,
0.03,-0.30,-0.52,0.14,0.84,0.07,0.49,0.40,-0.14,-0.16,-59.27,8.41,169.58,14.57,255,
0.04,-0.28,-0.73,0.16,0.84,0.08,0.50,0.39,-0.13,-0.16,-59.02,8.81,169.74,14.57,255,
0.04,-0.47,-0.59,0.13,0.84,0.07,0.50,0.39,-0.14,-0.16,-59.12,8.36,169.40,14.57,255,
0.05,-0.31,-0.54,0.00,0.84,0.08,0.49,0.39,-0.14,-0.16,-59.15,8.65,169.51,14.57,255,
0.05,-0.54,-0.61,0.03,0.84,0.08,0.49,0.39,-0.14,-0.17,-59.54,9.00,169.29,14.57,255,
0.06,-0.51,-0.55,0.11,0.84,0.08,0.50,0.40,-0.14,-0.16,-58.98,8.73,169.40,14.57,255,
0.06,-0.55,-0.77,0.08,0.84,0.08,0.49,0.40,-0.14,-0.16,-59.35,9.14,169.71,14.57,255,
0.07,-0.64,-0.73,0.13,0.84,0.08,0.49,0.40,-0.13,-0.16,-59.30,8.73,169.86,14.57,255,
0.07,-0.46,-0.73,0.16,0.84,0.07,0.49,0.39,-0.13,-0.15,-59.22,8.53,169.97,14.26,255,
0.08,-0.28,-0.49,0.11,0.84,0.08,0.49,0.40,-0.13,-0.15,-59.20,8.74,170.57,14.57,255,
0.08,-0.53,-0.57,0.02,0.83,0.08,0.49,0.40,-0.13,-0.15,-59.17,8.79,170.15,14.57,255,
0.09,-0.40,-0.86,0.02,0.84,0.07,0.50,0.39,-0.14,-0.15,-59.16,8.59,169.52,14.57,255,
0.09,-0.49,-0.68,0.04,0.84,0.08,0.49,0.40,-0.13,-0.15,-59.17,8.82,169.93,14.57,255,
0.10,-0.39,-0.76,0.06,0.84,0.08,0.49,0.40,-0.14,-0.15,-59.11,8.64,169.55,14.57,255,
0.10,-0.37,-0.90,0.16,0.83,0.08,0.49,0.39,-0.13,-0.16,-59.21,8.69,169.89,14.57,255,
0.11,-0.26,-0.57,0.16,0.84,0.07,0.49,0.40,-0.14,-0.16,-59.17,8.62,169.64,14.57,255,
0.11,-0.32,-0.81,1.91,0.84,0.08,0.49,0.39,-0.14,-0.15,-59.20,8.69,168.73,14.57,255,
0.12,-0.30,-0.69,0.08,0.83,0.07,0.50,0.40,-0.13,-0.16,-58.98,8.50,169.98,14.57,255,
0.12,-0.46,-0.71,0.12,0.84,0.08,0.49,0.40,-0.14,-0.16,-59.12,8.67,170.06,14.57,255,
0.25,-0.35,-0.58,0.17,0.84,0.08,0.49,0.39,-0.13,-0.16,-59.37,8.76,170.03,14.57,255,
0.37,-0.64,-0.76,0.16,0.84,0.08,0.49,0.39,-0.14,-0.16,-59.31,8.81,168.88,14.57,255,
0.49,-0.57,-0.56,0.19,0.84,0.08,0.49,0.39,-0.14,-0.16,-59.27,8.77,169.37,14.57,255,
0.63,-0.37,-0.60,0.24,0.84,0.08,0.49,0.40,-0.14,-0.16,-59.14,8.75,169.33,14.57,255,
0.75,-0.64,-0.72,-0.07,0.83,0.07,0.49,0.39,-0.13,-0.16,-59.16,8.58,169.72,14.57,255,
0.90,-0.48,-0.81,0.13,0.84,0.07,0.49,0.40,-0.14,-0.17,-59.55,8.69,168.49,14.57,255,
1.03,-0.76,-0.80,0.28,0.83,0.08,0.50,0.39,-0.14,-0.16,-58.97,8.84,169.08,14.57,255,
1.14,-0.57,-0.67,0.08,0.84,0.07,0.50,0.40,-0.14,-0.16,-59.10,8.47,169.36,14.57,255,
1.26,-0.37,-0.64,0.04,0.84,0.08,0.50,0.40,-0.14,-0.15,-59.05,8.68,169.21,14.57,255,
1.43,-0.69,-0.73,0.19,0.84,0.08,0.49,0.40,-0.14,-0.16,-59.22,8.92,169.20,14.57,255,
1.53,-0.54,-0.58,0.01,0.84,0.07,0.50,0.40,-0.14,-0.16,-58.79,8.43,169.71,14.57,255,
1.65,-0.50,-0.66,0.08,0.84,0.08,0.50,0.40,-0.14,-0.16,-59.08,8.65,168.80,14.57,255,
1.80,-0.47,-0.64,0.12,0.84,0.08,0.49,0.40,-0.14,-0.15,-59.20,8.72,168.81,14.57,255,
1.93,-0.24,-0.79,0.20,0.84,0.08,0.49,0.40,-0.13,-0.16,-59.36,8.72,169.79,14.57,255,
2.07,-0.44,-0.77,0.16,0.83,0.08,0.49,0.40,-0.14,-0.15,-59.10,8.73,169.09,14.57,255,
2.17,-0.40,-0.81,0.16,0.84,0.08,0.49,0.40,-0.14,-0.16,-59.44,8.80,168.72,14.57,255,
2.30,-0.33,-0.62,0.07,0.84,0.08,0.49,0.40,-0.14,-0.16,-59.35,8.79,169.66,14.57,255,
2.43,-0.50,-0.65,0.13,0.84,0.08,0.49,0.40,-0.14,-0.15,-59.36,8.86,169.53,14.26,255,
2.56,-0.51,-0.58,0.09,0.84,0.07,0.49,0.40,-0.14,-0.16,-59.10,8.60,169.38,14.26,255,
2.69,-0.39,-0.54,0.28,0.84,0.08,0.49,0.40,-0.14,-0.16,-59.23,8.85,169.35,14.26,255,
2.85,-0.54,-0.73,0.16,0.84,0.07,0.49,0.40,-0.13,-0.16,-59.16,8.58,170.01,14.26,255,
2.97,-0.37,-0.78,0.16,0.84,0.07,0.49,0.40,-0.14,-0.16,-59.17,8.56,169.69,14.26,255,
3.08,-0.30,-0.67,0.15,0.84,0.08,0.49,0.40,-0.14,-0.16,-59.58,8.84,169.18,14.26,255,
3.22,-0.30,-0.72,0.10,0.84,0.07,0.49,0.40,-0.14,-0.16,-59.24,8.43,169.30,14.57,255,
3.34,-0.40,-0.84,0.08,0.84,0.07,0.49,0.39,-0.13,-0.16,-59.13,8.36,170.00,14.26,255,
3.50,-0.40,-0.52,0.12,0.84,0.08,0.49,0.39,-0.14,-0.15,-59.10,8.75,169.68,14.26,255,
3.62,-0.46,-0.75,0.09,0.84,0.07,0.50,0.40,-0.14,-0.16,-59.10,8.59,169.67,14.26,255,
3.73,-0.37,-0.76,0.06,0.84,0.08,0.49,0.40,-0.13,-0.16,-59.16,8.76,170.38,14.26,255,
3.88,-0.52,-0.70,0.00,0.84,0.07,0.50,0.40,-0.13,-0.16,-59.06,8.55,170.61,14.26,255,
4.00,-0.46,-0.49,0.15,0.83,0.08,0.49,0.40,-0.13,-0.16,-59.14,8.77,169.92,14.57,255,
4.15,-0.44,-0.81,0.11,0.84,0.07,0.50,0.40,-0.13,-0.15,-59.10,8.52,170.00,14.57,255,
4.27,-0.37,-0.80,-0.06,0.84,0.08,0.50,0.40,-0.13,-0.16,-58.91,8.90,170.06,14.57,255,
4.40,-0.46,-0.74,0.18,0.84,0.07,0.50,0.40,-0.13,-0.15,-59.06,8.52,170.29,14.57,255,
4.52,-0.70,-0.64,0.05,0.84,0.07,0.49,0.40,-0.14,-0.16,-59.11,8.36,169.80,14.57,255,
4.64,-0.53,-0.70,0.06,0.84,0.07,0.49,0.40,-0.14,-0.15,-59.35,8.66,169.66,14.57,255,
4.79,-0.49,-0.74,0.02,0.84,0.08,0.49,0.39,-0.14,-0.16,-59.21,8.79,168.99,14.57,255,
4.92,-0.46,-0.59,0.22,0.84,0.07,0.49,0.39,-0.14,-0.15,-59.10,8.48,169.03,14.57,255,
5.05,-0.58,-0.67,0.01,0.84,0.07,0.49,0.40,-0.13,-0.16,-59.28,8.62,170.00,14.57,255,
5.18,-0.58,-0.58,0.04,0.84,0.08,0.49,0.40,-0.14,-0.15,-59.23,8.82,169.48,14.57,255,
5.31,-0.55,-0.75,0.12,0.84,0.08,0.50,0.40,-0.14,-0.16,-58.98,9.00,169.66,14.57,255,
5.44,-0.52,-0.76,0.25,0.84,0.07,0.49,0.40,-0.14,-0.16,-59.30,8.65,169.43,14.57,255,
5.56,-0.60,-0.73,0.04,0.83,0.08,0.49,0.40,-0.14,-0.16,-59.03,8.76,169.70,14.57,255,
5.69,-0.52,-0.64,0.11,0.84,0.07,0.49,0.40,-0.14,-0.15,-59.29,8.67,168.73,14.57,255,
5.81,-0.36,-0.61,0.24,0.84,0.08,0.50,0.39,-0.14,-0.15,-59.11,8.61,169.46,14.57,255,
5.94,-0.47,-0.64,0.15,0.84,0.08,0.49,0.40,-0.15,-0.16,-59.46,8.82,168.40,14.57,255,
6.09,-0.50,-0.52,0.00,0.84,0.08,0.49,0.40,-0.14,-0.16,-59.17,8.68,169.05,14.57,255,
6.22,-0.37,-0.76,0.29,0.83,0.08,0.49,0.40,-0.14,-0.15,-58.94,8.82,169.52,14.57,255,
6.33,-0.34,-0.54,0.23,0.84,0.08,0.50,0.40,-0.13,-0.16,-59.06,8.64,170.17,14.57,255,
6.48,-0.58,-0.65,0.13,0.84,0.09,0.50,0.40,-0.14,-0.16,-58.94,10.09,169.68,14.26,255,
6.61,-0.44,-0.76,0.17,0.83,0.07,0.49,0.40,-0.13,-0.15,-59.09,8.45,170.44,14.57,255,
6.74,-0.31,-0.73,0.03,0.84,0.08,0.49,0.40,-0.14,-0.15,-59.16,8.75,169.83,14.57,255,
6.86,-0.63,-0.71,0.20,0.84,0.08,0.49,0.40,-0.13,-0.15,-59.35,8.78,169.95,14.26,255,
6.99,-0.33,-0.76,0.18,0.83,0.08,0.49,0.40,-0.13,-0.17,-59.18,8.76,169.77,14.26,255,
7.11,-0.46,-0.64,0.28,0.84,0.07,0.49,0.40,-0.14,-0.16,-59.28,8.60,169.62,14.26,255,
7.25,-0.40,-0.73,0.08,0.84,0.07,0.49,0.40,-0.14,-0.15,-59.18,8.51,169.62,14.57,255,
7.37,-0.53,-0.62,-0.04,0.84,0.08,0.49,0.40,-0.14,-0.16,-59.24,8.69,168.89,14.57,255,
7.52,-0.60,-0.68,0.35,0.83,0.08,0.50,0.40,-0.14,-0.16,-58.78,8.85,169.87,14.57,255,
7.63,-0.53,-0.67,0.20,0.83,0.08,0.49,0.39,-0.14,-0.16,-59.22,8.79,168.41,14.57,255,
7.76,-0.55,-0.84,0.20,0.84,0.07,0.50,0.40,-0.13,-0.16,-59.06,8.55,169.96,14.26,255,
7.91,-0.49,-0.73,0.18,0.83,0.07,0.49,0.40,-0.14,-0.16,-59.31,8.70,169.81,14.57,255,
8.02,-0.61,-0.66,0.01,0.84,0.07,0.50,0.40,-0.14,-0.17,-59.00,8.53,169.67,14.57,255,
8.15,-0.69,-0.84,0.21,0.83,0.08,0.49,0.40,-0.13,-0.16,-59.11,8.95,170.22,14.57,255,
8.30,-0.58,-0.90,0.11,0.84,0.07,0.49,0.40,-0.13,-0.16,-59.32,8.64,170.16,14.57,255,
8.43,-0.52,-0.84,0.15,0.84,0.08,0.49,0.40,-0.14,-0.16,-59.12,9.05,169.32,14.57,255,
8.56,-0.53,-0.69,0.12,0.84,0.08,0.49,0.40,-0.13,-0.16,-59.26,9.11,170.25,14.57,255,
8.69,-0.55,-0.56,0.01,0.84,0.08,0.49,0.39,-0.14,-0.16,-59.11,8.83,169.26,14.26,255,
8.82,-0.39,-0.63,0.25,0.84,0.07,0.50,0.40,-0.14,-0.16,-59.13,8.49,169.56,14.57,255,
8.95,-0.49,-0.76,0.10,0.83,0.08,0.49,0.40,-0.14,-0.16,-59.09,8.77,169.39,14.57,255,
9.07,-0.36,-0.65,0.13,0.83,0.08,0.49,0.39,-0.13,-0.16,-59.12,8.85,169.94,14.26,255,
9.19,-0.47,-0.83,0.13,0.84,0.08,0.49,0.39,-0.13,-0.16,-59.18,8.72,170.03,14.26,255,
9.33,-0.43,-0.70,0.12,0.84,0.07,0.50,0.40,-0.14,-0.16,-59.11,8.58,169.55,14.57,255,
9.47,-0.43,-0.54,0.06,0.84,0.08,0.49,0.39,-0.14,-0.16,-59.13,8.82,169.15,14.26,255,
9.60,-0.34,-0.83,0.22,0.83,0.08,0.49,0.40,-0.14,-0.16,-59.06,8.75,169.73,14.57,255,
9.73,-0.49,-0.78,0.13,0.84,0.07,0.49,0.39,-0.13,-0.16,-59.29,8.58,170.00,14.26,255,
9.86,-0.46,-0.65,0.13,0.84,0.08,0.49,0.40,-0.13,-0.16,-59.20,8.72,170.05,14.57,255,
9.97,-0.81,-0.61,0.24,0.84,0.08,0.49,0.40,-0.14,-0.16,-59.27,8.76,169.61,14.57,255,
10.10,-0.31,-0.73,0.12,0.84,0.07,0.49,0.40,-0.13,-0.16,-59.24,8.62,169.95,14.26,255,
10.23,-0.37,-0.76,0.07,0.84,0.08,0.49,0.40,-0.14,-0.16,-59.23,8.75,169.77,14.57,255,
10.38,-0.31,-0.73,0.01,0.84,0.08,0.49,0.39,-0.13,-0.15,-59.10,8.78,170.37,14.57,255,
10.49,-0.34,-0.74,0.08,0.84,0.08,0.49,0.39,-0.13,-0.16,-59.24,8.86,169.70,14.57,255,
10.64,-0.53,-0.49,0.08,0.84,0.08,0.49,0.39,-0.13,-0.16,-59.19,8.66,169.79,14.57,255,
10.76,-0.42,-0.70,0.08,0.84,0.08,0.49,0.40,-0.13,-0.16,-59.45,9.14,170.49,14.26,255,
10.90,-0.37,-0.58,0.08,0.83,0.08,0.50,0.39,-0.13,-0.16,-58.64,8.63,170.37,14.57,255,
11.03,-0.44,-0.63,0.07,0.84,0.08,0.49,0.40,-0.13,-0.16,-59.11,8.64,170.30,14.26,255,
11.15,-0.47,-0.76,0.01,0.84,0.08,0.49,0.40,-0.13,-0.16,-59.18,8.77,170.19,14.26,255,
11.28,-0.67,-0.58,0.04,0.84,0.08,0.49,0.40,-0.14,-0.17,-59.37,8.78,169.91,14.26,255,
11.40,-0.59,-0.58,0.14,0.84,0.08,0.49,0.40,-0.13,-0.16,-59.28,9.40,169.79,14.26,255,
11.52,-0.52,-0.72,0.25,0.84,0.07,0.49,0.40,-0.14,-0.16,-59.31,8.66,169.73,14.26,255,
11.68,-0.36,-0.67,0.07,0.84,0.08,0.49,0.39,-0.13,-0.17,-59.20,8.75,170.13,14.57,255,
11.79,-0.48,-0.87,0.22,0.84,0.08,0.49,0.40,-0.13,-0.16,-59.25,8.88,170.01,14.26,255,
11.94,-0.46,-0.58,0.13,0.83,0.08,0.49,0.39,-0.14,-0.16,-59.35,8.99,169.45,14.57,255,
12.05,-0.54,-0.70,0.12,0.84,0.08,0.49,0.39,-0.14,-0.16,-59.10,8.76,169.41,14.26,255,
12.19,-0.51,-0.64,0.11,0.84,0.08,0.49,0.39,-0.14,-0.15,-59.15,8.66,169.42,14.26,255,
12.32,-0.28,-0.67,0.19,0.84,0.07,0.49,0.39,-0.14,-0.16,-59.24,8.62,169.37,14.26,255,
12.44,-0.43,-0.81,0.25,0.84,0.07,0.49,0.39,-0.14,-0.16,-59.12,8.48,169.52,14.26,255,
12.57,-0.36,-0.81,0.15,0.84,0.07,0.49,0.39,-0.14,-0.16,-59.13,8.22,169.53,14.26,255,
12.71,-0.34,-0.69,0.19,0.83,0.08,0.49,0.40,-0.14,-0.16,-59.25,9.33,169.20,14.26,255,
12.83,-0.60,-0.86,1.88,0.84,0.07,0.50,0.40,-0.14,-0.17,-59.14,8.58,169.55,14.26,255,
12.98,-0.51,-0.84,0.24,0.83,0.08,0.49,0.40,-0.14,-0.16,-59.15,8.90,169.50,14.26,255,
13.09,-0.35,-0.55,0.07,0.84,0.07,0.49,0.39,-0.14,-0.16,-59.33,8.51,169.07,14.26,255,
13.24,-0.52,-0.62,0.01,0.84,0.07,0.49,0.40,-0.14,-0.16,-59.23,8.61,169.49,14.26,255,
13.38,-0.44,-0.45,0.21,0.84,0.06,0.49,0.40,-0.14,-0.16,-59.29,7.24,169.75,14.26,255,
13.50,-0.46,-0.70,0.09,0.84,0.08,0.49,0.40,-0.14,-0.16,-59.13,8.73,169.29,14.26,255,
13.62,-0.40,-0.67,-0.02,0.84,0.08,0.49,0.40,-0.14,-0.16,-59.50,8.79,168.96,14.26,255,
13.76,-0.72,-0.77,0.08,0.84,0.08,0.49,0.40,-0.14,-0.17,-59.08,8.90,169.75,14.26,255,
13.89,-0.52,-0.74,0.04,0.83,0.08,0.50,0.40,-0.13,-0.16,-58.96,8.68,169.94,14.26,255,
14.01,-0.52,-0.55,0.19,0.84,0.07,0.49,0.39,-0.14,-0.15,-59.22,8.63,169.12,14.26,255,
14.14,-0.37,-0.78,0.06,0.84,0.08,0.49,0.39,-0.14,-0.15,-59.17,9.02,169.00,14.26,255,
14.26,-0.44,-0.63,0.05,0.84,0.08,0.49,0.40,-0.14,-0.16,-59.15,8.87,169.13,14.26,255,
14.39,-0.46,-0.73,0.00,0.83,0.08,0.49,0.40,-0.15,-0.16,-59.19,8.87,168.27,14.26,255,
14.52,-0.34,-0.73,0.10,0.83,0.07,0.49,0.39,-0.14,-0.16,-59.08,8.36,169.18,14.26,255,
14.66,-0.35,-0.76,-0.05,0.84,0.08,0.49,0.39,-0.14,-0.16,-59.26,9.09,169.20,14.26,255,
14.78,-0.27,-0.75,0.04,0.84,0.08,0.49,0.40,-0.14,-0.16,-59.17,8.81,169.73,14.26,255,
14.91,-0.52,-0.87,1.90,0.83,0.08,0.49,0.40,-0.14,-0.16,-59.08,8.75,169.11,14.26,255,
15.04,-0.37,-0.84,0.16,0.84,0.07,0.50,0.39,-0.13,-0.16,-59.02,8.54,169.86,14.26,255,
15.18,-0.49,-0.62,0.13,0.83,0.07,0.50,0.39,-0.14,-0.16,-58.90,8.38,168.85,14.26,255,
15.30,-0.76,-0.78,0.29,0.84,0.07,0.49,0.39,-0.14,-0.16,-59.37,8.61,169.00,14.26,255,
15.43,-0.72,-0.70,0.17,0.83,0.08,0.49,0.40,-0.14,-0.15,-59.19,8.75,169.66,14.26,255,
15.56,-0.69,-0.51,0.07,0.84,0.07,0.50,0.39,-0.14,-0.16,-59.12,8.34,169.05,14.26,255,
15.69,-0.42,-0.67,-0.03,0.84,0.08,0.49,0.39,-0.13,-0.16,-59.19,8.78,169.79,14.26,255,
15.84,-0.28,-0.52,0.01,0.84,0.08,0.49,0.39,-0.14,-0.16,-59.27,8.96,169.34,14.26,255,
15.96,-0.37,-0.61,0.13,0.84,0.08,0.50,0.39,-0.14,-0.16,-59.07,8.68,169.30,14.26,255,
16.08,-0.52,-0.87,0.10,0.83,0.07,0.49,0.40,-0.14,-0.16,-59.24,8.61,168.88,14.26,255,
16.20,-0.69,-0.78,0.22,0.83,0.07,0.49,0.40,-0.13,-0.16,-59.09,8.45,169.94,14.26,255,
16.36,-0.34,-0.78,0.11,0.84,0.07,0.49,0.40,-0.14,-0.15,-59.42,8.70,169.14,14.26,255,
16.49,-0.40,-0.61,0.12,0.84,0.08,0.50,0.39,-0.14,-0.16,-59.05,8.65,169.23,14.26,255,
16.60,-0.61,-0.53,0.06,0.84,0.08,0.49,0.40,-0.14,-0.16,-59.22,8.94,168.99,14.26,255,
16.73,-0.58,-0.75,0.06,0.84,0.07,0.49,0.40,-0.14,-0.16,-59.16,8.61,169.27,14.26,255,
16.86,-0.49,-0.58,0.16,0.84,0.07,0.50,0.40,-0.14,-0.16,-59.12,8.08,169.45,14.26,255,
16.98,-0.54,-0.77,0.10,0.84,0.07,0.50,0.39,-0.14,-0.16,-59.05,8.46,169.51,14.26,255,
17.13,-0.57,-0.69,0.16,0.84,0.08,0.49,0.39,-0.14,-0.16,-59.15,8.77,169.44,14.57,255,
17.26,-0.38,-0.83,0.06,0.84,0.08,0.49,0.39,-0.14,-0.16,-59.19,8.70,169.37,14.26,255,
17.38,-0.46,-0.70,0.14,0.84,0.08,0.50,0.39,-0.14,-0.16,-59.02,8.65,168.85,14.57,255,
17.50,-0.64,-0.65,0.03,0.83,0.07,0.49,0.39,-0.13,-0.16,-59.26,8.62,170.05,14.26,255,
17.66,-0.51,-0.56,0.16,0.84,0.08,0.49,0.39,-0.13,-0.15,-59.21,8.81,169.80,14.26,255,
17.76,-0.63,-0.67,0.13,0.84,0.08,0.49,0.40,-0.13,-0.16,-59.21,8.78,170.37,14.26,255,
17.92,-0.41,-0.73,0.09,0.83,0.08,0.49,0.39,-0.13,-0.16,-59.09,8.66,169.68,14.26,255,
18.04,-0.49,-0.77,0.08,0.84,0.07,0.49,0.40,-0.14,-0.16,-59.23,8.60,169.39,14.26,255,
18.16,-0.46,-0.75,0.09,0.84,0.08,0.49,0.39,-0.14,-0.15,-59.14,8.69,169.39,14.26,255,
18.31,-0.64,-0.65,0.12,0.84,0.07,0.49,0.40,-0.14,-0.16,-59.21,8.63,168.86,14.57,255,
18.43,-0.51,-0.72,-0.04,0.84,0.07,0.49,0.39,-0.13,-0.16,-59.28,8.25,169.67,14.26,255,
18.54,-0.55,-0.83,0.13,0.84,0.08,0.49,0.40,-0.14,-0.15,-59.22,8.72,169.47,14.57,255,
18.69,-0.52,-0.77,0.08,0.84,0.08,0.49,0.39,-0.14,-0.16,-59.30,8.96,169.40,14.26,255,
18.80,-0.61,-0.85,0.12,0.84,0.08,0.49,0.40,-0.14,-0.15,-59.16,8.96,169.20,14.26,255,
18.95,-0.71,-0.82,0.06,0.84,0.08,0.49,0.40,-0.14,-0.15,-59.13,8.65,169.69,14.26,255,
19.07,-0.57,-0.71,0.16,0.84,0.07,0.49,0.39,-0.14,-0.15,-59.30,8.50,168.81,14.26,255,
19.22,-0.61,-0.70,0.06,0.84,0.08,0.49,0.40,-0.14,-0.15,-59.15,8.84,169.15,14.26,255,
19.33,-0.61,-0.83,0.19,0.83,0.08,0.49,0.40,-0.14,-0.16,-59.06,8.89,169.27,14.57,255,
19.45,-0.49,-0.76,0.11,0.84,0.08,0.49,0.40,-0.13,-0.16,-59.19,8.81,170.05,14.57,255,
19.59,-0.49,-0.75,0.07,0.84,0.07,0.50,0.39,-0.13,-0.15,-59.19,8.36,169.69,14.26,255,
19.73,-0.61,-0.65,0.18,0.83,0.07,0.49,0.39,-0.14,-0.15,-59.13,8.46,169.17,14.57,255,
19.84,-0.59,-0.62,0.19,0.84,0.07,0.50,0.39,-0.13,-0.16,-59.04,8.46,169.86,14.57,255,
19.98,-0.33,-0.82,0.08,0.84,0.07,0.50,0.39,-0.14,-0.15,-59.13,8.49,169.28,14.26,255,
20.13,-0.80,-0.72,0.19,0.83,0.07,0.49,0.40,-0.14,-0.15,-59.07,8.52,169.27,14.57,255,
20.25,-0.67,-0.78,0.12,0.84,0.07,0.49,0.40,-0.14,-0.16,-59.18,8.26,169.58,14.26,255,
20.39,-0.52,-0.86,-0.02,0.84,0.08,0.49,0.39,-0.14,-0.15,-59.20,8.68,169.21,14.26,255,
20.52,-0.64,-0.82,0.17,0.84,0.07,0.49,0.40,-0.13,-0.15,-59.16,8.38,170.53,14.26,255,
20.63,-0.33,-0.78,0.14,0.83,0.07,0.49,0.40,-0.13,-0.15,-59.03,8.39,170.20,14.26,255,
20.78,-0.58,-0.64,0.16,0.84,0.08,0.49,0.39,-0.14,-0.15,-59.14,8.78,169.07,14.26,255,
20.91,-0.60,-0.73,-0.01,0.84,0.07,0.49,0.39,-0.13,-0.15,-59.17,8.59,170.36,14.57,255,
21.02,-0.48,-0.51,0.04,0.84,0.08,0.49,0.39,-0.13,-0.15,-59.23,8.72,170.05,14.26,255,
21.16,-0.55,-0.67,0.13,0.83,0.07,0.49,0.39,-0.14,-0.15,-59.11,8.52,169.47,14.26,255,
21.31,-0.35,-0.78,0.11,0.84,0.08,0.49,0.39,-0.13,-0.15,-59.17,8.66,169.80,14.26,255,
21.43,-0.40,-0.80,0.17,0.84,0.07,0.49,0.39,-0.14,-0.15,-59.21,8.27,168.81,14.26,255,
21.53,-0.52,-0.64,0.25,0.84,0.08,0.49,0.40,-0.14,-0.15,-59.15,8.72,169.00,14.26,255,
21.68,-0.49,-0.79,0.22,0.84,0.08,0.49,0.40,-0.13,-0.15,-59.40,8.78,169.95,14.26,255,
21.80,-0.31,-0.68,0.07,0.84,0.08,0.49,0.41,-0.14,-0.16,-59.10,8.65,169.17,14.57,255,
21.94,-0.45,-0.73,0.15,0.84,0.07,0.49,0.40,-0.14,-0.16,-59.23,8.33,169.18,14.57,255,
22.07,-0.37,-0.70,0.07,0.84,0.08,0.49,0.39,-0.13,-0.15,-59.22,9.29,169.74,14.57,255,
22.19,-0.48,-0.76,-0.03,0.84,0.08,0.49,0.40,-0.14,-0.16,-59.32,8.90,169.13,14.26,255,
22.31,-0.53,-0.76,0.10,0.83,0.08,0.49,0.40,-0.14,-0.15,-59.33,8.78,169.24,14.26,255,
22.46,-0.40,-0.82,0.27,0.84,0.07,0.49,0.40,-0.14,-0.16,-59.31,8.63,169.29,14.26,255,
22.58,-0.50,-0.77,0.13,0.84,0.07,0.50,0.40,-0.14,-0.16,-59.05,8.35,169.43,14.57,255,
22.70,-0.49,-0.70,0.18,0.84,0.07,0.49,0.40,-0.13,-0.16,-59.21,8.54,169.93,14.26,255,
22.84,-0.49,-0.99,0.02,0.84,0.08,0.49,0.40,-0.14,-0.15,-59.20,8.67,169.42,14.26,255,
22.96,-0.48,-0.75,0.09,0.84,0.08,0.49,0.40,-0.13,-0.15,-59.32,8.68,169.99,14.26,255,
23.09,-0.55,-0.56,0.22,0.84,0.07,0.50,0.40,-0.13,-0.15,-59.08,8.32,170.54,14.26,255,
23.22,-0.65,-0.67,0.18,0.84,0.08,0.50,0.40,-0.14,-0.16,-59.01,8.84,169.70,14.26,255,
23.35,-0.54,-0.66,0.16,0.84,0.07,0.50,0.40,-0.14,-0.16,-58.96,8.56,169.64,14.57,255,
23.48,-0.42,-0.90,0.22,0.84,0.08,0.49,0.40,-0.13,-0.15,-59.32,8.77,170.06,14.57,255,
23.61,-0.57,-0.79,0.08,0.84,0.07,0.50,0.40,-0.14,-0.16,-59.03,8.51,169.56,14.26,255,
23.75,-0.42,-0.61,0.02,0.84,0.06,0.49,0.39,-0.13,-0.15,-59.41,7.39,169.91,14.26,255,
23.87,-0.58,-0.63,0.10,0.83,0.08,0.49,0.40,-0.14,-0.16,-59.09,8.63,169.38,14.57,255,
24.00,-0.40,-0.79,0.11,0.84,0.07,0.50,0.40,-0.14,-0.15,-59.08,8.56,169.67,14.57,255,
24.14,-0.90,-0.79,0.00,0.84,0.08,0.49,0.40,-0.14,-0.16,-59.37,8.73,169.65,14.26,255,
24.28,-0.73,-0.71,0.19,0.83,0.06,0.49,0.40,-0.14,-0.15,-59.34,7.29,169.55,14.26,255,
24.41,-0.45,-0.65,0.15,0.84,0.07,0.50,0.40,-0.14,-0.16,-59.05,8.54,169.73,14.26,255,
24.53,-0.57,-0.76,0.05,0.83,0.07,0.50,0.39,-0.13,-0.16,-58.92,8.53,170.16,14.26,255,
24.68,-0.34,-0.73,0.13,0.84,0.08,0.49,0.40,-0.14,-0.15,-59.18,8.68,169.65,14.26,255,
24.78,-0.55,-0.77,0.07,0.83,0.08,0.49,0.40,-0.13,-0.15,-58.95,8.76,169.89,14.26,255,
24.95,-0.58,-0.64,0.13,0.84,0.07,0.49,0.40,-0.14,-0.16,-59.28,8.49,169.47,14.57,255,
25.05,-0.52,-0.76,0.04,0.84,0.07,0.49,0.40,-0.14,-0.15,-59.11,8.43,169.40,14.26,255,
25.17,-0.61,-0.53,0.01,0.83,0.08,0.49,0.40,-0.14,-0.15,-59.02,8.75,169.56,14.26,255,
25.30,-0.45,-0.78,0.13,0.84,0.08,0.49,0.40,-0.14,-0.14,-59.15,8.78,169.67,14.26,255,
25.43,-0.52,-0.65,0.07,0.84,0.07,0.49,0.39,-0.13,-0.15,-59.25,8.64,170.13,14.26,255,
25.57,-0.72,-0.61,0.10,0.84,0.07,0.49,0.40,-0.13,-0.15,-59.29,8.42,169.84,14.26,255,
25.71,-0.59,-0.70,0.12,0.84,0.08,0.49,0.40,-0.14,-0.15,-59.31,8.77,169.70,14.26,255,
25.82,-0.52,-0.70,-0.02,0.83,0.08,0.49,0.40,-0.14,-0.16,-59.20,8.74,169.86,14.26,255,
25.95,-0.36,-0.66,0.03,0.83,0.08,0.49,0.40,-0.13,-0.15,-59.19,8.83,170.25,14.26,255,
26.09,-0.49,-0.79,0.13,0.84,0.07,0.49,0.40,-0.13,-0.16,-59.20,8.60,170.71,14.26,255,
26.21,-0.44,-0.79,0.08,0.84,0.08,0.49,0.40,-0.13,-0.16,-59.20,8.72,170.67,14.26,255,
26.37,-0.51,-0.70,0.25,0.84,0.08,0.49,0.40,-0.13,-0.15,-59.22,8.68,170.15,14.57,255,
26.49,-0.52,-0.81,0.20,0.83,0.07,0.49,0.40,-0.13,-0.15,-59.14,8.37,170.34,14.26,255,
26.60,-0.78,-0.75,0.19,0.83,0.08,0.50,0.40,-0.13,-0.16,-58.99,8.75,169.90,14.26,255,
26.75,-0.52,-0.57,0.16,0.83,0.07,0.49,0.39,-0.13,-0.15,-59.12,8.60,169.84,14.26,255,
26.88,-0.62,-0.76,0.01,0.83,0.08,0.50,0.40,-0.14,-0.15,-58.79,8.86,169.72,14.26,255,
26.99,-0.32,-0.69,0.10,0.84,0.08,0.49,0.40,-0.14,-0.16,-59.06,8.87,169.82,14.26,255,
27.14,-0.36,-0.49,0.07,0.84,0.07,0.49,0.40,-0.14,-0.15,-59.26,8.49,169.42,14.26,255,
27.26,-0.52,-0.71,0.14,0.84,0.07,0.50,0.40,-0.13,-0.15,-59.15,8.41,170.92,14.26,255,
27.37,-0.67,-0.84,0.22,0.84,0.07,0.49,0.40,-0.14,-0.15,-59.16,8.45,169.76,14.26,255,
27.51,-0.70,-0.76,0.21,0.84,0.08,0.49,0.40,-0.14,-0.15,-59.35,8.84,169.23,14.26,255,
27.64,-0.74,-0.61,0.11,0.84,0.07,0.49,0.40,-0.13,-0.15,-59.18,8.34,170.21,14.26,255,
27.77,-0.52,-0.76,0.21,0.84,0.08,0.49,0.40,-0.14,-0.15,-59.13,9.00,169.20,14.26,255,
27.92,-0.52,-0.67,0.11,0.84,0.07,0.49,0.39,-0.13,-0.16,-59.16,8.58,170.12,14.26,255,
28.04,-0.61,-0.78,0.16,0.84,0.07,0.49,0.40,-0.13,-0.16,-59.19,8.60,170.27,14.26,255,
28.18,-0.55,-0.93,0.04,0.83,0.08,0.49,0.39,-0.13,-0.16,-59.12,8.91,169.54,14.26,255,
28.31,-0.58,-0.86,0.13,0.84,0.08,0.49,0.39,-0.14,-0.16,-59.21,8.93,169.00,14.26,255,
28.42,-0.47,-0.72,0.09,0.83,0.08,0.49,0.39,-0.14,-0.16,-59.05,8.92,169.58,14.26,255,
28.55,-0.40,-0.90,0.13,0.84,0.08,0.49,0.40,-0.13,-0.16,-59.18,8.78,170.12,14.26,255,
28.69,-0.49,-0.77,0.08,0.84,0.08,0.50,0.40,-0.14,-0.16,-59.07,8.88,169.31,14.26,255,
28.81,-0.64,-0.64,0.16,0.84,0.07,0.49,0.40,-0.13,-0.16,-59.31,8.60,170.21,14.26,255,
28.94,-0.55,-0.69,0.08,0.84,0.08,0.49,0.40,-0.14,-0.16,-59.38,8.90,169.36,14.26,255,
29.11,-0.73,-0.87,0.10,0.84,0.08,0.49,0.40,-0.14,-0.16,-59.18,8.66,169.78,14.26,255,
29.33,-0.62,-0.77,0.15,0.84,0.08,0.49,0.40,-0.14,-0.16,-59.13,9.00,169.54,14.26,255,
29.43,-0.44,-0.64,0.05,0.84,0.08,0.49,0.40,-0.13,-0.16,-59.29,9.01,170.17,14.26,255,
29.55,-0.58,-0.83,0.31,0.84,0.07,0.49,0.40,-0.14,-0.16,-59.10,8.59,169.19,14.26,255,
29.59,-0.59,-0.65,0.10,0.84,0.07,0.50,0.40,-0.14,-0.16,-59.03,8.44,169.74,14.26,255,
29.72,-0.50,-0.78,0.10,0.84,0.08,0.49,0.40,-0.14,-0.16,-59.28,9.03,169.33,14.26,255,
29.85,-0.64,-0.76,0.04,0.83,0.08,0.50,0.39,-0.14,-0.15,-58.98,8.73,169.39,14.26,255,
30.00,-0.58,-0.90,0.01,0.84,0.08,0.49,0.40,-0.14,-0.16,-59.46,9.27,169.23,14.26,255,
30.12,-0.55,-0.81,0.18,0.84,0.07,0.50,0.40,-0.14,-0.16,-59.07,8.56,169.50,14.26,255,
30.24,-0.47,-0.68,0.07,0.84,0.07,0.49,0.40,-0.14,-0.16,-59.22,8.32,169.83,14.26,255,
30.37,-0.33,-0.65,0.09,0.84,0.07,0.49,0.40,-0.13,-0.15,-59.42,8.45,170.28,14.26,255,
30.50,-0.53,-0.87,0.06,0.84,0.08,0.50,0.40,-0.13,-0.15,-59.02,8.84,170.19,14.26,255,
30.62,-0.52,-0.77,0.14,0.84,0.08,0.49,0.40,-0.14,-0.15,-59.24,8.87,169.17,14.26,255,
30.78,-0.52,-0.77,0.12,0.83,0.08,0.49,0.39,-0.14,-0.16,-59.22,8.84,169.24,14.26,255,
30.88,-0.61,-0.66,-0.03,0.84,0.07,0.49,0.39,-0.14,-0.16,-59.34,8.45,168.56,14.26,255,
31.04,-0.40,-0.58,0.09,0.83,0.07,0.49,0.40,-0.13,-0.15,-59.26,8.58,169.84,14.26,255,
31.17,-0.59,-0.71,0.25,0.84,0.08,0.50,0.40,-0.14,-0.16,-59.06,9.08,169.04,14.26,255,
31.28,-0.40,-0.70,0.02,0.84,0.07,0.49,0.39,-0.14,-0.16,-59.17,8.29,169.59,14.26,255,
31.43,-0.41,-0.74,0.18,0.84,0.08,0.49,0.40,-0.14,-0.16,-59.21,8.80,169.38,14.26,255,
31.54,-0.50,-0.70,0.10,0.84,0.08,0.49,0.40,-0.14,-0.15,-59.31,8.73,169.76,14.26,255,
31.68,-0.52,-0.71,0.07,0.83,0.08,0.49,0.40,-0.14,-0.17,-59.04,8.66,169.71,14.26,255,
31.80,-0.61,-0.79,-0.10,0.84,0.08,0.49,0.40,-0.14,-0.15,-59.23,8.94,169.66,14.26,255,
31.93,-0.51,-0.64,0.12,0.84,0.08,0.50,0.40,-0.14,-0.16,-59.03,8.62,169.50,14.26,255,
32.06,-0.57,-0.60,0.08,0.84,0.08,0.49,0.40,-0.14,-0.16,-59.18,8.83,169.73,14.26,255,
32.21,-0.55,-0.75,0.24,0.84,0.08,0.49,0.40,-0.13,-0.16,-59.30,8.98,169.88,14.26,255,
32.34,-0.45,-0.77,0.16,0.83,0.08,0.49,0.39,-0.13,-0.16,-59.27,8.80,169.91,14.26,255,
32.47,-0.46,-0.64,0.29,0.84,0.08,0.50,0.40,-0.13,-0.16,-58.98,8.60,170.38,14.26,255,
32.57,-0.45,-0.76,0.07,0.83,0.08,0.49,0.40,-0.14,-0.16,-59.15,8.72,169.15,14.26,255,
32.71,-0.62,-0.78,0.10,0.84,0.08,0.49,0.40,-0.14,-0.16,-59.09,8.90,169.35,14.26,255,
32.83,-0.49,-0.80,0.13,0.84,0.07,0.49,0.40,-0.14,-0.16,-59.18,8.60,169.76,14.26,255,
32.98,-0.71,-0.71,0.04,0.83,0.07,0.49,0.40,-0.13,-0.16,-59.13,8.48,169.92,14.26,255,
33.12,-0.44,-0.77,0.16,0.84,0.07,0.49,0.40,-0.14,-0.16,-59.23,8.15,169.66,14.26,255,
33.25,-0.32,-0.82,0.10,0.84,0.07,0.49,0.40,-0.14,-0.15,-59.21,8.56,169.47,14.26,255,
33.37,-0.39,-0.74,0.05,0.83,0.08,0.49,0.39,-0.14,-0.16,-59.07,8.91,169.31,14.26,255,
33.51,-0.55,-0.81,0.24,0.83,0.07,0.49,0.40,-0.13,-0.15,-59.10,8.50,169.85,14.26,255,
33.63,-0.59,-0.73,0.10,0.84,0.07,0.49,0.40,-0.13,-0.16,-59.15,8.54,170.15,14.26,255,
33.75,-0.20,-0.70,0.13,0.84,0.07,0.49,0.40,-0.13,-0.15,-59.23,8.60,169.84,14.26,255,
33.90,-0.60,-0.68,0.07,0.84,0.08,0.49,0.40,-0.13,-0.15,-59.16,8.69,169.93,14.26,255,
34.03,-0.74,-0.83,0.19,0.84,0.08,0.49,0.40,-0.13,-0.16,-59.13,8.67,169.98,14.26,255,
34.15,-0.52,-0.76,-0.07,0.84,0.08,0.50,0.39,-0.13,-0.16,-59.08,8.64,169.87,14.26,255,
34.27,-0.37,-0.75,0.11,0.84,0.08,0.50,0.40,-0.11,-0.16,-59.04,8.61,173.26,14.26,255,
34.42,-0.55,-0.97,0.12,0.84,0.08,0.49,0.40,-0.14,-0.16,-59.16,8.86,169.64,14.26,255,
34.54,-0.46,-0.55,1.88,0.83,0.08,0.49,0.40,-0.14,-0.16,-59.03,8.68,169.69,14.26,255,
34.65,-0.54,-0.80,-0.01,0.84,0.08,0.50,0.40,-0.13,-0.16,-59.03,8.67,170.18,14.26,255,
34.80,-0.58,-0.74,0.01,0.83,0.07,0.50,0.41,-0.14,-0.16,-59.00,8.52,169.69,14.26,255,
34.94,-0.46,-0.81,0.18,0.84,0.08,0.50,0.40,-0.14,-0.16,-58.96,8.83,169.59,14.26,255,
35.07,-0.54,-0.74,0.04,0.84,0.07,0.49,0.40,-0.14,-0.16,-59.26,8.64,169.46,14.26,255,
35.20,-0.41,-0.61,0.22,0.84,0.07,0.49,0.40,-0.14,-0.15,-59.19,8.57,169.42,14.26,255,
35.33,-0.41,-0.85,0.06,0.84,0.07,0.50,0.40,-0.13,-0.15,-58.94,8.47,170.16,14.26,255,
35.45,-0.68,-0.82,0.13,0.84,0.08,0.50,0.40,-0.13,-0.15,-59.01,8.71,170.31,14.26,255,
35.58,-0.55,-0.76,-1.88,0.84,0.09,0.49,0.39,-0.13,-0.16,-58.98,10.15,170.07,14.26,255,
35.72,-0.43,-0.83,0.06,0.84,0.07,0.49,0.39,-0.13,-0.16,-59.29,8.42,169.71,14.26,255,
35.84,-0.54,-0.76,0.14,0.84,0.07,0.49,0.40,-0.13,-0.16,-59.19,8.55,170.50,14.26,255,
35.98,-0.49,-0.73,0.14,0.83,0.07,0.49,0.40,-0.13,-0.16,-59.15,8.50,170.28,14.26,255,
36.10,-0.55,-0.61,0.06,0.84,0.08,0.49,0.40,-0.13,-0.16,-59.31,8.72,170.15,14.26,255,
36.23,-0.55,-0.75,0.14,0.84,0.08,0.49,0.40,-0.13,-0.15,-59.11,8.73,170.20,14.26,255,
36.37,-0.36,-0.61,0.16,0.84,0.08,0.49,0.40,-0.13,-0.16,-59.08,8.83,170.05,14.26,255,
36.49,-0.50,-0.44,0.18,0.84,0.07,0.49,0.40,-0.14,-0.15,-59.10,8.46,169.56,14.26,255,
36.61,-0.92,-0.41,0.10,0.84,0.08,0.49,0.40,-0.13,-0.16,-59.20,8.85,170.28,14.26,255,
36.76,-0.40,-0.69,0.01,0.84,0.08,0.49,0.40,-0.14,-0.16,-59.14,8.67,169.96,14.26,255,
36.88,-0.40,-0.75,0.25,0.84,0.07,0.49,0.40,-0.14,-0.16,-59.19,8.62,169.63,14.26,255,
36.99,-0.67,-0.70,0.16,0.84,0.07,0.50,0.40,-0.14,-0.16,-59.02,8.56,169.65,14.26,255,
37.12,-0.63,-0.67,0.13,0.84,0.08,0.50,0.40,-0.13,-0.16,-59.01,8.85,170.74,14.26,255,
37.29,-0.59,-0.73,0.31,0.84,0.08,0.49,0.40,-0.14,-0.16,-59.13,8.65,169.61,14.26,255,
37.39,-0.48,-0.72,0.11,0.84,0.08,0.50,0.40,-0.13,-0.17,-59.07,8.77,169.76,14.26,255,
37.53,-0.40,-0.67,0.07,0.84,0.08,0.50,0.40,-0.13,-0.16,-59.11,8.60,170.11,14.26,255,
37.66,-0.58,-0.82,0.08,0.84,0.07,0.50,0.40,-0.13,-0.16,-59.07,8.41,170.28,14.26,255,
37.77,-0.58,-0.68,0.05,0.84,0.07,0.49,0.40,-0.14,-0.16,-59.24,8.61,169.09,14.26,255,
37.90,-0.81,-0.84,0.07,0.84,0.08,0.50,0.40,-0.13,-0.16,-59.07,8.70,170.28,14.26,255,
38.05,-0.69,-0.73,0.07,0.84,0.07,0.50,0.40,-0.13,-0.15,-59.00,8.55,170.13,14.26,255,
38.16,-0.51,-0.79,0.21,0.83,0.08,0.49,0.40,-0.14,-0.16,-59.17,8.72,169.28,14.26,255,
38.31,-0.60,-0.64,0.22,0.84,0.08,0.50,0.40,-0.13,-0.16,-59.05,9.06,169.87,14.26,255,
38.43,-0.49,-0.49,0.12,0.83,0.08,0.49,0.40,-0.14,-0.16,-59.40,9.06,169.66,14.26,255,
38.55,-0.52,-0.58,-0.04,0.84,0.08,0.49,0.39,-0.13,-0.16,-59.21,8.76,170.00,14.26,255,
38.68,-0.28,-0.73,0.05,0.84,0.08,0.49,0.40,-0.13,-0.17,-59.19,8.79,169.95,14.26,255,
38.81,-0.56,-0.67,0.17,0.84,0.07,0.50,0.40,-0.13,-0.16,-59.10,8.48,170.34,14.26,255,
38.96,-0.27,-0.86,0.12,0.83,0.08,0.49,0.40,-0.14,-0.16,-59.08,8.88,169.81,14.26,255,
39.09,-0.53,-0.62,0.22,0.84,0.08,0.49,0.39,-0.13,-0.16,-59.19,9.39,169.72,14.26,255,
39.20,-0.46,-0.82,0.19,0.84,0.09,0.50,0.40,-0.13,-0.16,-58.95,10.43,170.11,14.26,255,
39.35,-0.39,-0.64,0.10,0.84,0.07,0.49,0.40,-0.13,-0.16,-59.19,8.37,170.45,14.26,255,
39.46,-0.54,-0.70,0.10,0.84,0.07,0.49,0.40,-0.13,-0.16,-59.20,8.28,170.62,14.26,255,
39.61,-0.49,-0.80,0.10,0.84,0.07,0.50,0.40,-0.13,-0.16,-58.93,8.46,170.54,14.26,255,
39.74,-0.65,-0.76,0.19,0.84,0.07,0.49,0.40,-0.14,-0.15,-59.43,8.70,169.76,14.26,255,
39.85,-0.62,-0.76,0.14,0.84,0.07,0.49,0.40,-0.13,-0.16,-59.18,8.47,170.28,14.26,255,
