2018-04-23-21-35-07 Smart Handle = otoscope
2018-04-23-21-35-07 Bluetooth Address = 00:06:66:83:89:6D
2018-04-23-21-39-39 Smart Handle = otoscope
2018-04-23-21-39-39 Bluetooth Address = 00:06:66:83:89:6D
2018-04-23-21-42-30 Smart Handle = otoscope
2018-04-23-21-42-30 Bluetooth Address = 00:06:66:83:89:6D
0.00,-8.42,-12.78,-1.82,0.74,0.05,0.67,0.49,0.32,0.45,-47.83,4.42,221.90,4.12,255
0.23,-3.01,-4.06,14.97,0.69,-0.02,0.83,0.49,0.32,0.45,-39.85,-1.25,221.66,4.75,255
0.50,4.57,-0.93,-2.44,0.69,0.01,0.72,0.50,0.32,0.45,-43.74,0.47,220.97,4.44,255
0.80,5.05,0.53,0.73,0.69,-0.00,0.71,0.50,0.31,0.46,-44.23,-0.31,220.64,3.80,255
1.06,2.24,1.72,1.26,0.70,-0.01,0.71,0.50,0.31,0.46,-44.38,-0.84,220.02,3.80,255
1.32,14.57,10.12,5.83,0.62,0.04,0.65,0.49,0.30,0.48,-43.62,3.47,220.29,2.85,255
1.62,-5.10,-0.22,5.49,0.77,-0.09,0.63,0.49,0.29,0.48,-50.30,-8.33,218.85,2.53,255
1.89,-27.13,-1.56,5.73,0.73,-0.04,0.65,0.49,0.29,0.48,-48.29,-3.45,219.31,2.85,255
2.15,-9.33,-10.31,2.50,0.73,0.00,0.68,0.50,0.32,0.48,-46.95,0.35,220.75,3.49,255
2.42,12.08,-5.59,-3.60,0.69,-0.05,0.74,0.50,0.31,0.48,-43.07,-3.55,220.24,3.17,255
2.69,9.53,-1.47,-0.86,0.68,-0.04,0.72,0.50,0.31,0.46,-43.08,-2.88,219.81,2.85,255
2.96,34.27,33.44,-26.34,0.76,-0.28,0.60,0.49,0.32,0.50,-49.18,-24.70,221.48,3.49,255
3.24,-9.92,7.47,5.65,0.76,-0.35,0.47,0.46,0.33,0.54,-52.66,-36.70,223.60,3.80,255
3.51,-35.82,-19.48,11.30,0.71,-0.16,0.65,0.49,0.32,0.51,-46.63,-14.12,222.21,0.95,255
3.78,-10.02,-8.61,8.12,0.73,-0.14,0.65,0.51,0.32,0.49,-47.68,-12.55,220.37,0.95,255
4.06,14.87,8.96,-0.98,0.70,-0.07,0.70,0.52,0.32,0.47,-44.79,-5.95,220.04,0.63,255
4.36,-36.11,-15.24,21.64,0.75,-0.11,0.69,0.51,0.30,0.47,-46.96,-9.26,219.28,0.63,255
4.63,-36.80,-17.04,-13.01,0.56,0.32,0.87,0.51,0.33,0.39,-31.04,20.45,221.52,88.08,255
4.90,30.85,23.10,5.71,0.66,0.22,0.80,0.51,0.33,0.40,-38.21,14.97,221.39,11.09,255
5.16,16.58,12.22,-7.32,0.71,0.04,0.66,0.50,0.33,0.44,-47.19,3.75,222.05,6.65,255
5.43,-6.63,-3.10,3.39,0.73,0.07,0.65,0.50,0.32,0.44,-47.79,5.96,221.28,6.34,255
5.70,4.25,2.09,1.45,0.73,0.08,0.68,0.50,0.33,0.43,-46.69,6.28,221.76,7.29,255
5.97,14.65,7.13,0.73,0.73,0.06,0.67,0.50,0.32,0.44,-47.53,5.04,221.11,5.39,255
6.25,-0.87,-2.30,3.42,0.74,0.04,0.68,0.50,0.31,0.45,-47.39,3.39,220.43,5.07,255
6.55,12.46,-4.49,-15.12,0.71,0.01,0.68,0.50,0.30,0.46,-46.31,1.24,219.74,2.85,255
6.82,-3.67,3.36,-12.41,0.71,-0.10,0.68,0.49,0.34,0.45,-45.71,-8.56,223.26,2.53,255
7.07,23.13,-30.17,-14.15,0.60,-0.23,0.82,0.49,0.34,0.45,-35.29,-15.98,223.75,1.90,255
7.36,5.36,-7.04,-7.04,0.58,-0.33,0.79,0.49,0.39,0.43,-33.91,-22.63,226.93,1.90,255
7.62,-5.98,0.61,1.27,0.54,-0.26,0.79,0.48,0.40,0.42,-32.93,-18.15,227.98,2.22,255
7.91,-0.07,1.60,0.93,0.53,-0.23,0.80,0.48,0.39,0.41,-32.60,-16.04,227.57,0.63,0
8.17,-1.40,-7.96,10.93,0.54,-0.23,0.81,0.48,0.39,0.41,-32.78,-16.19,227.86,2.53,255
8.44,0.07,-1.10,0.53,0.52,-0.19,0.84,0.50,0.39,0.40,-31.13,-12.83,226.49,2.53,255
8.74,0.83,2.20,0.24,0.52,-0.17,0.83,0.49,0.39,0.40,-31.28,-11.81,226.78,2.85,255
9.00,-6.82,4.02,0.38,0.52,-0.16,0.84,0.49,0.39,0.40,-31.24,-10.54,226.96,1.90,255
9.28,-1.48,0.76,-0.41,0.52,-0.13,0.82,0.49,0.38,0.40,-32.19,-9.20,226.50,0.63,0
9.55,-4.76,-4.13,3.54,0.52,-0.12,0.84,0.49,0.39,0.39,-31.39,-8.29,227.16,0.00,0
9.81,-1.02,-9.19,6.89,0.54,-0.16,0.75,0.49,0.39,0.39,-34.86,-12.06,227.47,1.27,0
10.08,-0.99,-5.20,4.00,0.48,-0.10,0.86,0.49,0.39,0.37,-29.04,-6.38,227.43,4.44,255
10.38,-0.37,4.93,-2.37,0.46,-0.10,0.88,0.49,0.40,0.38,-27.83,-6.43,227.45,4.75,255
10.65,-3.19,0.43,0.38,0.49,-0.07,0.85,0.49,0.40,0.36,-29.66,-4.98,227.56,3.17,255
10.90,1.81,0.54,1.76,0.49,-0.08,0.86,0.49,0.40,0.37,-29.75,-5.07,228.11,1.27,255
11.17,-0.88,5.21,-2.85,0.51,-0.05,0.79,0.48,0.41,0.37,-32.72,-3.59,228.65,0.00,0
11.46,20.64,-4.15,-1.54,0.38,-0.14,0.89,0.48,0.42,0.37,-22.84,-9.14,229.63,0.00,0
11.72,1.14,3.77,-0.55,0.47,-0.09,0.85,0.48,0.42,0.36,-28.91,-6.24,229.60,0.00,0
11.99,-7.55,-5.85,11.74,0.47,-0.08,0.86,0.48,0.41,0.36,-28.65,-5.61,228.64,4.44,255
12.27,0.12,-1.87,0.71,0.47,-0.03,0.88,0.48,0.40,0.35,-28.28,-1.78,228.23,6.97,255
12.56,7.51,2.18,1.47,0.47,-0.01,0.88,0.49,0.41,0.35,-27.92,-0.40,228.26,7.29,255
12.81,0.94,1.02,0.31,0.48,-0.00,0.87,0.49,0.40,0.35,-28.82,-0.33,228.06,2.53,255
13.11,-2.07,3.11,0.22,0.49,-0.00,0.87,0.49,0.40,0.36,-29.10,-0.01,227.77,0.63,5
13.37,-1.99,-0.65,-1.31,0.48,0.00,0.88,0.49,0.41,0.35,-28.82,0.13,228.52,0.00,0
13.63,6.36,-1.13,-2.41,0.37,-0.09,0.83,0.49,0.41,0.36,-23.93,-6.50,228.58,0.00,0
13.93,0.45,-0.16,0.97,0.47,-0.01,0.88,0.48,0.41,0.36,-28.34,-0.89,228.82,0.00,0
14.20,0.55,0.71,0.42,0.47,-0.01,0.87,0.48,0.41,0.35,-28.36,-0.87,228.81,0.00,0
14.47,2.68,2.78,1.04,0.47,-0.00,0.87,0.49,0.40,0.35,-28.53,-0.19,228.13,0.00,0
14.73,0.72,-1.69,1.25,0.48,-0.01,0.87,0.48,0.41,0.36,-28.54,-0.88,229.02,0.63,0
15.00,4.55,-1.32,3.91,0.47,-0.02,0.88,0.49,0.40,0.35,-28.10,-1.30,227.92,3.17,255
15.27,0.85,1.97,0.73,0.47,-0.03,0.87,0.49,0.41,0.36,-28.38,-1.66,228.20,1.58,255
15.55,1.02,0.37,2.45,0.47,-0.02,0.87,0.49,0.41,0.36,-28.60,-1.64,228.25,0.32,0
15.84,0.26,0.29,1.00,0.47,-0.03,0.87,0.49,0.41,0.36,-28.51,-1.65,228.54,0.00,0
16.14,0.47,0.03,0.72,0.47,-0.02,0.88,0.49,0.40,0.36,-28.21,-1.21,227.92,0.00,0
16.38,0.51,0.17,1.89,0.47,-0.02,0.88,0.49,0.41,0.35,-28.30,-1.22,228.22,0.00,0
16.65,-0.52,-1.65,3.85,0.46,0.02,0.88,0.49,0.40,0.35,-27.51,1.02,227.95,1.90,3
16.92,1.23,-0.40,2.36,0.46,-0.02,0.88,0.49,0.40,0.35,-27.74,-1.16,227.85,6.97,255
17.19,2.21,1.04,0.30,0.46,-0.01,0.87,0.49,0.40,0.36,-27.96,-0.98,227.77,6.65,255
17.47,1.10,1.42,0.49,0.47,-0.02,0.88,0.48,0.40,0.36,-28.28,-1.17,228.04,2.22,255
17.73,1.05,0.71,0.28,0.47,-0.02,0.86,0.49,0.41,0.36,-28.73,-1.57,228.57,0.32,0
18.03,-1.42,-0.31,-0.16,0.47,-0.00,0.88,0.49,0.41,0.36,-27.91,-0.13,228.42,0.00,0
18.30,0.22,-0.01,0.43,0.46,-0.00,0.89,0.49,0.41,0.34,-27.15,-0.12,228.76,0.00,0
18.56,2.03,-0.53,0.52,0.46,-0.01,0.88,0.48,0.41,0.34,-27.57,-0.44,229.20,0.00,0
18.84,0.37,1.23,0.86,0.45,-0.00,0.88,0.48,0.41,0.35,-27.24,-0.19,229.14,0.00,0
19.11,0.52,1.41,1.06,0.46,-0.01,0.88,0.48,0.41,0.35,-27.57,-0.38,228.88,0.00,0
19.39,1.02,0.73,1.06,0.47,-0.00,0.88,0.48,0.41,0.35,-27.99,-0.15,229.07,0.00,0
19.66,1.46,1.26,0.67,0.46,-0.00,0.88,0.48,0.42,0.36,-27.80,-0.05,229.27,0.00,0
19.91,-3.92,4.30,-0.51,0.46,0.00,0.88,0.48,0.42,0.35,-27.55,0.28,229.43,0.00,0
