2017-01-30-19-17-36
0
ophthalmoscope
D
0.00,9,255,
0.00,-0.62,-0.73,-0.01,0.84,0.07,0.49,0.38,-0.13,-0.15,-59.77,8.20,169.70,9.50,255,
0.01,-0.56,-0.70,0.22,0.84,0.07,0.49,0.38,-0.13,-0.15,-59.40,8.09,170.11,9.50,255,
0.01,-0.47,-0.77,0.10,0.84,0.07,0.49,0.38,-0.13,-0.14,-59.63,8.25,169.84,9.50,255,
0.02,-0.47,-0.70,0.21,0.84,0.07,0.49,0.38,-0.13,-0.14,-59.55,8.51,170.06,9.50,255,
0.03,-0.70,-0.64,-0.02,0.84,0.07,0.49,0.38,-0.13,-0.15,-59.55,8.26,169.54,9.50,255,
0.03,-0.65,-0.70,0.07,0.84,0.07,0.49,0.38,-0.13,-0.14,-59.52,8.62,169.77,9.50,255,
0.04,-0.39,-0.84,0.12,0.84,0.07,0.49,0.39,-0.13,-0.14,-59.55,8.34,170.11,9.50,255,
0.04,-0.43,-0.71,0.10,0.84,0.07,0.49,0.39,-0.13,-0.14,-59.54,8.30,170.51,9.50,255,
0.05,-0.54,-0.74,0.13,0.84,0.07,0.48,0.38,-0.13,-0.14,-60.06,8.46,169.76,9.50,255,
0.05,-0.53,-0.66,0.27,0.84,0.07,0.49,0.39,-0.13,-0.14,-59.49,8.07,169.90,9.50,255,
0.06,-0.62,-0.83,0.24,0.84,0.07,0.49,0.39,-0.12,-0.14,-59.57,8.03,170.87,9.50,255,
0.07,-0.53,-0.84,0.16,0.84,0.07,0.49,0.39,-0.14,-0.15,-59.76,8.21,169.23,9.50,255,
0.11,-0.58,-0.67,0.05,0.84,0.07,0.49,0.39,-0.13,-0.14,-59.75,8.09,170.51,9.50,255,
0.24,-0.46,-0.84,0.26,0.84,0.07,0.49,0.39,-0.12,-0.14,-59.53,8.46,170.75,9.50,255,
0.37,-0.29,-0.89,0.06,0.84,0.07,0.49,0.39,-0.12,-0.14,-59.63,8.38,170.93,9.50,255,
0.50,-0.67,-0.75,0.16,0.84,0.07,0.48,0.39,-0.13,-0.15,-59.74,8.49,170.44,9.19,255,
0.63,-0.48,-0.85,0.11,0.84,0.07,0.49,0.38,-0.13,-0.14,-59.48,8.68,169.91,9.19,255,
0.74,-0.48,-0.81,0.11,0.84,0.07,0.49,0.38,-0.13,-0.14,-59.63,8.48,170.13,9.19,255,
0.89,-0.49,-0.80,0.16,0.84,0.07,0.47,0.39,-0.13,-0.15,-60.53,8.45,170.11,9.19,255,
1.02,-0.43,-0.62,0.00,0.84,0.07,0.49,0.38,-0.13,-0.15,-59.55,8.33,169.99,9.19,255,
1.14,-0.59,-0.59,0.01,0.84,0.07,0.49,0.39,-0.13,-0.14,-59.58,8.34,169.46,9.19,255,
1.26,-0.52,-0.76,0.25,0.84,0.07,0.49,0.39,-0.13,-0.14,-59.51,8.69,170.57,9.19,255,
1.42,-0.46,-0.61,0.17,0.84,0.07,0.49,0.39,-0.13,-0.15,-59.48,8.36,170.58,9.19,255,
1.54,-0.76,-0.99,0.28,0.84,0.07,0.49,0.38,-0.13,-0.14,-59.47,8.25,170.22,9.19,255,
1.67,-0.66,-0.82,0.32,0.84,0.07,0.49,0.39,-0.12,-0.14,-59.49,8.43,170.93,9.19,255,
1.80,-0.70,-0.73,0.13,0.84,0.07,0.49,0.39,-0.13,-0.15,-59.40,8.17,170.06,9.19,255,
1.91,-0.21,-0.77,0.19,0.84,0.07,0.49,0.38,-0.13,-0.14,-59.56,8.52,170.35,8.87,255,
2.05,-0.54,-0.59,0.23,0.84,0.07,0.49,0.38,-0.13,-0.14,-59.54,8.52,169.86,8.87,255,
2.17,-0.62,-0.83,0.27,0.84,0.07,0.49,0.39,-0.13,-0.15,-59.81,8.12,170.41,8.87,255,
2.30,-0.64,-0.76,0.13,0.84,0.07,0.49,0.39,-0.13,-0.14,-59.52,8.43,169.64,8.87,255,
2.46,-0.82,-0.90,0.04,0.84,0.07,0.49,0.38,-0.13,-0.15,-59.65,8.47,170.41,8.87,255,
2.56,-0.44,-0.84,0.16,0.84,0.07,0.49,0.38,-0.13,-0.15,-59.69,8.35,170.33,8.87,255,
2.70,-0.59,-0.65,0.15,0.84,0.07,0.49,0.38,-0.13,-0.16,-59.43,8.34,169.50,8.87,255,
2.84,-0.56,-0.74,0.08,0.84,0.07,0.49,0.39,-0.13,-0.14,-59.67,8.25,169.63,8.87,255,
2.97,-0.40,-0.76,0.07,0.84,0.07,0.48,0.39,-0.13,-0.14,-59.71,8.68,170.47,8.87,255,
3.08,-0.72,-0.56,0.15,0.84,0.07,0.49,0.39,-0.13,-0.15,-59.54,8.45,170.06,8.87,255,
3.24,-0.70,-0.67,-0.01,0.84,0.07,0.49,0.38,-0.13,-0.14,-59.47,8.35,170.09,9.19,255,
3.35,-0.60,-0.93,0.07,0.84,0.07,0.48,0.39,-0.13,-0.15,-59.79,8.45,170.47,8.87,255,
3.49,-0.41,-0.61,0.08,0.84,0.07,0.48,0.38,-0.12,-0.14,-59.75,8.07,170.91,8.87,255,
3.62,-0.43,-0.71,0.02,0.84,0.07,0.49,0.38,-0.13,-0.14,-59.69,8.25,170.54,8.87,255,
3.75,-0.47,-0.69,0.25,0.84,0.07,0.49,0.39,-0.13,-0.15,-59.53,8.58,169.82,8.87,255,
3.86,-0.66,-0.71,0.16,0.84,0.07,0.49,0.38,-0.13,-0.15,-59.46,8.38,170.42,8.87,255,
4.01,-0.50,-0.94,0.04,0.84,0.07,0.49,0.39,-0.13,-0.15,-59.54,8.64,169.91,9.19,255,
4.12,-0.45,-0.70,0.24,0.84,0.07,0.49,0.38,-0.13,-0.15,-59.60,8.46,169.78,9.19,255,
4.27,-0.52,-0.66,0.06,0.84,0.07,0.49,0.39,-0.13,-0.16,-59.49,8.64,170.20,9.19,255,
4.40,-0.18,-0.76,0.05,0.84,0.07,0.49,0.38,-0.13,-0.15,-59.52,8.29,169.86,9.19,255,
4.52,-0.43,-0.75,0.28,0.84,0.07,0.49,0.39,-0.12,-0.14,-59.65,8.52,171.13,9.50,255,
4.66,-0.31,-0.72,0.13,0.84,0.07,0.49,0.38,-0.13,-0.14,-59.57,8.18,169.20,9.50,255,
4.81,-0.47,-0.75,0.05,0.84,0.07,0.48,0.39,-0.13,-0.15,-59.71,8.44,169.54,9.82,255,
4.93,-0.37,-0.78,0.28,0.84,0.07,0.49,0.38,-0.13,-0.15,-59.75,8.21,169.34,10.14,255,
5.04,-0.57,-0.61,0.21,0.84,0.07,0.49,0.39,-0.13,-0.13,-59.64,8.45,170.29,10.46,255,
5.19,-0.54,-0.84,0.14,0.84,0.07,0.49,0.39,-0.13,-0.14,-59.71,8.40,169.50,10.46,255,
5.29,-0.49,-0.84,0.21,0.84,0.07,0.49,0.39,-0.13,-0.15,-59.48,8.50,169.39,10.77,255,
5.43,-0.33,-0.66,0.11,0.84,0.07,0.49,0.39,-0.13,-0.15,-59.69,8.23,169.93,10.77,255,
5.58,-0.58,-0.60,-0.14,0.84,0.07,0.49,0.38,-0.13,-0.14,-59.62,8.47,170.03,10.77,255,
5.72,-0.63,-0.81,-0.01,0.84,0.07,0.48,0.39,-0.13,-0.14,-59.65,8.47,170.38,10.77,255,
5.82,-0.49,-0.67,0.06,0.84,0.07,0.49,0.38,-0.13,-0.14,-59.26,8.16,170.28,10.77,255,
5.95,-0.69,-0.81,0.13,0.84,0.07,0.49,0.38,-0.13,-0.15,-59.74,8.32,170.29,10.77,255,
6.08,-0.52,-0.65,0.14,0.84,0.07,0.49,0.38,-0.13,-0.15,-59.52,8.63,169.75,10.77,255,
6.22,-0.51,-0.76,0.01,0.84,0.07,0.49,0.38,-0.13,-0.14,-59.49,8.06,169.63,10.77,255,
6.34,-0.31,-0.79,0.16,0.84,0.07,0.49,0.38,-0.13,-0.14,-59.51,8.04,170.11,11.09,255,
6.47,-0.46,-0.87,0.16,0.84,0.07,0.49,0.38,-0.13,-0.15,-59.72,8.62,169.43,11.09,255,
6.61,-0.45,-0.73,0.19,0.84,0.07,0.49,0.38,-0.13,-0.14,-59.56,8.34,169.52,11.09,255,
6.74,-0.61,-0.54,0.09,0.84,0.07,0.49,0.39,-0.13,-0.15,-59.63,8.38,169.51,11.09,255,
6.86,-0.76,-0.82,0.06,0.84,0.07,0.49,0.38,-0.13,-0.15,-59.71,8.46,169.88,11.41,255,
7.01,-0.90,-0.76,0.10,0.84,0.07,0.49,0.38,-0.13,-0.14,-59.54,8.25,169.89,11.72,255,
7.12,-0.49,-0.73,0.28,0.84,0.07,0.49,0.38,-0.13,-0.14,-59.63,8.22,169.73,12.04,255,
7.28,-0.52,-0.61,0.18,0.84,0.07,0.49,0.38,-0.13,-0.15,-59.70,8.18,170.43,12.04,255,
7.38,-0.64,-0.65,0.01,0.84,0.07,0.49,0.38,-0.13,-0.14,-59.48,8.45,169.49,12.04,255,
7.53,-0.45,-0.79,0.15,0.84,0.07,0.49,0.38,-0.13,-0.14,-59.63,8.33,170.36,11.72,255,
7.64,-0.60,-0.70,0.16,0.84,0.07,0.49,0.38,-0.13,-0.14,-59.58,8.61,170.30,11.72,255,
7.77,-0.41,-0.71,0.19,0.84,0.07,0.49,0.38,-0.12,-0.14,-59.43,7.86,170.58,12.04,255,
7.91,-0.57,-0.81,0.19,0.84,0.07,0.49,0.38,-0.13,-0.15,-59.61,8.41,169.55,12.36,255,
8.04,-0.46,-0.84,0.09,0.84,0.07,0.49,0.38,-0.12,-0.13,-59.59,8.42,170.93,11.72,255,
8.17,-0.57,-0.87,0.07,0.84,0.07,0.49,0.39,-0.13,-0.15,-59.63,8.60,169.38,11.41,255,
8.31,-0.64,-0.73,0.22,0.84,0.07,0.48,0.38,-0.13,-0.14,-59.72,8.33,170.27,11.41,255,
8.42,-0.55,-0.84,0.19,0.84,0.07,0.49,0.38,-0.13,-0.14,-59.59,8.51,169.81,11.41,255,
8.56,-0.43,-0.82,0.05,0.84,0.07,0.49,0.38,-0.13,-0.14,-59.71,8.37,169.92,11.41,255,
8.70,-0.44,-0.66,0.04,0.84,0.07,0.49,0.38,-0.12,-0.13,-59.50,8.24,170.54,11.72,255,
8.83,-0.56,-0.68,0.10,0.84,0.07,0.49,0.38,-0.13,-0.14,-59.65,8.50,170.05,11.72,255,
8.97,-0.61,-0.64,0.16,0.84,0.07,0.49,0.39,-0.13,-0.15,-59.51,8.40,170.27,12.04,255,
9.09,-0.54,-0.67,0.18,0.84,0.07,0.49,0.39,-0.13,-0.14,-59.54,8.39,169.88,12.36,255,
9.25,-0.54,-0.64,0.02,0.84,0.07,0.49,0.39,-0.13,-0.14,-59.69,8.35,170.36,13.31,255,
9.37,-0.52,-0.76,0.18,0.84,0.08,0.49,0.38,-0.12,-0.14,-59.25,8.67,170.95,14.57,255,
9.49,-0.43,-0.59,0.20,0.84,0.07,0.49,0.38,-0.13,-0.15,-59.39,8.05,170.40,15.52,255,
9.60,-0.58,-0.83,-0.10,0.86,0.07,0.48,0.39,-0.13,-0.15,-60.48,8.59,170.24,15.84,255,
9.74,-0.26,-0.63,-0.02,0.86,0.07,0.48,0.38,-0.13,-0.15,-60.66,8.21,169.55,13.94,255,
9.88,-0.34,-0.55,0.30,0.83,0.07,0.48,0.38,-0.13,-0.14,-59.84,8.75,170.08,12.04,255,
10.01,-0.53,-0.80,0.13,0.84,0.07,0.49,0.39,-0.13,-0.14,-59.55,8.51,170.38,12.04,255,
10.13,-0.58,-0.90,0.06,0.84,0.07,0.48,0.39,-0.13,-0.15,-59.73,8.55,170.05,12.99,255,
10.26,-0.49,-0.48,0.22,0.84,0.07,0.50,0.38,-0.13,-0.15,-58.93,8.27,169.57,12.99,255,
10.38,-0.52,-0.62,0.06,0.84,0.07,0.49,0.38,-0.13,-0.15,-59.45,8.19,170.09,12.67,255,
10.52,-0.55,-0.59,0.19,0.84,0.07,0.48,0.39,-0.13,-0.14,-59.80,8.62,170.38,11.41,255,
10.64,-0.43,-0.76,0.16,0.84,0.07,0.49,0.38,-0.12,-0.14,-59.64,8.22,170.54,9.82,255,
10.80,-0.61,-0.72,-0.04,0.84,0.07,0.49,0.39,-0.13,-0.14,-59.48,8.19,169.79,9.19,255,
10.92,-0.32,-0.84,0.11,0.84,0.07,0.49,0.38,-0.12,-0.15,-59.59,8.61,170.55,8.87,255,
11.03,-0.55,-0.68,0.04,0.84,0.07,0.49,0.38,-0.13,-0.15,-59.72,8.30,170.16,8.87,255,
11.17,-0.64,-0.83,0.11,0.84,0.07,0.49,0.39,-0.13,-0.15,-59.65,8.67,170.41,8.87,255,
11.30,-0.31,-0.79,0.10,0.84,0.07,0.49,0.39,-0.12,-0.14,-59.70,8.45,170.96,8.87,255,
11.43,-0.64,-0.91,0.22,0.84,0.07,0.49,0.39,-0.13,-0.15,-59.46,8.41,169.39,8.87,255,
11.55,-0.40,-0.67,0.15,0.84,0.07,0.49,0.39,-0.13,-0.15,-59.51,8.31,169.97,8.87,255,
11.69,-0.38,-0.88,0.22,0.84,0.07,0.49,0.38,-0.13,-0.14,-59.50,8.54,169.28,9.19,255,
11.81,-0.60,-0.76,-0.01,0.84,0.07,0.49,0.39,-0.13,-0.15,-59.54,8.43,170.48,9.19,255,
11.96,-0.34,-0.65,0.18,0.84,0.07,0.49,0.38,-0.13,-0.15,-59.37,8.36,169.70,9.19,255,
12.08,-0.55,-0.81,0.21,0.84,0.08,0.49,0.39,-0.13,-0.15,-59.69,8.77,169.98,9.50,255,
12.22,-0.52,-0.74,0.19,0.84,0.07,0.48,0.38,-0.13,-0.14,-59.78,8.19,169.35,9.50,255,
12.33,-0.34,-0.70,0.07,0.84,0.07,0.49,0.38,-0.13,-0.14,-59.67,8.14,170.05,9.50,255,
12.51,-0.56,-0.96,0.22,0.84,0.07,0.49,0.38,-0.13,-0.15,-59.28,8.21,170.47,9.82,255,
12.60,-0.51,-0.55,0.07,0.84,0.07,0.49,0.38,-0.13,-0.15,-59.48,8.25,170.15,9.82,255,
12.72,-0.34,-0.78,0.22,0.84,0.07,0.49,0.38,-0.13,-0.14,-59.56,8.64,170.02,9.82,255,
12.85,-0.50,-0.76,0.14,0.84,0.07,0.49,0.38,-0.14,-0.15,-59.59,8.32,169.12,9.82,255,
13.01,-0.28,-0.87,0.15,0.84,0.07,0.48,0.39,-0.13,-0.15,-59.74,8.43,169.53,9.82,255,
13.12,-0.57,-0.84,0.10,0.84,0.07,0.49,0.38,-0.13,-0.15,-59.38,8.22,170.00,9.82,255,
13.27,-0.49,-0.61,0.13,0.84,0.07,0.48,0.39,-0.13,-0.14,-59.79,8.80,169.79,9.82,255,
13.40,-0.48,-0.67,0.21,0.84,0.07,0.49,0.39,-0.13,-0.14,-59.62,8.37,169.59,9.82,255,
13.53,-0.41,-0.79,0.06,0.84,0.07,0.49,0.39,-0.13,-0.14,-59.45,8.37,169.67,9.82,255,
13.64,-0.40,-0.61,0.16,0.84,0.07,0.49,0.39,-0.13,-0.15,-59.56,8.08,169.64,9.82,255,
13.77,-0.56,-0.72,0.24,0.84,0.07,0.49,0.38,-0.12,-0.14,-59.64,8.38,170.53,9.82,255,
13.90,-0.47,-0.88,0.25,0.84,0.07,0.49,0.39,-0.13,-0.15,-59.65,8.43,169.93,9.82,255,
14.02,-0.59,-0.60,0.19,0.84,0.07,0.49,0.38,-0.13,-0.15,-59.54,8.22,170.40,9.50,255,
14.18,-0.46,-0.67,0.08,0.84,0.07,0.49,0.39,-0.13,-0.15,-59.41,8.18,170.40,9.50,255,
14.29,-0.68,-0.93,0.20,0.84,0.07,0.49,0.38,-0.13,-0.15,-59.52,8.49,169.57,9.50,255,
14.44,-0.48,-0.67,0.16,0.84,0.07,0.49,0.39,-0.13,-0.15,-59.66,8.33,170.18,9.50,255,
14.55,-0.49,-0.84,0.06,0.84,0.07,0.49,0.38,-0.13,-0.15,-59.45,8.29,169.73,9.50,255,
14.67,-0.63,-0.76,-0.03,0.84,0.07,0.49,0.39,-0.13,-0.15,-59.47,8.33,169.81,9.50,255,
14.82,-0.55,-0.79,0.04,0.84,0.07,0.49,0.39,-0.13,-0.15,-59.58,8.63,169.93,9.82,255,
14.98,-0.46,-0.61,0.17,0.84,0.07,0.49,0.39,-0.12,-0.14,-59.61,8.07,171.23,9.50,255,
15.07,-0.52,-0.87,0.24,0.84,0.07,0.49,0.39,-0.12,-0.15,-59.48,8.35,171.04,9.50,255,
15.20,-0.66,-0.72,0.16,0.84,0.07,0.49,0.39,-0.12,-0.14,-59.60,8.12,170.95,9.50,255,
15.35,-0.59,-0.60,0.19,0.84,0.07,0.49,0.39,-0.13,-0.15,-59.62,8.32,170.35,9.82,255,
15.46,-0.49,-1.05,0.10,0.84,0.07,0.48,0.39,-0.12,-0.14,-59.66,8.14,170.81,9.50,255,
15.61,-0.58,-0.73,0.13,0.84,0.07,0.48,0.38,-0.12,-0.15,-59.73,8.42,170.81,9.50,255,
15.73,-0.39,-0.93,0.02,0.84,0.07,0.49,0.39,-0.14,-0.14,-59.55,8.37,169.36,9.50,255,
15.85,-0.58,-0.78,0.14,0.84,0.07,0.49,0.39,-0.13,-0.14,-59.43,8.35,169.92,9.50,255,
15.99,-0.74,-0.84,0.17,0.84,0.07,0.49,0.39,-0.13,-0.15,-59.60,8.19,170.33,9.50,255,
16.11,-0.54,-0.83,0.15,0.84,0.07,0.48,0.39,-0.13,-0.14,-59.74,8.16,170.21,9.50,255,
16.26,-0.52,-0.67,0.27,0.84,0.07,0.49,0.39,-0.13,-0.14,-59.48,8.35,170.74,9.50,255,
16.38,-0.53,-0.62,0.23,0.84,0.07,0.49,0.39,-0.13,-0.14,-59.45,8.18,169.47,9.50,255,
16.52,-0.68,-0.70,0.14,0.84,0.07,0.49,0.39,-0.13,-0.14,-59.49,8.39,170.54,9.19,255,
16.65,-0.71,-0.67,0.19,0.84,0.07,0.49,0.39,-0.13,-0.14,-59.51,8.34,170.51,9.19,255,
16.76,-0.34,-0.74,0.02,0.84,0.07,0.49,0.39,-0.13,-0.14,-59.63,8.30,169.75,9.50,255,
16.89,-0.55,-0.63,0.10,0.84,0.07,0.49,0.39,-0.13,-0.14,-59.64,8.48,170.69,9.50,255,
17.04,-0.70,-0.79,0.14,0.84,0.07,0.49,0.39,-0.13,-0.15,-59.49,8.66,170.04,9.50,255,
17.17,-0.58,-0.84,0.14,0.84,0.07,0.49,0.39,-0.13,-0.15,-59.63,8.42,169.82,9.50,255,
17.30,-0.50,-0.84,0.10,0.84,0.07,0.49,0.38,-0.13,-0.14,-59.53,8.23,170.11,9.50,255,
17.41,-0.55,-0.70,0.16,0.84,0.07,0.49,0.38,-0.14,-0.15,-59.52,8.11,168.97,9.50,255,
17.56,-0.84,-0.81,0.13,0.84,0.07,0.49,0.38,-0.13,-0.14,-59.51,8.17,170.28,9.82,255,
17.70,-0.52,-0.72,0.11,0.84,0.07,0.49,0.39,-0.13,-0.15,-59.44,8.38,170.11,9.82,255,
17.82,-0.57,-0.84,0.13,0.84,0.07,0.49,0.39,-0.13,-0.14,-59.65,8.32,170.72,9.82,255,
17.94,-0.60,-0.84,0.01,0.84,0.07,0.49,0.39,-0.13,-0.14,-59.48,8.41,169.71,9.82,255,
18.08,-0.67,-0.99,0.10,0.84,0.07,0.49,0.39,-0.13,-0.14,-59.53,8.31,170.02,9.82,255,
18.20,-0.46,-0.70,0.14,0.84,0.07,0.49,0.39,-0.13,-0.14,-59.55,8.20,170.38,9.82,255,
18.34,-0.63,-0.70,0.17,0.84,0.07,0.49,0.39,-0.13,-0.14,-59.61,7.90,169.89,9.82,255,
18.45,-0.52,-0.74,-0.02,0.84,0.07,0.49,0.39,-0.13,-0.13,-59.30,8.51,170.46,9.82,255,
18.60,-0.56,-0.81,0.21,0.84,0.07,0.49,0.39,-0.13,-0.13,-59.59,8.19,170.27,9.82,255,
18.73,-0.65,-0.74,0.13,0.84,0.07,0.49,0.39,-0.12,-0.15,-59.60,8.47,170.88,9.82,255,
18.84,-0.73,-0.73,0.21,0.84,0.07,0.49,0.39,-0.14,-0.15,-59.53,8.25,169.39,9.82,255,
19.00,-0.65,-0.70,0.08,0.84,0.07,0.49,0.39,-0.13,-0.14,-59.59,8.15,170.67,9.82,255,
19.12,-0.41,-0.87,0.25,0.84,0.07,0.48,0.39,-0.13,-0.14,-59.89,8.61,170.72,9.82,255,
19.23,-0.43,-0.65,0.00,0.84,0.07,0.49,0.39,-0.13,-0.14,-59.70,8.34,170.15,9.82,255,
19.38,-0.42,-0.73,0.10,0.84,0.07,0.49,0.39,-0.14,-0.14,-59.38,8.44,169.62,9.82,255,
19.50,-0.52,-0.85,0.13,0.84,0.07,0.49,0.38,-0.13,-0.14,-59.56,8.25,169.82,9.82,255,
19.64,-0.55,-0.82,0.04,0.84,0.07,0.49,0.39,-0.13,-0.14,-59.64,8.37,170.60,9.82,255,
19.78,-0.50,-0.72,0.03,0.84,0.07,0.49,0.39,-0.12,-0.15,-59.39,8.60,170.73,9.82,255,
19.90,-0.76,-0.73,-0.11,0.84,0.07,0.49,0.39,-0.12,-0.14,-59.69,8.29,170.82,9.82,255,
20.02,-0.68,-0.88,0.02,0.84,0.07,0.49,0.39,-0.13,-0.14,-59.64,8.43,169.87,9.50,255,
20.15,-0.44,-0.68,0.10,0.84,0.07,0.49,0.38,-0.13,-0.14,-59.56,8.48,170.14,9.50,255,
20.29,-0.71,-0.64,0.12,0.84,0.07,0.49,0.39,-0.12,-0.14,-59.61,8.57,170.73,9.50,255,
20.41,-0.67,-0.87,0.21,0.84,0.07,0.49,0.38,-0.13,-0.14,-59.61,8.44,169.89,9.50,255,
20.56,-0.59,-0.67,0.10,0.84,0.07,0.48,0.39,-0.13,-0.15,-59.83,8.45,170.13,9.50,255,
20.67,-0.73,-0.61,-0.01,0.84,0.07,0.49,0.38,-0.13,-0.13,-59.51,8.61,170.35,9.50,255,
20.82,-0.46,-0.93,0.21,0.84,0.07,0.49,0.39,-0.13,-0.14,-59.70,8.08,170.26,9.50,255,
20.95,-0.61,-0.63,0.22,0.84,0.07,0.49,0.39,-0.13,-0.14,-59.60,8.53,170.64,9.82,255,
21.06,-0.48,-0.70,0.11,0.84,0.07,0.49,0.38,-0.12,-0.13,-59.73,8.09,170.94,9.82,255,
21.21,-0.67,-0.73,0.27,0.84,0.07,0.49,0.38,-0.13,-0.14,-59.66,8.38,169.33,9.82,255,
21.33,-0.62,-0.85,0.05,0.84,0.07,0.49,0.39,-0.14,-0.14,-59.58,8.40,169.14,9.82,255,
21.45,-0.54,-0.76,0.16,0.84,0.07,0.49,0.39,-0.13,-0.15,-59.46,8.44,170.02,9.50,255,
21.61,-0.57,-0.70,-0.03,0.84,0.07,0.49,0.40,-0.13,-0.15,-59.59,8.37,169.83,9.50,255,
21.73,-0.43,-0.73,0.25,0.84,0.07,0.49,0.39,-0.13,-0.14,-59.36,8.39,170.62,9.50,255,
21.84,-0.47,-0.87,0.10,0.84,0.07,0.49,0.39,-0.13,-0.14,-59.29,8.20,170.26,9.50,255,
21.97,-0.42,-0.74,0.22,0.84,0.07,0.49,0.38,-0.12,-0.14,-59.53,8.34,170.42,9.50,255,
22.13,-0.28,-0.57,0.06,0.84,0.07,0.49,0.39,-0.13,-0.15,-59.63,8.28,169.90,9.50,255,
22.26,-0.39,-0.58,0.13,0.84,0.07,0.49,0.39,-0.14,-0.14,-59.51,8.45,169.39,9.50,255,
22.39,-0.59,-0.78,0.12,0.84,0.07,0.49,0.39,-0.13,-0.14,-59.29,8.00,170.27,9.50,255,
22.52,-0.34,-0.75,0.08,0.84,0.07,0.49,0.39,-0.13,-0.14,-59.46,8.58,169.83,9.82,255,
22.65,-0.44,-0.87,0.15,0.84,0.07,0.49,0.39,-0.13,-0.15,-59.60,8.32,170.02,9.82,255,
22.78,-0.40,-0.56,0.17,0.84,0.07,0.49,0.39,-0.13,-0.14,-59.47,8.35,170.10,9.82,255,
22.89,-0.54,-0.62,0.19,0.84,0.07,0.49,0.39,-0.13,-0.15,-59.52,8.23,170.35,9.82,255,
23.01,-0.40,-0.73,0.07,0.84,0.07,0.49,0.39,-0.13,-0.14,-59.62,8.30,169.86,9.50,255,
23.17,-0.59,-0.73,0.05,0.84,0.07,0.49,0.39,-0.13,-0.14,-59.41,8.41,169.89,9.50,255,
23.28,-0.49,-0.89,0.20,0.84,0.07,0.49,0.39,-0.13,-0.14,-59.60,8.33,170.44,9.50,255,
23.40,-0.58,-0.73,0.20,0.84,0.07,0.49,0.39,-0.14,-0.14,-59.66,8.56,169.13,9.50,255,
23.56,-0.61,-0.68,0.16,0.84,0.07,0.49,0.39,-0.14,-0.14,-59.60,8.53,169.12,9.50,255,
23.67,-0.63,-0.75,0.17,0.84,0.07,0.49,0.39,-0.14,-0.14,-59.56,8.44,169.40,9.50,255,
23.81,-0.75,-0.73,0.14,0.84,0.07,0.49,0.39,-0.14,-0.14,-59.59,8.29,168.85,9.50,255,
23.94,-0.55,-0.79,0.08,0.84,0.07,0.49,0.39,-0.14,-0.14,-59.42,8.40,169.30,9.50,255,
24.06,-0.71,-0.78,0.01,0.84,0.07,0.49,0.39,-0.13,-0.13,-59.44,8.47,169.93,9.50,255,
24.21,-0.71,-0.83,0.23,0.84,0.07,0.49,0.38,-0.13,-0.14,-59.71,8.55,170.03,9.50,255,
24.33,-0.48,-0.84,0.13,0.84,0.07,0.49,0.39,-0.13,-0.13,-59.56,8.29,170.15,9.50,255,
24.46,-0.49,-0.69,0.01,0.84,0.07,0.49,0.39,-0.12,-0.14,-59.64,8.40,171.06,9.50,255,
24.57,-0.61,-0.81,0.04,0.84,0.07,0.49,0.39,-0.13,-0.14,-59.49,8.26,169.29,9.50,255,
24.73,-0.66,-0.95,0.07,0.84,0.07,0.48,0.39,-0.13,-0.14,-59.78,8.73,170.51,9.19,255,
24.86,-0.46,-0.68,0.14,0.84,0.07,0.49,0.39,-0.13,-0.14,-59.43,8.11,169.42,9.19,255,
24.98,-0.61,-0.72,0.10,0.84,0.07,0.49,0.38,-0.14,-0.14,-59.55,8.17,169.03,9.19,255,
25.10,-0.67,-0.71,-0.01,0.84,0.07,0.49,0.39,-0.13,-0.14,-59.27,8.38,169.95,9.19,255,
25.23,-0.65,-0.59,0.16,0.84,0.07,0.48,0.39,-0.13,-0.14,-59.74,8.31,169.48,9.19,255,
25.38,-0.43,-0.65,0.07,0.84,0.07,0.49,0.39,-0.13,-0.14,-59.68,8.19,170.43,9.19,255,
25.50,-0.31,-0.57,0.07,0.84,0.07,0.49,0.39,-0.13,-0.14,-59.57,8.46,169.94,9.19,255,
25.64,-0.60,-0.77,0.24,0.84,0.07,0.49,0.38,-0.13,-0.14,-59.60,8.54,169.96,9.19,255,
25.76,-0.52,-0.87,0.28,0.84,0.07,0.49,0.38,-0.13,-0.14,-59.59,8.37,169.91,9.19,255,
25.88,-0.58,-0.81,0.13,0.84,0.07,0.50,0.38,-0.13,-0.14,-58.96,8.29,169.72,9.19,255,
26.02,-0.70,-0.69,0.17,0.84,0.07,0.49,0.38,-0.13,-0.14,-59.62,8.48,170.01,9.19,255,
26.15,-0.64,-0.78,0.16,0.84,0.07,0.48,0.38,-0.13,-0.14,-59.72,8.61,169.92,9.19,255,
26.29,-0.47,-0.84,0.14,0.84,0.07,0.49,0.38,-0.13,-0.14,-59.71,8.34,169.98,9.19,255,
26.42,-0.55,-0.50,0.04,0.84,0.07,0.48,0.39,-0.13,-0.14,-59.70,8.39,170.33,9.19,255,
26.55,-0.51,-0.67,0.12,0.84,0.07,0.48,0.38,-0.13,-0.14,-59.68,8.44,170.05,9.19,255,
26.70,-0.73,-0.72,0.08,0.84,0.07,0.49,0.39,-0.13,-0.14,-59.52,8.36,169.92,8.87,255,
26.80,-0.64,-0.79,0.11,0.84,0.08,0.49,0.39,-0.13,-0.14,-59.36,8.74,170.69,8.87,255,
26.93,-0.62,-0.64,0.08,0.84,0.07,0.48,0.39,-0.13,-0.15,-59.76,8.62,169.68,9.19,255,
27.08,-0.43,-0.72,0.00,0.84,0.07,0.48,0.39,-0.13,-0.14,-59.81,8.33,169.95,9.19,255,
27.18,-0.64,-0.76,0.05,0.84,0.07,0.49,0.39,-0.13,-0.14,-59.57,8.30,170.03,9.82,255,
27.31,-0.40,-0.99,0.20,0.84,0.07,0.49,0.38,-0.13,-0.15,-59.50,8.56,169.08,10.14,255,
27.45,-0.60,-0.77,0.03,0.84,0.07,0.49,0.38,-0.13,-0.15,-59.67,8.37,169.48,10.77,255,
27.59,-0.59,-0.81,0.28,0.84,0.07,0.49,0.38,-0.13,-0.14,-59.31,8.22,170.15,12.04,255,
27.70,-0.49,-0.58,0.05,0.84,0.07,0.49,0.38,-0.13,-0.15,-59.59,8.47,169.92,14.26,255,
27.84,-0.66,-0.79,0.17,0.84,0.07,0.50,0.38,-0.13,-0.15,-58.99,8.12,169.86,12.99,255,
27.99,-0.55,-0.70,0.22,0.84,0.07,0.49,0.39,-0.12,-0.15,-59.63,8.36,170.88,12.36,255,
28.11,-0.76,-0.91,0.08,0.84,0.07,0.49,0.38,-0.14,-0.15,-59.68,8.53,168.55,11.41,255,
28.25,-0.38,-0.84,0.28,0.84,0.07,0.49,0.39,-0.13,-0.14,-59.22,8.40,170.10,10.77,255,
28.38,-0.81,-0.87,-0.02,0.84,0.07,0.49,0.39,-0.13,-0.14,-59.74,8.33,170.03,10.46,255,
28.50,-0.44,-0.72,0.22,0.84,0.07,0.49,0.39,-0.13,-0.14,-59.65,8.20,170.37,9.50,255,
28.64,-0.74,-0.64,0.21,0.84,0.07,0.49,0.39,-0.13,-0.14,-59.46,8.38,169.70,8.55,255,
28.76,-0.76,-0.79,0.12,0.84,0.07,0.48,0.39,-0.13,-0.14,-59.81,8.42,170.52,7.92,255,
28.87,-0.58,-0.83,0.12,0.84,0.07,0.49,0.39,-0.12,-0.14,-59.42,8.55,170.74,7.92,255,
29.03,-0.42,-0.70,0.22,0.84,0.07,0.49,0.39,-0.12,-0.13,-59.54,8.57,171.32,7.92,255,
29.13,-0.64,-0.90,0.18,0.84,0.07,0.49,0.38,-0.13,-0.14,-59.56,8.42,170.22,7.92,255,
29.31,-0.64,-0.81,0.22,0.84,0.07,0.49,0.38,-0.13,-0.13,-59.52,8.17,169.59,7.92,255,
29.39,-0.53,-0.74,0.16,0.84,0.07,0.49,0.39,-0.14,-0.14,-59.64,8.34,169.47,7.92,255,
29.53,-0.67,-0.84,0.22,0.84,0.07,0.49,0.39,-0.14,-0.14,-59.67,8.27,169.31,7.92,255,
29.68,-0.43,-0.82,0.06,0.84,0.07,0.49,0.39,-0.13,-0.14,-59.60,8.46,170.00,7.92,255,
29.80,-0.43,-0.52,0.17,0.84,0.07,0.49,0.39,-0.13,-0.13,-59.62,8.29,170.78,7.92,255,
29.91,-0.68,-0.84,0.17,0.84,0.07,0.47,0.39,-0.13,-0.13,-60.28,8.59,170.08,7.92,255,
30.07,-0.63,-1.01,0.16,0.84,0.07,0.48,0.39,-0.13,-0.13,-59.92,8.55,169.99,7.92,255,
30.20,-0.47,-0.67,0.31,0.84,0.07,0.49,0.39,-0.13,-0.14,-59.47,8.49,169.54,7.92,255,
30.30,-0.64,-0.39,0.16,0.84,0.08,0.49,0.39,-0.13,-0.14,-59.31,8.72,170.00,7.92,255,
30.44,-0.40,-1.07,0.11,0.84,0.07,0.49,0.39,-0.13,-0.13,-59.69,8.16,170.50,7.92,255,
30.57,-0.63,-1.00,0.15,0.84,0.07,0.49,0.39,-0.13,-0.14,-59.40,8.18,169.61,7.92,255,
30.70,-0.56,-0.64,0.10,0.84,0.07,0.49,0.39,-0.13,-0.14,-59.44,8.64,169.57,7.92,255,
30.84,-0.60,-0.61,0.25,0.84,0.07,0.49,0.39,-0.14,-0.15,-59.32,8.36,169.60,7.92,255,
30.96,-0.32,-0.73,0.30,0.84,0.07,0.49,0.39,-0.13,-0.14,-59.42,8.48,169.71,7.92,255,
31.10,-0.64,-0.67,0.07,0.84,0.07,0.49,0.39,-0.13,-0.14,-59.49,8.11,169.48,7.92,255,
31.22,-0.58,-0.69,0.10,0.84,0.07,0.49,0.39,-0.13,-0.14,-59.34,8.52,169.74,7.92,255,
31.35,-0.54,-0.79,-1.91,0.84,0.07,0.49,0.39,-0.13,-0.15,-59.60,8.58,170.01,7.92,255,
31.48,-0.52,-0.82,0.10,0.84,0.07,0.49,0.39,-0.13,-0.14,-59.42,8.38,169.83,7.92,255,
31.61,-0.68,-0.52,-0.10,0.84,0.07,0.49,0.38,-0.13,-0.14,-59.41,8.25,169.68,7.92,255,
31.74,-0.65,-1.28,0.23,0.83,0.08,0.49,0.39,-0.13,-0.14,-59.00,8.82,170.29,7.92,255,
31.88,-0.52,-0.67,0.25,0.84,0.07,0.50,0.39,-0.13,-0.14,-59.11,8.30,170.16,7.92,255,
32.00,-0.45,-0.60,0.12,0.84,0.07,0.49,0.39,-0.14,-0.15,-59.39,8.52,169.44,7.92,255,
32.16,-0.64,-0.76,0.10,0.84,0.07,0.49,0.39,-0.13,-0.14,-59.59,8.49,170.60,7.92,255,
32.27,-0.25,-0.62,0.12,0.84,0.07,0.49,0.39,-0.13,-0.14,-59.45,8.54,170.21,7.92,255,
32.47,-0.51,-0.77,0.16,0.84,0.07,0.49,0.39,-0.13,-0.14,-59.32,8.59,170.46,7.92,255,
32.58,-0.44,-0.90,-0.01,0.84,0.07,0.49,0.39,-0.14,-0.15,-59.50,8.58,169.35,7.92,255,
32.87,-0.63,-0.52,0.02,0.84,0.07,0.49,0.39,-0.13,-0.14,-59.80,8.38,170.23,7.92,255,
32.88,-0.73,-0.52,0.12,0.84,0.07,0.49,0.39,-0.14,-0.14,-59.73,8.59,169.37,7.92,255,
32.92,-0.66,-0.78,0.07,0.84,0.07,0.49,0.39,-0.13,-0.14,-59.55,8.70,169.60,7.92,255,
33.05,-0.75,-0.63,0.19,0.84,0.07,0.49,0.39,-0.13,-0.14,-59.50,8.18,169.61,9.82,255,
33.20,-0.58,-0.92,0.12,0.84,0.07,0.49,0.39,-0.13,-0.14,-59.34,8.44,169.56,10.14,255,
33.31,-0.70,-0.82,0.18,0.84,0.07,0.49,0.39,-0.14,-0.15,-59.68,8.10,169.04,10.14,255,
33.44,-0.91,-0.70,0.16,0.84,0.07,0.49,0.39,-0.14,-0.15,-59.50,8.34,169.32,9.82,255,
33.59,-0.58,-0.80,0.13,0.84,0.07,0.49,0.39,-0.14,-0.14,-59.61,8.71,169.00,9.82,255,
33.72,-0.66,-0.72,0.03,0.84,0.07,0.49,0.39,-0.13,-0.14,-59.57,8.26,170.00,13.31,255,
33.85,-0.79,-0.85,0.13,0.84,0.07,0.49,0.39,-0.13,-0.14,-59.30,8.25,169.62,14.89,255,
33.99,-0.55,-0.65,0.12,0.84,0.07,0.49,0.38,-0.13,-0.14,-59.41,8.27,170.09,13.94,255,
34.09,-0.49,-0.61,1.85,0.84,0.07,0.49,0.39,-0.13,-0.14,-59.68,8.35,169.87,11.72,255,
34.21,-0.64,-0.40,0.20,0.84,0.07,0.50,0.39,-0.13,-0.15,-59.20,7.96,170.60,9.50,255,
34.37,-0.54,-1.03,0.10,0.84,0.07,0.49,0.39,-0.13,-0.14,-59.47,8.36,169.58,9.50,255,
34.50,-0.67,-0.96,0.06,0.84,0.07,0.49,0.39,-0.13,-0.15,-59.55,8.57,170.12,9.50,255,
34.63,-0.67,-0.79,0.08,0.84,0.07,0.49,0.38,-0.13,-0.14,-59.62,8.20,170.40,9.19,255,
34.75,-0.70,-0.63,0.15,0.84,0.07,0.49,0.39,-0.13,-0.14,-59.50,8.35,169.63,8.87,255,
34.89,-0.67,-0.74,0.07,0.84,0.07,0.49,0.39,-0.13,-0.13,-59.41,8.20,170.13,8.55,255,
35.02,-0.43,-0.84,0.19,0.84,0.07,0.49,0.39,-0.13,-0.15,-59.57,8.41,169.99,8.24,255,
35.14,-0.58,-0.76,0.09,0.84,0.07,0.49,0.39,-0.13,-0.14,-59.49,8.48,170.49,8.55,255,
35.26,-0.53,-0.97,0.10,0.84,0.07,0.49,0.39,-0.13,-0.13,-59.67,8.26,170.29,8.55,255,
35.41,-0.58,-0.99,-0.09,0.84,0.07,0.49,0.38,-0.13,-0.13,-59.69,8.51,170.36,8.55,255,
35.54,-0.54,-0.70,0.22,0.84,0.07,0.49,0.39,-0.13,-0.14,-59.60,8.49,169.68,8.55,255,
35.65,-0.61,-0.78,0.22,0.84,0.07,0.48,0.39,-0.13,-0.13,-59.67,8.79,170.07,8.55,255,
35.78,-0.72,-0.62,0.12,0.84,0.07,0.48,0.38,-0.13,-0.14,-59.73,8.54,170.35,8.87,255,
35.91,-0.62,-0.63,0.16,0.84,0.07,0.49,0.39,-0.12,-0.14,-59.63,8.37,171.17,8.87,255,
36.04,-0.72,-0.74,0.17,0.84,0.07,0.49,0.39,-0.13,-0.14,-59.58,8.59,170.21,9.19,255,
36.19,-0.58,-0.73,0.19,0.84,0.07,0.49,0.38,-0.13,-0.14,-59.61,8.42,170.26,9.19,255,
36.31,-0.43,-0.80,0.19,0.84,0.07,0.49,0.39,-0.13,-0.14,-59.58,8.58,169.57,9.50,255,
36.45,-0.40,-0.73,-0.05,0.84,0.07,0.49,0.38,-0.13,-0.14,-59.36,8.33,170.08,9.50,255,
36.58,-0.42,-0.76,-0.04,0.84,0.07,0.49,0.38,-0.13,-0.13,-59.57,8.36,170.33,9.82,255,
36.70,-0.62,-0.70,0.22,0.84,0.07,0.49,0.38,-0.12,-0.13,-59.39,8.42,170.62,9.82,255,
36.82,-0.47,-0.71,0.12,0.84,0.07,0.49,0.38,-0.13,-0.14,-59.72,8.55,169.17,9.82,255,
36.97,-0.49,-0.70,0.12,0.84,0.07,0.49,0.39,-0.13,-0.13,-59.56,8.69,169.65,9.50,255,
37.09,-0.42,-0.78,0.06,0.84,0.07,0.49,0.39,-0.13,-0.14,-59.65,8.51,169.68,9.50,255,
37.21,-0.62,-0.76,0.07,0.84,0.07,0.49,0.39,-0.13,-0.14,-59.55,8.33,170.17,9.50,255,
37.33,-0.67,-0.91,0.01,0.84,0.07,0.49,0.38,-0.13,-0.15,-59.43,8.39,169.79,9.50,255,
37.49,-0.52,-0.70,0.10,0.84,0.07,0.49,0.39,-0.13,-0.15,-59.43,8.26,170.00,9.50,255,
37.59,-0.45,-0.78,0.25,0.84,0.07,0.49,0.39,-0.12,-0.14,-59.59,8.49,170.89,9.19,255,
37.74,-0.80,-0.83,0.00,0.84,0.07,0.48,0.38,-0.13,-0.14,-59.74,8.73,170.10,9.19,255,
37.87,-0.49,-0.75,-0.01,0.84,0.07,0.49,0.39,-0.13,-0.15,-59.47,8.40,170.38,9.19,255,
37.98,-0.48,-0.61,0.15,0.84,0.07,0.49,0.39,-0.13,-0.15,-59.59,8.28,169.86,8.87,255,
38.14,-0.61,-0.88,-0.02,0.84,0.07,0.49,0.39,-0.13,-0.14,-59.69,8.37,169.82,8.87,255,
38.25,-0.49,-0.76,0.15,0.84,0.07,0.49,0.38,-0.13,-0.14,-59.52,8.47,169.60,8.87,255,
38.40,-0.43,-0.56,0.13,0.84,0.07,0.49,0.39,-0.13,-0.13,-59.53,8.30,170.42,8.87,255,
38.54,-0.41,-0.58,0.16,0.84,0.07,0.49,0.39,-0.14,-0.14,-59.75,8.43,169.13,8.87,255,
38.66,-0.64,-0.87,0.10,0.84,0.07,0.49,0.39,-0.13,-0.14,-59.68,8.21,170.10,8.87,255,
38.78,-0.76,-0.71,0.21,0.84,0.07,0.49,0.39,-0.13,-0.14,-59.73,8.66,169.93,9.19,255,
38.92,-0.68,-0.90,0.07,0.84,0.07,0.48,0.39,-0.13,-0.14,-59.88,8.34,169.98,9.19,255,
39.03,-0.66,-0.87,0.00,0.84,0.07,0.49,0.39,-0.13,-0.13,-59.66,8.35,169.90,9.50,255,
39.18,-0.83,-0.73,-0.03,0.84,0.07,0.49,0.39,-0.13,-0.14,-59.71,8.45,170.81,9.50,255,
39.29,-0.64,-0.73,-0.03,0.84,0.07,0.49,0.39,-0.13,-0.13,-59.68,8.01,169.94,9.50,255,
39.44,-0.94,-0.90,0.17,0.84,0.07,0.49,0.39,-0.13,-0.14,-59.54,8.25,170.20,9.19,255,
39.57,-0.58,-0.74,0.16,0.84,0.07,0.49,0.39,-0.13,-0.14,-59.54,8.26,170.13,9.19,255,
39.71,-0.61,-0.64,0.04,0.84,0.07,0.49,0.39,-0.14,-0.14,-59.60,8.48,169.48,8.87,255,
39.83,-0.52,-0.78,0.19,0.84,0.07,0.49,0.39,-0.13,-0.13,-59.52,8.26,170.40,8.87,255,
39.94,-0.61,-0.70,0.18,0.84,0.07,0.48,0.38,-0.13,-0.14,-59.84,8.16,170.50,8.87,255,
