Time Stamp = 02/04/2016 13:20:15
Device Name = arduOTO
Sensor (Analog/Digital Pin) = Proximity (A0)
=======================================================
1, 13:20:15, 13, 19, 31, 40, 43, 28
2, 13:20:15, 204, 183, 169, 167, 194, 217
3, 13:20:15, 204, 183, 169, 167, 194, 217
4, 13:20:15, 204, 183, 169, 167, 194, 217
5, 13:20:15, 204, 183, 169, 167, 194, 217
6, 13:20:15, 204, 183, 169, 167, 194, 217
7, 13:20:15, 204, 183, 169, 167, 194, 217
8, 13:20:15, 204, 183, 169, 167, 194, 217
9, 13:20:15, 204, 183, 169, 167, 194, 217
10, 13:20:15, 204, 183, 169, 167, 194, 217
11, 13:20:15, 204, 183, 169, 167, 194, 217
12, 13:20:15, 204, 183, 169, 167, 194, 217
13, 13:20:15, 204, 183, 169, 167, 194, 217
14, 13:20:15, 27, 41, 156, 55, 40, 15
15, 13:20:15, 27, 41, 156, 55, 40, 15
16, 13:20:15, 91, 83, 100, 94, 83, 67
17, 13:20:15, 91, 83, 100, 94, 83, 67
18, 13:20:15, 201, 189, 172, 151, 134, 233
19, 13:20:15, 68, 79, 81, 70, 34, 26
20, 13:20:15, 68, 79, 81, 70, 34, 26
21, 13:20:15, 120, 117, 119, 134, 167, 205
22, 13:20:15, 120, 117, 119, 134, 167, 205
23, 13:20:15, 206, 207, 199, 191, 175, 152
24, 13:20:15, 206, 207, 199, 191, 175, 152
25, 13:20:15, 98, 105, 106, 97, 65, 24
26, 13:20:15, 22, 41, 54, 60, 43, 12
27, 13:20:15, 22, 41, 54, 60, 43, 12
28, 13:20:15, 66, 69, 48, 61, 64, 47
29, 13:20:15, 229, 214, 198, 189, 198, 213
30, 13:20:15, 229, 214, 198, 189, 198, 213
31, 13:20:15, 229, 214, 198, 189, 198, 213
32, 13:20:15, 129, 132, 127, 112, 75, 37
33, 13:20:15, 129, 132, 127, 112, 75, 37
34, 13:20:15, 11, 24, 37, 48, 45, 24
35, 13:20:15, 11, 24, 37, 48, 45, 24
36, 13:20:15, 11, 24, 37, 48, 45, 24
37, 13:20:15, 36, 38, 42, 48, 45, 24
38, 13:20:15, 219, 205, 191, 182, 195, 211
39, 13:20:15, 219, 205, 191, 182, 195, 211
40, 13:20:15, 202, 197, 188, 176, 172, 177
41, 13:20:15, 5, 16, 31, 39, 30, 10
42, 13:20:15, 5, 16, 31, 39, 30, 10
43, 13:20:15, 108, 100, 104, 119, 161, 192
44, 13:20:15, 108, 100, 104, 119, 161, 192
45, 13:20:15, 212, 188, 173, 168, 195, 217
46, 13:20:16, 214, 203, 189, 178, 180, 192
47, 13:20:16, 214, 203, 189, 178, 180, 192
48, 13:20:16, 31, 47, 57, 53, 133, 107
49, 13:20:16, 31, 47, 57, 53, 133, 107
50, 13:20:16, 22, 28, 35, 45, 52, 3
51, 13:20:16, 22, 28, 35, 45, 52, 3
52, 13:20:16, 22, 28, 35, 45, 52, 36
53, 13:20:16, 214, 202, 187, 178, 185, 197
54, 13:20:16, 214, 202, 187, 178, 185, 197
55, 13:20:16, 188, 184, 176, 178, 185, 197
56, 13:20:16, 11, 28, 42, 43, 19, 0
57, 13:20:16, 11, 28, 42, 43, 19, 0
58, 13:20:16, 34, 36, 44, 61, 88, 111
59, 13:20:16, 34, 36, 44, 61, 88, 111
60, 13:20:16, 214, 200, 185, 174, 185, 202
61, 13:20:16, 214, 200, 185, 174, 185, 202
62, 13:20:16, 191, 187, 178, 174, 185, 202
63, 13:20:16, 17, 34, 47, 47, 19, 0
64, 13:20:16, 17, 34, 47, 47, 19, 0
65, 13:20:16, 28, 31, 36, 44, 52, 51
66, 13:20:16, 28, 31, 36, 44, 52, 51
67, 13:20:16, 28, 31, 36, 44, 52, 51
68, 13:20:16, 210, 192, 179, 175, 192, 207
69, 13:20:16, 210, 192, 179, 175, 192, 207
70, 13:20:16, 196, 187, 177, 167, 168, 173
71, 13:20:16, 22, 42, 51, 48, 15, 0
72, 13:20:16, 22, 42, 51, 48, 15, 0
73, 13:20:16, 22, 42, 51, 48, 15, 0
74, 13:20:16, 85, 81, 84, 96, 133, 40
75, 13:20:16, 85, 81, 84, 96, 133, 171
76, 13:20:16, 206, 185, 170, 166, 191, 217
77, 13:20:16, 186, 183, 177, 168, 160, 145
78, 13:20:16, 186, 183, 177, 168, 160, 145
79, 13:20:16, 7, 23, 32, 34, 19, 0
80, 13:20:16, 7, 23, 32, 34, 19, 0
81, 13:20:16, 16, 23, 32, 34, 19, 0
82, 13:20:16, 38, 42, 52, 68, 99, 131
83, 13:20:16, 199, 178, 164, 165, 193, 218
84, 13:20:16, 199, 178, 164, 165, 193, 218
85, 13:20:16, 63, 71, 72, 61, 24, 165
86, 13:20:16, 63, 71, 72, 61, 24, 0
87, 13:20:16, 63, 71, 72, 61, 24, 0
88, 13:20:16, 12, 21, 32, 41, 37, 24
89, 13:20:16, 12, 21, 32, 41, 37, 24
90, 13:20:16, 182, 168, 158, 163, 198, 217
91, 13:20:16, 182, 168, 158, 163, 198, 217
92, 13:20:16, 192, 188, 179, 169, 167, 171
93, 13:20:16, 192, 188, 179, 169, 167, 171
94, 13:20:16, 192, 188, 179, 169, 167, 171
95, 13:20:16, 23, 39, 51, 48, 19, 0
96, 13:20:16, 11, 23, 34, 43, 19, 0
97, 13:20:16, 25, 28, 35, 44, 49, 41
98, 13:20:16, 25, 28, 35, 44, 49, 41
99, 13:20:16, 210, 194, 178, 171, 192, 209
100, 13:20:16, 210, 194, 178, 171, 192, 209
101, 13:20:16, 179, 178, 174, 165, 146, 118
102, 13:20:17, 179, 178, 174, 165, 146, 118
103, 13:20:17, 2, 15, 28, 50, 17, 0
104, 13:20:17, 19, 24, 28, 39, 44, 2
105, 13:20:17, 19, 24, 28, 39, 44, 2
106, 13:20:17, 19, 24, 28, 39, 44, 2
107, 13:20:17, 19, 24, 28, 39, 44, 2
108, 13:20:17, 19, 24, 28, 39, 44, 34
109, 13:20:17, 203, 185, 172, 167, 189, 212
110, 13:20:17, 53, 61, 62, 52, 18, 0
111, 13:20:17, 53, 61, 62, 52, 18, 0
112, 13:20:17, 3, 16, 30, 33, 15, 0
113, 13:20:17, 32, 32, 34, 45, 74, 97
114, 13:20:17, 32, 32, 34, 45, 74, 97
115, 13:20:17, 209, 172, 161, 160, 193, 215
116, 13:20:17, 188, 184, 176, 167, 164, 166
117, 13:20:17, 75, 81, 81, 67, 32, 1
118, 13:20:17, 75, 81, 81, 67, 32, 1
119, 13:20:17, 9, 19, 32, 40, 36, 21
120, 13:20:17, 9, 19, 32, 40, 36, 21
121, 13:20:17, 168, 155, 150, 159, 195, 217
122, 13:20:17, 168, 155, 150, 159, 195, 217
123, 13:20:17, 207, 191, 176, 170, 188, 205
124, 13:20:17, 115, 115, 108, 92, 57, 20
125, 13:20:17, 115, 115, 108, 92, 57, 20
126, 13:20:17, 6, 18, 32, 40, 30, 14
127, 13:20:17, 6, 18, 32, 40, 30, 14
128, 13:20:17, 21, 23, 28, 38, 46, 38
129, 13:20:17, 144, 132, 130, 142, 182, 207
130, 13:20:17, 205, 188, 174, 169, 188, 210
131, 13:20:17, 203, 194, 182, 171, 188, 210
132, 13:20:17, 203, 194, 182, 171, 173, 183
133, 13:20:17, 44, 55, 58, 51, 16, 158
134, 13:20:17, 44, 55, 58, 51, 16, 158
135, 13:20:17, 15, 25, 34, 40, 38, 28
136, 13:20:17, 15, 25, 34, 40, 38, 28
137, 13:20:17, 101, 102, 105, 120, 159, 187
138, 13:20:17, 199, 178, 165, 163, 187, 213
139, 13:20:17, 199, 178, 165, 163, 187, 213
140, 13:20:17, 185, 183, 177, 168, 164, 165
141, 13:20:17, 185, 183, 177, 168, 164, 165
142, 13:20:17, 7, 24, 34, 38, 17, 0
143, 13:20:17, 9, 16, 27, 37, 37, 22
144, 13:20:17, 9, 16, 27, 37, 37, 22
145, 13:20:17, 70, 71, 78, 93, 127, 155
146, 13:20:17, 182, 166, 155, 157, 187, 217
147, 13:20:17, 210, 195, 180, 168, 178, 194
148, 13:20:17, 193, 189, 180, 171, 167, 169
149, 13:20:17, 193, 189, 180, 171, 167, 169
150, 13:20:17, 3, 15, 30, 39, 17, 0
151, 13:20:17, 3, 15, 30, 39, 34, 17
152, 13:20:17, 3, 15, 30, 39, 34, 17
153, 13:20:17, 154, 143, 140, 150, 190, 212
154, 13:20:17, 208, 188, 175, 168, 188, 204
155, 13:20:17, 208, 188, 175, 168, 188, 204
156, 13:20:17, 134, 132, 126, 110, 78, 41
157, 13:20:17, 134, 132, 126, 110, 78, 41
158, 13:20:17, 5, 17, 31, 39, 30, 8
159, 13:20:18, 5, 17, 31, 39, 30, 8
160, 13:20:18, 5, 17, 31, 39, 30, 8
161, 13:20:18, 123, 118, 118, 129, 171, 198
162, 13:20:18, 123, 118, 118, 129, 171, 198
163, 13:20:18, 207, 194, 183, 171, 176, 186
164, 13:20:18, 207, 194, 183, 171, 176, 186
165, 13:20:18, 54, 68, 73, 67, 33, 0
166, 13:20:18, 54, 68, 73, 67, 33, 0
167, 13:20:18, 15, 21, 32, 42, 46, 30
168, 13:20:18, 15, 21, 32, 42, 46, 30
169, 13:20:18, 198, 180, 165, 162, 191, 220
170, 13:20:18, 198, 180, 165, 162, 191, 220
171, 13:20:18, 194, 189, 183, 173, 169, 171
172, 13:20:18, 194, 189, 183, 173, 169, 171
173, 13:20:18, 6, 23, 37, 41, 20, 0
174, 13:20:18, 8, 18, 29, 37, 35, 22
175, 13:20:18, 8, 18, 29, 37, 35, 22
176, 13:20:18, 49, 53, 61, 76, 107, 139
177, 13:20:18, 173, 153, 147, 150, 185, 220
178, 13:20:18, 214, 194, 179, 168, 185, 220
179, 13:20:18, 214, 194, 179, 168, 185, 220
180, 13:20:18, 122, 123, 116, 98, 63, 26
181, 13:20:18, 122, 123, 116, 98, 63, 26
182, 13:20:18, 3, 15, 31, 40, 35, 15
183, 13:20:18, 3, 15, 31, 40, 35, 15
184, 13:20:18, 210, 191, 175, 169, 181, 206
185, 13:20:18, 210, 191, 175, 169, 181, 206
186, 13:20:18, 210, 191, 175, 169, 181, 206
187, 13:20:18, 155, 151, 142, 126, 176, 182
188, 13:20:18, 44, 57, 61, 54, 27, 0
189, 13:20:18, 44, 57, 61, 54, 27, 0
190, 13:20:18, 14, 19, 29, 40, 45, 33
191, 13:20:18, 100, 96, 29, 40, 45, 33
192, 13:20:18, 100, 96, 29, 40, 45, 33
193, 13:20:18, 213, 200, 184, 171, 178, 189
194, 13:20:18, 213, 200, 184, 171, 178, 189
195, 13:20:18, 182, 181, 172, 156, 134, 106
196, 13:20:18, 182, 181, 172, 156, 134, 106
197, 13:20:18, 182, 181, 172, 156, 134, 106
198, 13:20:18, 64, 75, 79, 73, 39, 0
199, 13:20:18, 69, 67, 29, 38, 43, 29
200, 13:20:18, 69, 67, 73, 86, 123, 154
201, 13:20:18, 213, 196, 181, 171, 180, 198
202, 13:20:18, 213, 196, 181, 171, 180, 198
203, 13:20:18, 197, 192, 182, 171, 168, 172
204, 13:20:18, 107, 110, 105, 90, 54, 21
205, 13:20:18, 13, 30, 40, 42, 17, 0
206, 13:20:18, 33, 35, 45, 40, 34, 17
207, 13:20:18, 33, 35, 45, 40, 34, 17
208, 13:20:18, 215, 198, 181, 171, 184, 206
209, 13:20:18, 215, 198, 181, 171, 184, 206
210, 13:20:18, 204, 196, 187, 175, 173, 180
211, 13:20:18, 204, 196, 187, 175, 173, 180
212, 13:20:18, 5, 18, 30, 38, 31, 8
213, 13:20:18, 5, 18, 30, 38, 31, 8
214, 13:20:18, 26, 31, 38, 48, 56, 52
215, 13:20:19, 116, 113, 114, 128, 168, 197
216, 13:20:19, 116, 113, 114, 128, 168, 197
217, 13:20:19, 208, 198, 184, 175, 177, 186
218, 13:20:19, 208, 198, 184, 175, 177, 186
219, 13:20:19, 57, 71, 76, 69, 32, 83
220, 13:20:19, 57, 71, 76, 69, 32, 83
221, 13:20:19, 15, 20, 29, 39, 44, 31
222, 13:20:19, 82, 80, 83, 99, 138, 174
223, 13:20:19, 82, 80, 83, 99, 138, 174
224, 13:20:19, 213, 202, 189, 177, 180, 193
225, 13:20:19, 213, 202, 189, 177, 180, 193
226, 13:20:19, 87, 90, 89, 77, 46, 9
227, 13:20:19, 87, 90, 89, 77, 46, 9
228, 13:20:19, 6, 22, 35, 36, 21, 0
229, 13:20:19, 7, 17, 30, 38, 37, 23
230, 13:20:19, 7, 17, 30, 38, 37, 23
231, 13:20:19, 7, 17, 30, 38, 37, 23
232, 13:20:19, 169, 153, 145, 149, 185, 220
233, 13:20:19, 193, 189, 178, 167, 163, 167
234, 13:20:19, 193, 189, 178, 167, 163, 167
235, 13:20:19, 14, 33, 44, 43, 17, 0
236, 13:20:19, 6, 17, 30, 41, 36, 17
237, 13:20:19, 6, 17, 30, 41, 36, 17
238, 13:20:19, 141, 132, 130, 137, 169, 206
239, 13:20:19, 141, 132, 130, 137, 169, 206
240, 13:20:19, 208, 198, 185, 177, 175, 185
241, 13:20:19, 208, 198, 185, 177, 175, 185
242, 13:20:19, 208, 198, 185, 177, 175, 185
243, 13:20:19, 163, 159, 150, 135, 105, 70
244, 13:20:19, 25, 20, 33, 39, 26, 9
245, 13:20:19, 98, 95, 98, 115, 154, 188
246, 13:20:19, 98, 95, 98, 115, 154, 188
247, 13:20:19, 98, 95, 98, 115, 154, 188
248, 13:20:19, 213, 201, 187, 177, 180, 191
249, 13:20:19, 184, 183, 176, 161, 138, 112
250, 13:20:19, 184, 183, 176, 161, 138, 112
251, 13:20:19, 6, 20, 32, 43, 26, 0
252, 13:20:19, 6, 20, 32, 43, 26, 0
253, 13:20:19, 6, 20, 32, 43, 26, 0
254, 13:20:19, 6, 20, 32, 43, 26, 0
255, 13:20:19, 17, 24, 32, 43, 26, 0
256, 13:20:19, 17, 24, 33, 43, 50, 33
257, 13:20:19, 213, 200, 187, 177, 185, 219
258, 13:20:19, 109, 110, 107, 91, 55, 19
259, 13:20:19, 109, 110, 107, 91, 55, 19
260, 13:20:19, 109, 110, 107, 91, 55, 19
261, 13:20:19, 33, 34, 41, 58, 84, 105
262, 13:20:19, 194, 175, 163, 165, 197, 220
263, 13:20:19, 194, 175, 163, 165, 197, 220
264, 13:20:19, 195, 189, 181, 171, 167, 171
265, 13:20:19, 195, 189, 181, 171, 167, 171
266, 13:20:19, 18, 35, 47, 47, 18, 0
267, 13:20:19, 18, 35, 47, 47, 18, 0
268, 13:20:19, 3, 15, 28, 47, 18, 0
269, 13:20:19, 29, 31, 36, 45, 53, 49
270, 13:20:19, 29, 31, 36, 45, 53, 49
271, 13:20:19, 210, 187, 173, 168, 191, 214
272, 13:20:20, 203, 192, 181, 169, 168, 177
273, 13:20:20, 203, 192, 181, 169, 168, 177
274, 13:20:20, 28, 45, 53, 48, 17, 0
275, 13:20:20, 4, 18, 32, 39, 17, 0
276, 13:20:20, 4, 18, 32, 39, 17, 0
277, 13:20:20, 4, 18, 32, 39, 17, 0
278, 13:20:20, 206, 185, 170, 168, 194, 218
279, 13:20:20, 206, 185, 170, 168, 194, 218
280, 13:20:20, 212, 198, 186, 175, 182, 193
281, 13:20:20, 186, 185, 177, 175, 182, 193
282, 13:20:20, 186, 185, 177, 175, 182, 193
283, 13:20:20, 41, 52, 58, 48, 14, 0
284, 13:20:20, 7, 23, 32, 34, 14, 0
285, 13:20:20, 37, 38, 52, 66, 96, 128
286, 13:20:20, 37, 38, 52, 66, 96, 128
287, 13:20:20, 198, 175, 161, 161, 191, 217
288, 13:20:20, 213, 175, 161, 161, 191, 217
289, 13:20:20, 213, 199, 185, 175, 183, 199
290, 13:20:20, 12, 29, 43, 43, 19, 0
291, 13:20:20, 12, 29, 43, 43, 19, 0
292, 13:20:20, 29, 31, 37, 46, 59, 72
293, 13:20:20, 29, 31, 37, 46, 59, 72
294, 13:20:20, 182, 166, 159, 164, 200, 218
295, 13:20:20, 192, 187, 177, 169, 166, 172
296, 13:20:20, 192, 187, 177, 169, 166, 172
297, 13:20:20, 192, 187, 177, 169, 166, 172
298, 13:20:20, 24, 41, 52, 49, 19, 0
299, 13:20:20, 24, 41, 52, 49, 19, 0
300, 13:20:20, 24, 41, 52, 49, 19, 0
301, 13:20:20, 155, 147, 144, 156, 196, 217
302, 13:20:20, 155, 147, 144, 156, 196, 217
303, 13:20:20, 202, 194, 182, 173, 173, 179
304, 13:20:20, 202, 194, 182, 173, 173, 179
305, 13:20:20, 34, 48, 56, 50, 16, 119
306, 13:20:20, 34, 48, 56, 50, 16, 0
307, 13:20:20, 34, 48, 56, 50, 16, 0
308, 13:20:20, 22, 24, 30, 39, 43, 33
309, 13:20:20, 56, 59, 66, 81, 108, 138
310, 13:20:20, 199, 178, 165, 81, 108, 138
311, 13:20:20, 199, 178, 165, 81, 108, 138
312, 13:20:20, 206, 192, 177, 167, 173, 185
313, 13:20:20, 187, 184, 177, 168, 163, 162
314, 13:20:20, 58, 64, 64, 53, 17, 0
315, 13:20:20, 9, 21, 30, 41, 14, 0
316, 13:20:20, 9, 21, 30, 41, 14, 0
317, 13:20:20, 189, 173, 162, 165, 196, 217
318, 13:20:20, 189, 173, 162, 165, 196, 217
319, 13:20:20, 192, 187, 179, 168, 164, 169
320, 13:20:20, 192, 187, 179, 168, 164, 169
321, 13:20:20, 21, 36, 136, 121, 94, 59
322, 13:20:20, 21, 36, 136, 121, 94, 59
323, 13:20:20, 21, 36, 136, 121, 94, 59
324, 13:20:20, 25, 28, 35, 43, 51, 44
325, 13:20:20, 165, 153, 149, 160, 51, 44
326, 13:20:20, 165, 153, 149, 160, 51, 44
327, 13:20:20, 165, 153, 149, 160, 198, 219
328, 13:20:20, 177, 177, 171, 155, 129, 98
329, 13:20:21, 25, 41, 51, 48, 129, 98
330, 13:20:21, 25, 41, 51, 48, 129, 98
331, 13:20:21, 21, 26, 33, 44, 48, 38
332, 13:20:21, 21, 26, 33, 44, 48, 38
333, 13:20:21, 207, 189, 175, 170, 190, 210
334, 13:20:21, 207, 189, 175, 170, 190, 210
335, 13:20:21, 202, 193, 181, 171, 174, 183
336, 13:20:21, 202, 193, 181, 171, 174, 183
337, 13:20:21, 44, 55, 58, 51, 17, 0
338, 13:20:21, 1, 19, 30, 35, 17, 0
339, 13:20:21, 1, 19, 30, 35, 17, 0
340, 13:20:21, 35, 37, 47, 62, 90, 29
341, 13:20:21, 35, 37, 47, 62, 90, 121
342, 13:20:21, 35, 37, 47, 62, 90, 121
343, 13:20:21, 210, 195, 180, 170, 177, 188
344, 13:20:21, 210, 195, 180, 170, 177, 188
345, 13:20:21, 188, 185, 177, 166, 161, 163
346, 13:20:21, 188, 185, 177, 166, 161, 163
347, 13:20:21, 7, 23, 32, 35, 14, 0
348, 13:20:21, 28, 26, 31, 39, 48, 60
349, 13:20:21, 28, 26, 31, 39, 48, 60
350, 13:20:21, 210, 193, 178, 174, 188, 203
351, 13:20:21, 210, 193, 178, 174, 188, 203
352, 13:20:21, 100, 100, 95, 82, 47, 14
353, 13:20:21, 18, 34, 46, 42, 16, 0
354, 13:20:21, 18, 34, 46, 42, 16, 0
355, 13:20:21, 26, 24, 31, 39, 47, 44
356, 13:20:21, 26, 24, 31, 39, 47, 44
357, 13:20:21, 26, 24, 31, 39, 47, 44
358, 13:20:21, 202, 195, 182, 170, 171, 178
359, 13:20:21, 180, 179, 174, 167, 171, 178
360, 13:20:21, 180, 179, 174, 167, 171, 178
361, 13:20:21, 35, 45, 50, 45, 16, 0
362, 13:20:21, 35, 45, 50, 45, 16, 0
363, 13:20:21, 17, 24, 31, 40, 43, 33
364, 13:20:21, 17, 24, 31, 40, 43, 33
365, 13:20:21, 122, 117, 119, 130, 169, 196
366, 13:20:21, 203, 191, 179, 169, 174, 185
367, 13:20:21, 203, 191, 179, 169, 174, 185
368, 13:20:21, 203, 191, 179, 169, 174, 185
369, 13:20:21, 56, 64, 66, 56, 20, 0
370, 13:20:21, 6, 20, 31, 36, 16, 0
371, 13:20:21, 6, 20, 31, 36, 16, 0
372, 13:20:21, 193, 174, 161, 159, 187, 215
373, 13:20:21, 193, 174, 161, 159, 187, 215
374, 13:20:21, 190, 186, 178, 169, 166, 167
375, 13:20:21, 190, 186, 178, 169, 166, 167
376, 13:20:21, 81, 86, 85, 73, 37, 4
377, 13:20:21, 81, 86, 85, 73, 37, 4
378, 13:20:21, 7, 17, 28, 34, 34, 18
379, 13:20:21, 25, 27, 33, 34, 34, 18
380, 13:20:21, 25, 27, 33, 34, 34, 18
381, 13:20:21, 207, 190, 176, 169, 185, 201
382, 13:20:21, 196, 189, 179, 169, 170, 173
383, 13:20:21, 196, 189, 179, 169, 170, 173
384, 13:20:21, 23, 39, 49, 94, 60, 24
385, 13:20:21, 23, 39, 49, 94, 60, 24
386, 13:20:22, 3, 14, 28, 37, 31, 10
387, 13:20:22, 23, 27, 32, 38, 45, 38
388, 13:20:22, 23, 27, 32, 38, 45, 38
389, 13:20:22, 206, 187, 174, 169, 190, 211
390, 13:20:22, 206, 187, 174, 169, 190, 211
391, 13:20:22, 206, 187, 174, 169, 190, 211
392, 13:20:22, 43, 56, 61, 55, 26, 67
393, 13:20:22, 4, 18, 32, 37, 27, 3
394, 13:20:22, 4, 18, 32, 37, 27, 3
395, 13:20:22, 14, 18, 29, 38, 43, 31
396, 13:20:22, 201, 181, 167, 165, 191, 217
397, 13:20:22, 201, 181, 167, 165, 191, 217
398, 13:20:22, 211, 199, 182, 170, 176, 190
399, 13:20:22, 211, 199, 182, 170, 176, 190
400, 13:20:22, 7, 24, 37, 40, 18, 0
401, 13:20:22, 7, 24, 37, 40, 18, 0
402, 13:20:22, 7, 24, 37, 40, 18, 0
403, 13:20:22, 183, 166, 157, 159, 186, 218
404, 13:20:22, 183, 166, 157, 159, 186, 218
405, 13:20:22, 183, 166, 157, 159, 186, 218
406, 13:20:22, 106, 108, 103, 88, 52, 172
407, 13:20:22, 106, 108, 103, 88, 52, 172
408, 13:20:22, 106, 108, 103, 88, 52, 172
409, 13:20:22, 6, 18, 33, 41, 34, 0
410, 13:20:22, 6, 18, 33, 41, 34, 0
411, 13:20:22, 161, 145, 136, 141, 181, 216
412, 13:20:22, 161, 145, 136, 141, 181, 216
413, 13:20:22, 161, 145, 136, 141, 181, 216
414, 13:20:22, 203, 197, 186, 167, 181, 206
415, 13:20:22, 32, 48, 57, 55, 26, 0
416, 13:20:22, 3, 16, 30, 37, 31, 8
417, 13:20:22, 3, 16, 30, 37, 31, 8
418, 13:20:22, 18, 20, 30, 37, 31, 8
419, 13:20:22, 118, 113, 117, 130, 170, 197
420, 13:20:22, 118, 113, 117, 130, 170, 197
421, 13:20:22, 208, 198, 184, 174, 178, 186
