2017-01-30-19-53-17
0
ophthalmoscope
D
0.00,771.29,255,
0.00,-2.41,-1.38,-1.69,0.84,-0.28,0.39,0.36,0.14,-0.34,-60.11,-35.20,209.52,71.29,255,
0.01,-2.09,-1.47,-1.56,0.84,-0.28,0.39,0.36,0.13,-0.34,-60.10,-35.52,208.97,71.29,255,
0.02,-2.18,-1.44,-1.83,0.84,-0.28,0.39,0.36,0.14,-0.34,-60.20,-35.56,209.77,71.29,255,
0.03,-2.12,-1.54,-1.70,0.84,-0.28,0.39,0.36,0.14,-0.34,-60.30,-35.99,209.69,71.29,255,
0.03,-2.27,-1.52,-2.06,0.84,-0.28,0.38,0.36,0.14,-0.34,-60.64,-36.04,209.50,70.97,255,
0.04,-2.16,-1.36,-1.66,0.84,-0.28,0.39,0.36,0.14,-0.33,-60.42,-35.66,210.13,70.97,255,
0.05,-2.21,-1.58,-1.88,0.84,-0.28,0.39,0.35,0.14,-0.34,-60.30,-35.80,210.43,70.97,255,
0.06,-2.27,-1.31,-1.79,0.84,-0.28,0.39,0.36,0.15,-0.33,-60.48,-35.47,210.95,70.97,255,
0.07,-2.14,-1.60,-1.71,0.84,-0.28,0.39,0.35,0.14,-0.34,-60.32,-35.67,210.97,70.97,255,
0.08,-2.34,-1.47,-1.70,0.84,-0.28,0.39,0.36,0.14,-0.34,-60.35,-35.72,210.46,70.97,255,
0.09,-2.02,-1.45,-1.68,0.84,-0.28,0.39,0.35,0.14,-0.33,-60.37,-35.72,209.98,71.29,255,
0.19,-2.12,-1.50,-1.94,0.84,-0.28,0.38,0.36,0.14,-0.33,-60.47,-35.79,210.61,71.29,255,
0.32,-2.06,-1.43,-1.65,0.84,-0.28,0.39,0.35,0.14,-0.34,-60.46,-35.77,209.99,71.29,255,
0.46,-2.27,-1.43,-1.78,0.84,-0.27,0.39,0.35,0.14,-0.34,-60.66,-34.30,210.11,71.29,255,
0.59,-2.24,-1.45,-1.62,0.84,-0.28,0.39,0.36,0.14,-0.34,-60.26,-35.83,209.41,71.29,255,
0.74,-2.12,-1.52,-1.67,0.84,-0.28,0.39,0.36,0.14,-0.34,-60.37,-35.73,210.08,70.97,255,
0.87,-2.05,-1.36,-1.73,0.84,-0.28,0.38,0.35,0.14,-0.33,-60.48,-36.08,209.69,70.97,255,
1.00,-2.10,-1.38,-1.91,0.84,-0.28,0.39,0.35,0.14,-0.34,-60.50,-35.46,210.31,70.65,255,
1.13,-2.32,-1.38,-1.96,0.84,-0.28,0.38,0.35,0.14,-0.34,-60.54,-35.68,209.89,70.34,255,
1.24,-2.09,-1.52,-1.70,0.84,-0.28,0.39,0.36,0.14,-0.34,-60.25,-35.90,209.83,70.02,255,
1.37,-2.15,-1.60,-1.98,0.84,-0.28,0.39,0.35,0.14,-0.34,-60.37,-35.32,210.80,69.70,255,
1.49,-2.06,-1.59,-1.49,0.84,-0.28,0.39,0.36,0.14,-0.34,-60.20,-35.81,209.98,68.75,255,
1.63,-2.39,-1.32,-1.69,0.84,-0.28,0.39,0.35,0.14,-0.33,-60.26,-36.11,209.97,64.63,255,
1.75,-2.00,-1.52,-1.59,0.84,-0.28,0.39,0.35,0.14,-0.33,-60.35,-35.98,210.21,63.37,255,
1.89,-6.71,-9.40,-4.09,0.85,-0.27,0.40,0.35,0.13,-0.34,-60.28,-33.72,209.03,64.63,255,
2.01,-2.16,-1.66,-2.01,0.83,-0.28,0.40,0.35,0.13,-0.34,-59.82,-35.02,209.35,54.50,255,
2.15,-2.15,-1.40,-1.67,0.83,-0.28,0.40,0.36,0.14,-0.34,-59.86,-35.21,209.80,66.53,255,
2.30,-2.15,-1.76,-1.65,0.83,-0.28,0.40,0.35,0.14,-0.33,-59.81,-34.87,209.64,39.92,255,
2.41,-2.18,-1.42,-1.69,0.83,-0.28,0.39,0.35,0.14,-0.34,-59.97,-35.23,209.90,64.32,255,
2.54,-2.27,-1.49,-1.43,0.83,-0.28,0.39,0.35,0.14,-0.34,-59.96,-35.44,210.02,49.11,255,
2.69,-2.38,-1.46,-1.83,0.83,-0.28,0.39,0.35,0.14,-0.34,-60.05,-35.15,210.22,68.75,255,
2.80,-2.40,-1.70,-1.93,0.83,-0.28,0.40,0.35,0.13,-0.34,-59.69,-34.80,208.90,69.39,255,
2.92,-2.39,-1.42,-1.94,0.83,-0.29,0.39,0.34,0.14,-0.34,-59.59,-37.28,210.03,68.12,255,
3.08,-2.24,-1.64,-1.59,0.83,-0.28,0.40,0.35,0.13,-0.34,-59.76,-34.90,209.70,64.95,255,
3.20,-2.33,-1.47,-1.78,0.83,-0.28,0.39,0.35,0.14,-0.33,-59.90,-35.32,210.62,58.30,255,
3.31,-1.94,-1.45,-1.54,0.84,-0.28,0.40,0.36,0.14,-0.34,-59.94,-35.04,210.10,54.18,255,
3.46,-2.39,-1.46,-1.82,0.83,-0.28,0.39,0.35,0.14,-0.34,-59.94,-35.30,210.20,54.18,255,
3.57,-2.30,-1.74,-1.74,0.83,-0.28,0.40,0.35,0.13,-0.34,-59.85,-35.04,209.34,54.50,255,
3.72,-2.31,-1.49,-1.71,0.83,-0.28,0.39,0.35,0.14,-0.34,-59.95,-35.26,210.06,54.50,255,
3.85,-2.34,-1.48,-2.03,0.83,-0.28,0.40,0.35,0.13,-0.33,-59.58,-34.69,209.39,54.50,255,
3.99,-2.19,-1.61,-1.61,0.83,-0.28,0.40,0.35,0.14,-0.33,-59.54,-34.70,210.32,55.45,255,
4.10,-2.31,-1.48,-2.03,0.83,-0.28,0.40,0.35,0.14,-0.34,-59.47,-34.80,210.09,58.61,255,
4.22,-2.27,-1.60,-1.44,0.83,-0.28,0.40,0.35,0.14,-0.34,-59.54,-35.11,209.89,62.42,255,
4.37,-2.60,-1.45,-1.66,0.83,-0.28,0.40,0.35,0.14,-0.34,-59.57,-34.73,210.22,67.80,255,
4.48,-2.32,-1.53,-1.64,0.83,-0.28,0.41,0.35,0.14,-0.34,-59.44,-34.56,210.60,71.29,255,
4.63,-2.26,-1.67,-1.76,0.83,-0.28,0.40,0.35,0.13,-0.34,-59.43,-34.93,209.63,71.60,255,
4.76,-2.50,-1.63,-1.76,0.83,-0.28,0.40,0.35,0.14,-0.34,-59.47,-34.73,210.05,71.60,255,
4.87,-2.28,-1.34,-1.51,0.83,-0.28,0.40,0.35,0.14,-0.34,-59.48,-34.79,210.69,71.92,255,
5.01,-2.21,-1.68,-1.68,0.83,-0.28,0.40,0.35,0.14,-0.33,-59.42,-34.64,210.21,71.92,255,
5.14,-2.19,-1.42,-3.76,0.83,-0.27,0.40,0.35,0.14,-0.35,-59.96,-33.89,210.31,71.60,255,
5.26,-2.10,-1.45,-1.56,0.83,-0.28,0.40,0.35,0.14,-0.34,-59.70,-34.66,211.22,71.60,255,
5.40,-2.12,-1.47,-1.81,0.83,-0.28,0.40,0.35,0.14,-0.34,-59.50,-34.66,210.64,71.60,255,
5.54,-2.23,-1.49,-1.79,0.83,-0.27,0.40,0.35,0.14,-0.34,-59.85,-34.37,210.45,71.60,255,
5.69,-2.48,-1.38,-1.56,0.83,-0.28,0.38,0.35,0.14,-0.33,-60.40,-35.86,210.09,71.60,255,
5.80,-2.36,-1.59,-1.68,0.83,-0.28,0.40,0.35,0.13,-0.33,-59.50,-34.84,209.71,71.60,255,
5.95,-2.24,-1.45,-1.59,0.83,-0.28,0.40,0.35,0.14,-0.33,-59.71,-35.08,210.16,71.60,255,
6.07,-2.30,-1.44,-2.01,0.83,-0.28,0.40,0.35,0.13,-0.34,-59.47,-34.99,209.20,71.60,255,
6.20,-2.20,-1.56,-1.80,0.83,-0.28,0.40,0.35,0.13,-0.34,-59.44,-34.88,209.10,71.92,255,
6.30,-2.16,-1.28,-1.70,0.83,-0.28,0.40,0.35,0.14,-0.34,-59.55,-34.68,210.47,71.92,255,
6.46,-2.30,-1.45,-1.74,0.83,-0.28,0.40,0.35,0.14,-0.34,-59.54,-34.55,209.46,58.30,255,
6.57,-2.42,-1.60,-1.83,0.83,-0.28,0.40,0.35,0.13,-0.34,-59.47,-34.97,209.43,61.78,255,
6.72,-2.26,-1.32,-1.82,0.83,-0.28,0.40,0.35,0.14,-0.34,-59.56,-34.93,209.82,26.61,26,
6.84,-2.29,-1.00,-1.70,0.84,-0.29,0.43,0.35,0.14,-0.34,-58.59,-34.22,210.72,0.32,16,
6.98,-1.35,-3.18,-1.99,0.88,-0.27,0.44,0.35,0.13,-0.33,-59.68,-32.24,209.60,0.00,16,
7.10,-1.11,-0.61,-0.32,0.85,-0.26,0.40,0.35,0.14,-0.34,-60.78,-33.28,211.03,0.00,16,
7.22,11.40,1.62,-0.18,0.21,-0.45,0.40,0.35,0.16,-0.34,-18.97,-48.52,213.32,0.00,18,
7.37,1.25,-0.29,-4.51,0.65,-0.34,0.44,0.35,0.17,-0.33,-49.26,-37.57,214.25,0.00,16,
7.48,7.28,-2.50,-2.57,1.07,-0.75,-0.44,0.36,0.18,-0.33,-50.76,-120.51,214.61,0.00,16,
7.63,2.59,-12.16,-3.77,0.32,-0.29,0.42,0.36,0.18,-0.34,-32.00,-34.58,215.40,0.00,17,
7.75,-7.13,17.06,0.70,0.45,-0.07,0.05,0.37,0.18,-0.33,-78.83,-53.87,214.52,0.00,18,
7.87,6.95,-2.21,2.33,0.43,-0.26,-0.09,0.38,0.17,-0.33,-57.08,-109.25,212.57,0.00,16,
7.99,3.51,7.07,13.90,0.90,-0.51,0.04,0.38,0.17,-0.33,-60.28,-85.72,211.96,0.00,17,
8.14,-19.49,26.42,6.67,0.58,-0.35,0.59,0.32,0.16,-0.37,-40.18,-30.59,214.23,0.00,16,
8.25,-61.53,21.62,14.48,0.72,-0.27,0.77,0.34,0.10,-0.36,-41.47,-19.53,205.49,0.00,17,
8.40,-85.24,60.11,-3.07,0.79,-0.12,0.60,0.39,0.02,-0.30,-52.27,-11.48,191.86,0.00,17,
8.51,-101.59,17.52,19.16,0.79,0.12,0.43,0.42,-0.08,-0.21,-60.59,16.06,177.57,0.00,16,
8.67,-116.36,3.25,29.60,0.65,0.23,0.19,0.43,-0.13,-0.08,-65.30,49.65,171.49,0.00,18,
8.80,-84.39,-48.01,34.86,0.96,0.14,0.02,0.41,-0.16,0.00,-81.36,80.65,167.78,0.00,14,
8.93,-43.96,-71.55,18.30,0.84,0.44,0.27,0.42,-0.13,-0.00,-58.33,58.33,171.18,0.00,16,
9.05,-18.29,-27.66,5.25,0.77,0.52,0.36,0.40,-0.16,0.03,-50.53,54.82,167.14,0.00,22,
9.18,-13.61,38.56,-73.38,0.84,1.40,0.01,0.38,-0.17,0.07,-31.03,89.56,165.01,13.31,22,
9.32,13.99,2.98,-85.63,0.90,0.52,0.41,0.46,-0.07,0.05,-53.61,51.55,179.81,9.82,255,
9.42,5.20,22.52,-69.29,0.82,0.07,0.41,0.51,0.02,0.04,-63.31,10.28,191.04,8.87,255,
9.58,19.72,44.64,-19.90,0.85,-0.07,0.25,0.53,0.08,0.08,-72.78,-16.36,197.40,11.09,255,
9.68,-15.40,37.88,-35.37,0.91,-0.02,-0.02,0.51,0.10,0.15,-88.50,-138.23,199.64,15.84,255,
9.81,8.10,17.45,-29.17,0.97,-0.30,0.05,0.49,0.14,0.19,-72.77,-79.66,204.62,17.74,255,
9.96,-36.69,15.87,5.01,0.85,-0.26,-0.12,0.47,0.16,0.24,-71.15,-115.11,207.29,19.64,255,
10.09,-66.81,-23.52,52.78,0.82,-0.08,-0.51,0.45,0.17,0.26,-57.92,-170.59,209.49,19.96,255,
10.20,-49.46,-11.34,10.54,0.80,-0.29,0.15,0.47,0.18,0.25,-67.94,-63.25,209.50,18.38,255,
10.36,-11.83,17.31,115.80,1.00,0.01,-0.03,0.47,0.13,0.24,-88.37,159.78,204.25,11.72,255,
10.48,-100.08,-3.04,81.80,0.96,0.50,-0.16,0.46,0.10,0.24,-61.24,107.63,200.21,11.72,255,
10.62,-49.28,47.82,29.44,0.73,1.11,-0.22,0.44,0.03,0.27,-32.84,100.97,192.00,13.94,255,
10.74,22.48,199.15,86.99,0.57,0.58,-0.99,0.37,0.02,0.35,-26.29,149.67,191.88,11.09,255,
10.86,-40.12,29.22,103.50,0.36,0.49,-0.52,0.30,-0.01,0.39,-26.85,136.36,-172.59,10.77,255,
11.01,-94.32,64.73,55.00,0.26,0.38,-0.82,0.17,0.07,0.45,-16.05,155.15,211.38,6.65,255,
11.13,-8.95,87.84,46.10,-0.19,0.60,-0.92,0.04,0.18,0.49,9.77,146.93,267.45,6.02,255,
11.26,-52.44,104.50,-21.25,-0.17,0.29,-1.04,-0.07,0.27,0.46,9.00,164.65,294.00,17.11,255,
11.38,-83.02,188.97,-32.59,-0.51,0.25,-0.83,-0.20,0.34,0.36,30.48,163.55,308.50,10.77,255,
11.52,-28.79,96.44,-25.07,-0.88,-0.01,-0.58,-0.33,0.34,0.22,56.42,-179.50,322.32,8.87,255,
11.63,-26.89,68.91,-17.45,-1.09,0.10,-0.40,-0.37,0.34,0.11,69.32,166.06,326.04,14.57,255,
11.79,-16.31,44.96,-20.76,-1.10,-0.02,-0.39,-0.39,0.33,0.04,70.35,-176.70,328.32,19.96,106,
11.91,-17.44,28.75,-27.87,-1.06,0.01,-0.20,-0.40,0.32,0.01,79.38,176.27,329.91,22.81,108,
12.05,-20.66,37.13,-15.18,-1.05,0.09,-0.20,-0.40,0.31,-0.03,78.30,155.14,330.42,23.13,84,
12.17,-4.16,12.18,3.63,-1.01,0.03,-0.08,-0.40,0.30,-0.05,85.02,159.19,331.70,24.40,73,
12.29,-5.20,21.22,-0.93,-1.04,0.02,-0.08,-0.40,0.30,-0.07,85.34,166.67,330.97,25.03,87,
12.44,-1.79,-6.12,1.28,-0.98,0.09,-0.06,-0.39,0.32,-0.08,83.64,122.00,329.57,25.98,86,
12.55,0.88,5.29,0.02,-1.01,0.02,-0.06,-0.39,0.31,-0.09,86.65,159.31,329.74,25.66,87,
12.70,-23.64,5.25,6.46,-1.11,-0.00,-0.30,-0.38,0.32,-0.10,74.73,-179.14,328.65,28.20,96,
12.83,-14.74,3.46,5.96,-0.85,-0.43,0.22,-0.38,0.32,-0.11,60.62,-63.11,327.78,30.73,98,
12.95,2.60,7.42,-0.32,-0.99,-0.04,-0.00,-0.37,0.33,-0.11,87.49,-91.70,327.25,29.78,94,
13.10,-3.27,2.18,2.20,-1.01,-0.11,0.02,-0.37,0.35,-0.12,83.67,-81.58,325.54,29.78,95,
13.22,4.77,-3.53,-14.21,-1.00,-0.10,0.02,-0.37,0.34,-0.13,84.30,-80.19,325.98,28.51,92,
13.33,-2.19,-1.56,-0.99,-1.02,-0.01,0.00,-0.38,0.33,-0.12,89.64,-72.61,328.31,27.88,90,
13.46,1.02,-17.60,-27.68,-1.10,0.07,-0.06,-0.43,0.32,-0.11,85.20,128.09,331.51,27.25,89,
13.61,-2.24,-7.30,4.52,-0.98,-0.07,-0.03,-0.39,0.33,-0.09,85.25,-114.57,328.26,28.20,84,
13.72,10.04,4.16,-3.84,-1.01,0.04,-0.07,-0.41,0.33,-0.09,85.47,151.41,329.32,25.98,64,
13.85,12.64,11.15,-1.45,-1.03,0.01,-0.05,-0.40,0.34,-0.09,86.95,174.40,327.99,22.81,60,
14.01,-1.97,6.65,-1.89,-1.02,-0.02,0.03,-0.39,0.34,-0.11,87.77,-30.99,327.14,21.86,60,
14.15,-2.08,-4.52,-2.06,-1.02,-0.01,0.01,-0.39,0.34,-0.11,89.31,-40.97,327.51,21.86,58,
14.24,-2.47,-0.81,-1.64,-1.02,-0.02,0.02,-0.39,0.34,-0.11,88.56,-53.21,327.83,21.23,58,
14.40,-2.12,-1.89,-1.64,-1.01,-0.00,-0.01,-0.39,0.33,-0.10,89.57,-178.61,327.71,21.23,61,
14.51,-2.44,-1.42,-2.68,-1.02,-0.02,-0.01,-0.39,0.34,-0.11,89.01,-114.36,327.72,21.54,58,
14.63,-1.96,-1.97,-1.89,-1.02,-0.01,0.01,-0.39,0.33,-0.10,89.22,-49.81,327.90,22.18,58,
14.78,-2.30,-0.91,-1.50,-1.03,-0.02,0.02,-0.39,0.33,-0.10,88.59,-42.45,327.86,22.81,61,
14.90,-2.36,-1.66,-1.85,-1.02,-0.00,0.00,-0.39,0.34,-0.10,89.71,-44.53,328.05,22.81,59,
15.02,-2.21,-1.75,-1.68,-1.02,-0.01,0.01,-0.39,0.33,-0.11,89.30,-56.86,328.38,23.13,59,
15.17,-2.07,-1.47,-2.32,-1.02,-0.01,0.00,-0.39,0.33,-0.11,89.36,-70.78,328.19,23.13,58,
15.30,-2.22,-1.28,-2.31,-1.02,-0.01,0.00,-0.39,0.34,-0.09,89.60,-63.22,327.83,23.13,58,
15.43,-1.89,-1.21,-1.74,-1.02,-0.01,0.00,-0.40,0.34,-0.09,89.38,-88.40,327.65,23.45,58,
15.54,-1.92,-1.43,-1.99,-1.00,-0.01,-0.00,-0.40,0.34,-0.10,89.43,-105.90,327.89,23.76,59,
15.67,-2.19,-1.47,-2.26,-1.01,-0.02,0.00,-0.39,0.34,-0.10,89.12,-77.81,327.18,23.76,59,
15.80,-2.41,-1.26,-1.61,-1.02,-0.01,0.01,-0.39,0.35,-0.10,89.11,-70.45,326.83,24.08,59,
15.93,-2.19,-1.46,-2.49,-1.02,-0.01,0.01,-0.39,0.35,-0.10,88.92,-47.95,327.13,24.08,58,
16.06,-2.62,-2.21,-3.11,-1.02,-0.01,0.00,-0.39,0.35,-0.10,89.16,-85.04,326.82,24.08,59,
16.21,-2.45,-1.07,-2.57,-1.00,0.02,0.02,-0.39,0.34,-0.10,88.56,50.21,327.60,24.40,60,
16.33,-2.32,-0.83,-1.94,-1.02,-0.01,0.00,-0.39,0.34,-0.10,89.48,-83.53,327.59,24.71,59,
16.46,-2.27,-1.88,-1.58,-1.00,-0.01,-0.03,-0.39,0.33,-0.10,88.41,-156.88,327.87,25.03,58,
16.58,-2.27,-1.94,-1.91,-1.02,-0.00,0.00,-0.39,0.34,-0.11,89.74,-68.48,327.54,24.08,59,
16.71,-2.23,-1.05,-2.03,-1.01,-0.00,0.00,-0.39,0.34,-0.10,89.83,-9.27,327.88,23.45,60,
16.84,-1.98,-2.28,-1.31,-1.02,0.01,0.03,-0.40,0.34,-0.11,88.33,17.47,328.09,23.45,57,
16.97,-2.33,-1.13,-1.72,-1.01,-0.02,0.00,-0.40,0.34,-0.11,89.09,-81.90,327.67,23.45,57,
17.13,-2.15,-0.51,-1.64,-1.01,-0.02,0.02,-0.40,0.35,-0.11,88.27,-51.89,327.53,21.86,50,
17.23,8.66,-4.33,-3.72,-1.03,-0.02,0.02,-0.40,0.35,-0.08,88.57,-41.44,327.16,19.96,52,
17.38,15.04,-4.73,-0.50,-1.02,0.01,-0.02,-0.40,0.36,-0.07,88.74,155.53,326.45,19.33,55,
17.51,-1.61,-1.17,-2.36,-1.02,-0.00,-0.02,-0.41,0.37,-0.06,88.87,-176.86,326.15,19.01,52,
17.62,0.31,-1.91,-2.51,-1.02,0.01,-0.02,-0.41,0.37,-0.07,88.51,154.43,326.35,19.01,53,
17.77,1.01,-2.08,-2.01,-1.02,-0.01,-0.02,-0.41,0.37,-0.06,88.91,-156.83,326.00,19.01,54,
17.90,11.99,-1.46,-1.77,-1.02,-0.01,-0.02,-0.40,0.37,-0.05,88.62,-161.79,325.73,18.69,52,
18.01,7.34,-2.03,-2.53,-1.02,0.01,-0.02,-0.40,0.37,-0.05,88.86,164.46,325.79,18.38,54,
18.16,16.28,-2.24,-1.39,-1.02,-0.01,-0.02,-0.40,0.38,-0.05,88.67,-159.88,325.22,18.06,53,
18.27,0.77,-1.41,-2.15,-1.02,0.01,-0.02,-0.40,0.37,-0.05,88.82,164.38,325.97,18.06,54,
18.42,8.49,-0.76,-1.47,-1.02,-0.01,-0.02,-0.40,0.37,-0.05,88.92,-158.33,325.66,17.74,54,
18.54,9.80,-2.12,-1.67,-1.02,-0.01,-0.02,-0.40,0.38,-0.04,88.73,-155.10,324.86,17.74,58,
18.66,11.95,-1.38,-1.79,-1.01,-0.01,-0.02,-0.40,0.38,-0.04,88.90,-158.20,324.79,17.74,64,
18.79,1.01,-1.45,-2.09,-1.00,-0.01,-0.02,-0.40,0.39,-0.03,88.68,-149.63,324.40,17.74,67,
18.92,2.56,-1.55,-2.00,-1.02,-0.01,-0.02,-0.40,0.39,-0.03,88.85,-151.44,324.81,17.74,69,
19.05,9.53,-1.83,-1.42,-1.01,-0.01,-0.02,-0.40,0.39,-0.02,88.52,-146.42,323.83,18.06,73,
19.20,3.98,-1.09,-2.11,-1.01,-0.01,-0.02,-0.40,0.39,-0.01,88.61,-156.82,324.36,18.06,81,
19.33,0.93,-1.52,-2.23,-1.02,-0.01,-0.02,-0.40,0.40,-0.01,88.90,-159.86,323.62,18.06,81,
19.45,6.90,-1.08,-2.14,-1.02,-0.02,-0.03,-0.40,0.39,-0.01,88.29,-148.96,324.26,18.06,93,
19.58,7.51,-1.71,-1.35,-1.02,-0.01,-0.01,-0.40,0.40,-0.01,88.97,-138.40,323.44,18.06,96,
19.70,2.93,-1.32,-2.18,-1.02,-0.00,-0.02,-0.40,0.40,-0.00,88.77,-172.91,323.77,18.06,97,
19.85,12.19,-0.91,-1.72,-1.01,-0.01,-0.01,-0.40,0.40,-0.01,88.93,-139.48,323.87,18.06,97,
19.96,4.34,-2.00,-1.91,-1.02,-0.01,-0.02,-0.40,0.39,-0.00,88.68,-147.47,323.96,18.38,98,
20.09,-1.87,-1.20,-1.95,-1.01,-0.02,-0.02,-0.40,0.40,-0.00,88.42,-145.27,323.82,18.38,96,
20.24,-1.30,-1.22,-2.47,-1.02,-0.02,-0.02,-0.40,0.40,0.00,88.61,-141.52,323.64,18.38,99,
20.35,-2.04,-1.37,-2.36,-1.01,-0.01,-0.02,-0.41,0.40,0.00,88.86,-148.77,324.11,18.38,98,
20.50,-2.80,-1.97,-2.07,-1.02,-0.01,-0.02,-0.40,0.39,0.01,88.85,-155.88,323.96,18.38,100,
20.62,-0.76,0.33,1.11,-1.05,0.05,0.04,-0.40,0.39,0.00,86.26,53.05,324.23,18.69,100,
20.77,-1.81,0.34,-5.13,-1.03,-0.01,-0.03,-0.40,0.39,0.01,88.35,-155.55,323.96,18.38,98,
20.87,-1.54,-0.39,-0.17,-1.02,-0.03,-0.01,-0.40,0.40,0.01,88.21,-112.92,323.57,18.38,97,
21.00,10.31,-3.97,-1.24,-1.02,0.02,-0.02,-0.40,0.40,0.01,88.73,132.81,323.47,18.69,99,
21.13,4.05,-2.12,-1.73,-1.02,-0.01,-0.02,-0.40,0.40,0.02,88.84,-138.01,323.61,18.69,98,
21.28,0.16,-1.45,-2.24,-1.02,-0.01,-0.02,-0.40,0.41,0.01,88.84,-149.71,323.22,18.69,100,
21.40,-1.88,-0.69,-2.06,-1.02,-0.01,-0.02,-0.40,0.41,0.03,88.93,-153.19,323.17,18.69,98,
21.55,-2.33,-1.97,-2.83,-1.01,-0.01,-0.04,-0.40,0.40,0.02,87.96,-171.51,323.30,17.74,97,
21.67,-1.96,-0.79,-2.79,-1.04,-0.02,-0.02,-0.40,0.40,0.02,88.39,-127.20,323.28,16.79,99,
21.80,-2.45,-1.17,-2.46,-1.02,-0.02,-0.01,-0.40,0.40,0.02,88.58,-119.42,323.36,16.79,97,
21.91,-2.28,-1.43,-2.39,-1.02,-0.01,-0.01,-0.40,0.40,0.02,89.08,-139.10,323.85,15.84,100,
22.04,2.87,8.19,-0.69,-1.05,-0.00,-0.02,-0.40,0.40,0.02,89.02,-179.03,323.34,16.16,104,
22.19,8.75,-3.79,-2.60,-1.03,-0.01,-0.01,-0.40,0.40,0.03,89.29,-134.23,323.75,16.48,107,
22.32,14.35,-2.00,-0.79,-1.02,-0.03,-0.00,-0.39,0.40,0.03,88.51,-99.61,323.34,16.48,111,
22.46,19.02,-3.30,-2.01,-1.02,-0.02,-0.01,-0.39,0.40,0.04,88.59,-107.20,323.42,16.79,115,
22.58,7.95,-0.85,-2.03,-1.02,-0.01,-0.01,-0.40,0.40,0.04,89.04,-127.03,323.57,16.79,116,
22.71,2.18,-2.30,-2.42,-1.02,-0.02,-0.01,-0.40,0.40,0.05,88.99,-122.23,323.19,16.79,115,
22.84,41.50,-0.93,-1.66,-1.00,-0.03,-0.01,-0.40,0.40,0.06,88.33,-101.85,323.42,16.79,114,
22.98,8.69,-1.50,-2.53,-1.01,-0.02,-0.01,-0.40,0.40,0.06,88.54,-107.15,323.77,17.11,112,
23.10,24.47,-1.08,-2.35,-1.02,-0.04,-0.01,-0.40,0.40,0.07,87.83,-104.96,323.51,16.79,109,
23.24,-1.17,-1.26,-2.45,-1.01,-0.02,-0.01,-0.40,0.40,0.08,88.49,-111.75,323.43,17.11,110,
23.36,-2.36,-2.24,-2.05,-1.02,-0.02,-0.02,-0.40,0.39,0.07,88.12,-138.33,324.00,17.11,109,
23.47,-2.45,-0.30,-3.15,-1.01,-0.01,-0.01,-0.40,0.38,0.06,88.92,-133.06,324.62,17.11,111,
23.62,-2.18,-0.92,-2.49,-1.01,-0.03,0.00,-0.40,0.39,0.07,88.24,-89.21,324.38,17.11,110,
23.74,-1.99,-1.70,-2.18,-1.01,-0.01,-0.00,-0.40,0.39,0.08,89.61,-117.24,324.10,16.79,108,
23.87,-1.56,-0.82,-2.65,-1.02,-0.03,-0.01,-0.40,0.40,0.07,88.45,-104.13,324.11,16.79,104,
23.99,0.42,-2.53,-2.17,-1.01,-0.02,-0.02,-0.41,0.40,0.07,88.39,-135.00,324.51,17.11,102,
24.13,25.11,-1.20,-1.96,-1.01,0.08,-0.05,-0.41,0.39,0.08,84.58,118.43,324.59,17.11,100,
24.28,18.59,-0.44,-2.83,-1.02,0.00,-0.03,-0.40,0.39,0.09,88.33,178.00,324.35,17.43,100,
24.39,41.51,-0.39,-3.02,-1.04,-0.13,-0.04,-0.40,0.39,0.10,82.42,-105.23,324.92,17.43,98,
24.52,11.30,-2.57,-1.79,-1.02,-0.02,-0.01,-0.40,0.39,0.11,88.66,-122.15,324.62,17.74,98,
24.67,14.07,-2.10,-1.61,-1.00,-0.03,-0.01,-0.40,0.38,0.11,88.15,-103.70,325.12,17.74,100,
24.78,3.13,-1.56,-2.01,-1.02,-0.01,-0.01,-0.40,0.38,0.12,89.14,-130.78,325.12,17.74,98,
24.92,4.74,0.11,-2.53,-1.02,-0.01,-0.02,-0.40,0.38,0.12,88.60,-158.07,325.41,17.74,100,
25.04,-0.45,-0.73,-2.98,-1.01,-0.01,-0.01,-0.41,0.38,0.12,89.08,-117.91,325.76,17.74,103,
25.17,31.69,-1.50,-4.23,-1.04,-0.03,-0.02,-0.39,0.35,0.13,88.02,-131.62,326.79,17.43,102,
25.31,5.13,-1.82,-1.35,-1.02,-0.03,-0.03,-0.39,0.35,0.13,87.73,-138.60,327.27,17.74,105,
25.44,-3.01,-1.64,-3.10,-1.01,-0.02,0.01,-0.39,0.35,0.14,88.98,-68.49,327.40,17.74,102,
25.55,-2.30,-1.22,-2.58,-1.04,-0.01,-0.01,-0.39,0.34,0.14,89.08,-132.47,327.47,17.43,102,
25.69,-1.49,-4.26,-5.68,-1.04,-0.02,-0.01,-0.40,0.34,0.13,88.89,-131.69,327.82,17.74,100,
25.82,17.76,-6.17,-1.44,-1.02,-0.02,-0.03,-0.40,0.34,0.15,88.29,-148.45,328.22,17.74,102,
25.95,1.94,-0.28,-2.09,-1.01,-0.00,-0.01,-0.40,0.34,0.16,89.39,-158.50,328.12,17.43,87,
26.09,7.47,-4.70,-2.62,-1.04,-0.01,-0.03,-0.39,0.32,0.18,88.10,-158.44,328.86,16.48,81,
26.22,-2.03,-3.08,-1.83,-1.02,-0.01,-0.02,-0.40,0.31,0.17,88.57,-165.33,330.61,16.16,82,
26.35,-1.92,-0.61,-1.41,-1.02,-0.00,-0.02,-0.39,0.31,0.18,88.70,-171.55,330.33,15.52,80,
26.46,-2.32,1.01,-2.07,-1.02,-0.00,-0.03,-0.38,0.31,0.17,88.34,-174.42,329.73,15.21,80,
26.60,-2.21,-2.92,-1.82,-1.01,-0.00,-0.03,-0.39,0.30,0.16,88.24,-175.37,330.65,14.89,77,
26.74,8.50,-1.55,-2.36,-1.01,0.00,-0.03,-0.39,0.30,0.17,88.35,175.56,330.57,14.89,75,
26.85,10.41,-1.24,-1.82,-1.03,-0.03,-0.03,-0.39,0.29,0.18,87.86,-135.51,331.81,14.89,71,
27.00,33.56,-1.83,-1.91,-1.02,0.02,-0.02,-0.39,0.29,0.18,88.33,138.75,332.67,14.57,73,
27.12,17.53,-3.32,-1.76,-1.02,0.01,-0.02,-0.39,0.27,0.19,88.45,153.60,333.63,14.26,72,
27.26,14.55,-1.10,-1.26,-1.02,0.00,-0.03,-0.39,0.26,0.19,88.15,176.16,334.90,13.94,75,
27.38,6.92,-0.90,-1.16,-1.01,-0.00,-0.03,-0.39,0.25,0.19,88.06,-177.24,335.87,13.62,74,
27.50,19.63,-1.83,-0.50,-1.01,-0.00,-0.02,-0.39,0.24,0.20,88.71,-167.67,336.22,13.31,76,
27.65,1.79,-0.55,-1.35,-1.02,0.00,-0.02,-0.39,0.24,0.20,88.81,174.03,337.39,12.99,73,
27.76,-1.44,-0.56,-2.32,-1.00,0.01,-0.02,-0.39,0.24,0.20,88.80,158.88,337.48,12.99,73,
27.90,-1.84,-0.55,-2.65,-1.01,0.01,-0.02,-0.39,0.23,0.20,88.81,165.36,338.02,12.99,74,
28.05,8.41,-0.26,-2.30,-1.02,0.00,-0.01,-0.40,0.23,0.19,89.49,173.83,338.43,12.99,74,
28.15,-1.16,-1.76,-1.11,-1.01,0.00,-0.02,-0.40,0.23,0.19,88.60,179.86,338.52,12.99,74,
28.31,18.45,-1.56,-2.71,-1.02,-0.00,-0.02,-0.39,0.21,0.20,88.84,-175.07,340.05,12.99,75,
28.42,23.40,-0.06,-2.62,-1.02,0.01,-0.01,-0.39,0.20,0.18,89.13,131.97,341.75,12.99,73,
28.57,8.80,-0.03,-2.89,-1.01,0.02,-0.00,-0.39,0.19,0.19,88.93,99.55,342.54,12.99,74,
28.68,-2.68,-3.63,-1.64,-1.02,0.02,-0.02,-0.39,0.19,0.19,88.33,130.56,342.39,12.99,74,
28.83,-2.03,-1.10,-2.05,-1.01,0.02,-0.01,-0.39,0.19,0.19,88.85,105.50,342.84,13.62,73,
28.95,-1.83,0.18,0.03,-0.97,0.02,-0.03,-0.40,0.19,0.19,88.23,147.67,342.72,14.26,76,
29.07,49.39,-1.38,-1.67,-1.02,-0.02,0.01,-0.40,0.20,0.18,88.62,-67.19,342.35,15.52,74,
29.20,29.32,1.02,-2.10,-1.03,-0.02,-0.00,-0.40,0.18,0.18,89.03,-90.81,344.35,15.84,74,
29.33,-2.00,0.52,-4.96,-0.97,0.04,-0.08,-0.40,0.18,0.18,84.64,156.67,344.66,15.52,74,
29.48,75.16,7.94,-13.62,-0.96,-0.02,0.02,-0.40,0.18,0.18,88.30,-50.12,344.37,16.16,75,
29.61,71.77,-1.55,-1.87,-1.00,-0.06,0.05,-0.40,0.16,0.17,85.33,-51.51,346.86,19.01,75,
29.72,27.42,-1.28,-2.50,-1.04,-0.02,0.02,-0.40,0.14,0.17,88.48,-41.60,349.27,20.91,73,
29.85,-2.47,-2.48,-2.68,-1.01,0.01,-0.00,-0.40,0.13,0.17,89.48,91.15,350.02,22.81,73,
29.97,-2.21,-2.62,-3.65,-1.01,0.02,0.01,-0.40,0.14,0.16,88.73,71.91,349.12,26.61,74,
30.13,-2.53,-1.81,-3.54,-1.02,-0.01,-0.00,-0.40,0.14,0.17,89.60,-130.18,349.38,27.56,75,
30.26,-2.56,-0.66,-2.79,-1.02,0.01,-0.00,-0.40,0.13,0.17,89.46,113.15,350.82,27.88,74,
30.37,-1.85,-2.52,-1.63,-1.00,0.04,0.03,-0.40,0.13,0.17,87.20,53.87,350.43,27.25,75,
30.52,-1.65,0.98,-3.81,-1.02,0.03,0.01,-0.40,0.13,0.17,88.40,74.05,350.52,27.25,76,
30.63,-0.19,-0.01,-4.25,-1.02,0.01,0.03,-0.41,0.14,0.16,88.22,11.93,349.67,27.56,74,
30.76,16.80,-2.28,-3.44,-1.03,0.03,-0.01,-0.41,0.12,0.15,88.03,106.00,351.62,29.47,74,
30.90,42.06,-4.39,-2.47,-1.02,0.05,0.00,-0.41,0.12,0.15,87.33,87.05,352.16,30.73,73,
31.04,-2.58,0.53,-3.09,-1.02,0.02,0.01,-0.40,0.11,0.14,88.56,56.73,353.08,30.73,73,
31.15,-2.42,-1.79,-2.56,-1.01,0.04,0.00,-0.40,0.11,0.15,87.80,86.31,353.27,29.47,77,
31.29,-2.14,-1.33,-1.77,-1.01,0.03,0.01,-0.40,0.11,0.15,88.18,66.33,352.74,32.32,74,
31.43,-2.06,-1.71,-1.81,-1.02,0.02,0.01,-0.41,0.11,0.15,88.93,59.54,352.85,35.80,73,
31.53,-2.23,-1.73,-2.88,-1.02,0.01,0.02,-0.41,0.12,0.16,88.75,33.25,352.22,36.44,74,
31.69,-2.20,-2.25,-2.42,-1.01,-0.00,0.01,-0.41,0.12,0.15,89.23,-2.58,352.16,36.12,73,
31.80,-2.01,-2.49,-2.14,-1.01,0.01,0.02,-0.40,0.12,0.15,88.77,27.14,352.12,36.75,74,
31.95,7.66,-4.32,-2.73,-1.03,0.01,0.00,-0.40,0.10,0.14,89.24,86.92,355.01,37.39,74,
32.06,13.20,-0.40,-2.26,-1.01,0.01,0.01,-0.40,0.09,0.12,89.11,27.66,356.12,37.70,74,
32.20,29.46,-2.56,-2.82,-1.01,0.02,0.01,-0.40,0.08,0.12,89.01,62.09,357.57,38.02,79,
32.31,31.98,-2.25,-3.22,-1.02,0.01,0.01,-0.40,0.07,0.12,89.14,38.20,358.42,37.70,84,
32.47,17.29,-2.51,-3.45,-1.02,0.03,0.01,-0.40,0.07,0.10,88.42,70.38,358.72,37.39,95,
32.57,14.40,-0.63,-2.52,-1.02,0.03,0.01,-0.40,0.06,0.10,88.31,72.38,359.44,36.75,101,
32.73,17.41,-2.23,-3.01,-1.01,0.02,0.01,-0.39,0.06,0.08,88.76,69.35,0.29,35.80,102,
32.83,21.15,-2.41,-3.59,-1.00,0.01,0.02,-0.39,0.05,0.07,88.91,17.05,1.25,33.27,105,
32.97,2.29,-1.18,-2.62,-1.02,0.02,0.01,-0.39,0.05,0.08,88.61,70.90,1.07,30.73,103,
33.11,5.11,-1.59,-3.42,-1.01,0.03,0.01,-0.39,0.05,0.06,88.06,67.57,1.91,30.10,104,
33.24,9.14,-1.97,-1.91,-1.01,0.03,0.02,-0.39,0.04,0.05,87.97,62.61,2.14,30.10,103,
33.38,48.83,-2.17,-5.38,-0.98,0.02,0.03,-0.40,0.05,0.05,88.17,30.26,0.92,29.47,102,
33.48,11.02,-1.48,-0.80,-1.01,0.01,0.01,-0.40,0.05,0.03,89.29,31.92,1.61,28.83,100,
33.61,3.12,-0.49,-2.42,-1.03,0.02,0.02,-0.40,0.06,0.03,88.30,40.22,0.37,29.47,97,
33.77,16.63,-2.33,-2.90,-1.01,0.02,0.05,-0.40,0.06,0.01,87.24,21.47,0.32,28.83,95,
33.90,29.68,-3.02,-3.96,-1.02,0.00,0.02,-0.39,0.05,-0.01,89.10,11.87,1.04,28.51,96,
34.01,13.66,-3.05,-1.97,-1.02,0.05,0.03,-0.40,0.06,-0.01,86.99,60.60,0.43,28.20,96,
34.13,44.92,-2.71,-3.99,-1.03,-0.01,0.02,-0.40,0.06,-0.03,88.62,-31.47,0.46,27.56,95,
34.28,0.28,-0.63,-2.35,-1.03,0.03,0.03,-0.39,0.06,-0.04,87.97,43.78,0.42,27.56,97,
34.40,-2.62,-5.94,-2.18,-1.04,0.01,-0.02,-0.39,0.06,-0.04,88.67,146.23,0.02,28.20,95,
34.52,-1.89,-1.14,-1.70,-1.01,0.04,-0.02,-0.39,0.06,-0.04,87.64,118.59,0.40,28.20,95,
34.67,10.09,-2.17,-3.37,-1.03,0.00,0.03,-0.39,0.06,-0.05,88.39,4.38,0.56,27.88,93,
34.80,12.53,0.28,-2.18,-1.01,0.01,0.03,-0.40,0.06,-0.05,88.06,13.79,359.85,27.56,96,
34.93,26.70,-0.61,-1.70,-1.00,0.04,0.02,-0.39,0.06,-0.07,87.49,66.80,359.56,26.93,98,
35.06,13.70,-2.56,-2.36,-1.01,0.01,0.04,-0.40,0.06,-0.08,87.61,18.23,359.95,26.93,96,
35.19,22.71,-2.59,-4.26,-1.01,0.04,0.03,-0.39,0.07,-0.10,87.26,54.62,358.81,27.25,97,
35.30,20.77,-1.20,-4.95,-1.03,0.02,0.06,-0.39,0.08,-0.11,86.57,23.66,357.45,27.25,100,
35.45,7.48,-1.34,-3.15,-1.02,0.02,0.05,-0.39,0.08,-0.12,87.13,24.94,356.62,26.93,101,
35.56,-1.41,-1.05,-2.00,-1.01,0.02,0.05,-0.39,0.10,-0.11,87.24,19.66,354.80,26.93,102,
35.69,-2.08,-3.25,-3.04,-1.03,0.03,0.04,-0.39,0.10,-0.11,87.13,31.83,353.90,26.93,102,
35.83,-2.23,-1.53,-2.18,-1.01,0.02,0.06,-0.38,0.09,-0.11,86.46,13.94,354.81,26.93,100,
35.97,-2.10,-1.05,-2.74,-1.00,0.04,0.04,-0.39,0.09,-0.11,86.88,40.78,355.52,27.25,101,
36.10,-2.12,-1.71,-2.91,-1.03,-0.00,0.02,-0.39,0.09,-0.12,88.86,-0.86,354.85,27.25,101,
36.21,-1.63,-1.81,-1.90,-1.02,0.03,0.04,-0.40,0.10,-0.11,87.04,32.51,353.78,27.25,104,
36.34,-1.74,-1.82,-3.58,-1.02,0.01,0.05,-0.39,0.10,-0.13,87.21,13.54,353.84,27.25,105,
36.48,26.91,-1.12,-2.98,-1.01,0.04,0.04,-0.39,0.11,-0.13,86.71,46.65,353.10,27.25,105,
36.60,18.09,-1.45,-4.49,-1.02,-0.01,0.04,-0.39,0.12,-0.14,87.67,-20.59,351.40,27.25,105,
36.74,4.04,-0.75,-3.43,-1.02,0.04,0.05,-0.39,0.13,-0.15,86.46,35.25,350.35,26.93,104,
36.88,-1.62,-1.61,-1.98,-1.01,0.02,0.05,-0.40,0.13,-0.15,86.63,23.47,350.24,26.93,106,
36.99,16.25,0.47,-3.96,-1.01,-0.01,0.04,-0.39,0.13,-0.16,87.53,-8.62,349.29,26.93,105,
37.12,-2.55,-3.10,-1.12,-1.01,0.01,0.06,-0.39,0.14,-0.16,86.68,12.50,348.82,27.25,106,
37.25,-2.18,-1.51,-2.54,-1.00,0.03,0.03,-0.38,0.14,-0.15,87.50,42.27,348.84,26.93,105,
37.38,-2.23,-1.91,-3.99,-1.00,0.03,0.04,-0.38,0.14,-0.15,87.23,35.02,347.85,26.93,105,
37.51,34.24,-0.38,-2.31,-1.00,0.01,0.02,-0.38,0.15,-0.16,88.61,15.37,346.63,27.56,113,
37.64,50.77,-1.86,-3.60,-1.03,0.20,0.03,-0.38,0.15,-0.17,78.82,80.76,346.72,28.51,123,
37.77,11.39,-1.97,-2.59,-1.01,0.02,0.05,-0.38,0.17,-0.17,86.72,19.89,344.69,29.15,127,
37.90,204.40,-8.13,0.50,-0.93,-0.04,-0.01,-0.37,0.19,-0.17,87.45,-98.12,342.20,30.10,126,
38.03,-2.15,-2.12,-2.84,-1.03,0.01,0.01,-0.38,0.20,-0.18,88.99,51.52,340.21,30.10,127,
38.18,-2.32,-2.47,-1.22,-1.02,-0.01,0.05,-0.38,0.20,-0.17,87.18,-11.76,341.53,30.42,128,
38.32,6.93,-3.51,-2.89,-1.03,0.02,0.06,-0.39,0.21,-0.18,86.55,23.14,340.45,30.73,130,
38.42,17.20,0.79,-4.76,-1.03,-0.00,0.06,-0.38,0.22,-0.17,86.81,-0.06,338.65,30.42,127,
38.55,39.52,-2.64,-1.93,-0.97,-0.00,0.03,-0.39,0.23,-0.18,88.30,-5.22,337.47,30.42,127,
38.68,39.09,-1.29,-3.27,-0.99,0.02,0.05,-0.38,0.26,-0.17,86.76,23.55,334.52,30.10,127,
38.81,61.33,-3.98,-3.81,-1.02,-0.09,0.13,-0.38,0.29,-0.16,81.15,-36.30,331.38,28.83,112,
38.94,26.95,-6.09,-2.63,-1.01,-0.01,0.07,-0.38,0.31,-0.15,86.11,-9.91,329.42,27.25,103,
39.07,39.69,-7.43,-2.74,-1.02,-0.02,0.04,-0.38,0.33,-0.13,87.43,-29.17,327.09,25.66,81,
39.21,44.77,-2.05,-2.55,-1.02,-0.04,0.03,-0.38,0.34,-0.11,86.98,-56.13,327.10,23.13,64,
39.34,1.47,2.50,-3.21,-1.01,-0.02,0.05,-0.39,0.35,-0.11,86.93,-19.44,326.90,22.18,63,
39.46,-2.58,0.11,-2.76,-1.01,-0.00,0.05,-0.38,0.34,-0.11,87.29,-5.86,326.80,23.13,63,
39.59,-2.18,2.97,-2.87,-1.04,-0.03,0.06,-0.38,0.34,-0.11,86.21,-24.50,326.41,23.76,58,
39.76,40.16,-9.14,-2.27,-1.01,-0.03,0.01,-0.39,0.35,-0.10,88.13,-71.73,326.91,21.23,52,
39.85,15.81,-0.48,-0.49,-1.01,-0.03,0.04,-0.39,0.37,-0.09,87.54,-36.47,325.10,19.64,51,
39.98,-2.79,-1.11,-1.93,-1.02,-0.04,0.02,-0.38,0.37,-0.09,87.40,-69.56,324.50,19.64,53,
40.13,-2.32,-0.60,-3.37,-0.98,-0.02,0.02,-0.39,0.37,-0.09,88.71,-45.00,324.98,19.64,53,
40.24,-2.15,-0.63,-1.35,-1.02,-0.01,0.03,-0.39,0.36,-0.08,88.12,-10.74,325.44,19.01,53,
40.37,42.68,-2.33,-3.60,-1.02,-0.02,0.03,-0.38,0.38,-0.08,87.79,-33.17,323.90,17.74,54,
40.52,29.63,-3.10,-3.08,-1.01,-0.04,0.05,-0.39,0.38,-0.07,86.47,-42.70,323.86,17.11,59,
40.64,41.14,-6.94,-1.57,-1.02,-0.03,0.02,-0.39,0.39,-0.04,88.16,-58.50,323.24,17.43,83,
40.76,18.18,-1.42,-1.06,-1.01,-0.04,0.00,-0.39,0.41,-0.02,87.53,-84.89,322.63,17.74,93,
40.90,2.98,-1.38,-2.80,-1.02,-0.02,0.01,-0.40,0.41,-0.02,88.71,-64.87,323.27,17.74,97,
41.02,24.49,-0.87,-1.59,-1.01,-0.01,0.00,-0.40,0.41,0.00,89.16,-84.59,322.42,17.74,100,
41.16,21.25,-0.42,-2.14,-1.02,-0.06,-0.00,-0.39,0.42,0.00,86.67,-90.53,321.78,17.74,99,
41.28,19.41,-1.36,-2.32,-1.02,-0.04,-0.01,-0.40,0.42,0.01,87.86,-97.65,322.45,17.74,99,
41.42,16.77,-0.81,-1.64,-1.01,-0.05,-0.01,-0.40,0.42,0.02,87.10,-99.68,322.23,17.43,104,
41.57,20.52,-1.24,-1.29,-1.00,-0.07,-0.01,-0.40,0.42,0.03,85.91,-98.61,322.42,16.79,109,
41.69,2.19,-0.57,-1.49,-1.02,-0.05,0.00,-0.39,0.42,0.04,87.08,-86.97,321.66,16.79,115,
41.80,-0.73,-0.94,-3.00,-1.03,-0.05,0.01,-0.39,0.42,0.05,87.13,-78.98,322.13,16.48,116,
41.96,12.43,-0.34,-2.42,-1.03,-0.04,0.00,-0.40,0.42,0.06,87.64,-86.10,322.35,16.16,116,
42.08,10.05,1.41,-2.21,-1.02,-0.04,0.01,-0.40,0.41,0.07,87.61,-82.01,322.59,15.52,111,
42.19,-2.35,-1.13,-2.40,-1.01,-0.05,0.02,-0.39,0.41,0.06,86.92,-66.59,322.25,15.52,113,
42.34,-2.62,-1.09,-2.91,-1.03,-0.07,0.03,-0.40,0.41,0.07,85.80,-68.46,322.87,15.84,110,
42.46,-2.30,-1.05,-2.50,-1.02,-0.05,-0.02,-0.40,0.41,0.06,86.64,-114.02,322.60,15.84,109,
42.58,-2.74,-1.05,-0.60,-1.02,-0.06,-0.01,-0.39,0.41,0.07,86.78,-98.81,322.50,16.16,111,
42.72,-2.47,-1.75,-2.93,-1.02,-0.03,-0.02,-0.40,0.40,0.10,87.93,-116.27,322.99,16.48,111,
42.84,-1.94,-1.03,-1.19,-1.00,-0.06,0.02,-0.39,0.41,0.07,86.22,-68.98,322.06,16.16,110,
42.99,-0.78,-3.01,-1.93,-1.02,-0.05,-0.01,-0.41,0.42,0.08,87.28,-97.83,322.41,15.84,101,
43.11,59.02,-2.24,-2.84,-1.04,-0.01,0.01,-0.41,0.42,0.09,88.96,-49.16,322.51,16.16,97,
43.23,27.10,-4.53,-3.19,-1.03,-0.03,-0.06,-0.40,0.40,0.12,86.13,-152.83,323.65,17.11,98,
43.36,24.85,-0.84,0.97,-0.98,-0.05,-0.06,-0.39,0.37,0.15,85.55,-139.48,325.60,17.43,96,
43.54,-2.35,-1.88,-2.47,-1.01,-0.02,-0.03,-0.40,0.37,0.15,87.74,-141.38,325.83,17.43,96,
43.62,-2.04,-1.59,-0.87,-0.98,-0.00,0.03,-0.39,0.36,0.15,88.28,-8.00,325.59,18.06,97,
43.77,-2.31,1.50,-2.77,-1.01,-0.05,-0.01,-0.40,0.36,0.15,87.19,-100.88,326.51,17.43,96,
43.89,54.05,-2.74,1.05,-1.12,0.98,-0.13,-0.40,0.37,0.15,48.65,97.83,326.13,17.11,89,
44.03,43.88,-1.24,-1.55,-1.00,-0.07,-0.06,-0.39,0.34,0.16,84.80,-127.42,327.54,16.16,72,
44.15,73.52,-1.25,-1.84,-1.02,-0.13,-0.06,-0.39,0.31,0.18,81.87,-116.35,330.50,14.26,72,
44.27,26.59,-1.05,-1.21,-1.05,0.16,-0.13,-0.39,0.28,0.20,78.84,129.79,333.12,13.31,72,
44.43,-2.76,-1.59,-2.36,-1.02,-0.02,-0.05,-0.38,0.27,0.20,87.06,-161.96,332.94,13.31,72,
44.55,-2.58,-1.94,-2.35,-1.02,-0.02,-0.04,-0.37,0.27,0.20,87.43,-149.21,332.99,13.62,74,
44.66,-2.70,-2.12,-2.27,-1.02,-0.03,-0.04,-0.37,0.26,0.20,86.91,-143.69,333.92,13.62,72,
44.80,-2.15,-1.27,-1.82,-1.02,-0.01,-0.05,-0.37,0.26,0.20,87.40,-167.64,333.65,13.62,72,
44.92,-3.30,-3.13,-1.83,-1.00,-0.02,-0.05,-0.37,0.25,0.21,86.61,-155.80,333.87,13.62,71,
45.05,-3.48,-3.23,-5.74,-1.02,0.02,-0.10,-0.37,0.25,0.21,84.60,169.06,334.45,13.31,73,
45.18,-1.44,39.54,0.64,-1.02,-0.07,-0.00,-0.38,0.25,0.18,86.06,-93.94,334.50,12.99,74,
45.32,-4.43,-18.16,-9.41,-1.02,0.05,0.01,-0.38,0.24,0.18,87.13,79.93,335.58,13.62,72,
45.45,-3.07,-7.56,1.53,-1.04,0.01,-0.11,-0.37,0.25,0.20,83.75,174.02,334.53,8.24,78,
45.58,1.82,51.49,-0.24,-1.01,-0.04,-0.05,-0.38,0.25,0.18,86.46,-142.80,334.69,6.02,76,
45.70,-11.50,-75.86,-11.54,-0.99,0.05,-0.08,-0.38,0.25,0.18,84.65,148.04,335.66,6.65,77,
45.86,0.61,45.56,4.74,-1.16,-0.04,-0.09,-0.37,0.25,0.20,85.25,-154.31,335.19,6.65,78,
45.98,-4.70,-16.67,-14.00,-1.00,0.05,0.07,-0.38,0.24,0.18,85.00,38.75,336.03,6.97,75,
46.09,-0.70,13.37,0.76,-1.00,-0.05,0.03,-0.38,0.24,0.19,86.49,-56.55,336.19,7.29,68,
46.24,-4.04,6.08,3.84,-1.04,0.08,-0.24,-0.35,0.23,0.24,76.15,162.86,334.98,6.65,78,
46.35,-1.11,9.30,-12.18,-0.95,0.02,0.17,-0.38,0.24,0.18,79.80,8.38,335.72,5.70,78,
46.50,-7.35,-57.83,21.56,-0.56,0.58,-0.78,-0.38,0.25,0.15,29.86,143.39,335.34,4.12,255,
46.62,4.93,11.65,-23.21,-1.00,0.19,0.19,-0.36,0.24,0.22,75.00,45.92,335.21,3.80,255,
46.74,-67.22,-39.19,-67.74,-1.00,0.08,-0.02,-0.35,0.18,0.23,85.30,104.08,341.94,2.53,255,
46.87,-104.25,-85.26,-15.48,-1.01,0.25,-0.23,-0.31,0.18,0.31,71.39,131.76,338.55,4.12,84,
47.03,-50.60,-115.37,-151.16,-0.89,0.12,-0.49,-0.23,0.17,0.38,60.44,166.35,331.40,6.02,35,
47.13,-70.98,-103.08,-26.15,-0.46,0.37,-0.81,-0.11,0.19,0.47,26.97,155.44,308.91,22.18,74,
47.28,-245.00,-185.88,-57.35,-0.19,-2.00,-1.17,0.06,0.41,0.43,4.78,-120.25,270.76,27.88,74,
47.39,-105.23,-212.63,75.46,0.26,-0.55,-0.68,0.27,0.54,0.23,-16.85,-140.88,251.64,5.39,255,
47.54,-51.48,-63.25,56.88,0.63,-0.51,-0.58,0.40,0.51,0.05,-39.05,-138.93,240.25,5.70,255,
47.65,-39.61,-119.52,36.49,0.58,-0.53,-0.10,0.45,0.46,-0.08,-46.77,-100.12,234.29,7.60,255,
47.79,-43.85,-51.90,46.08,0.79,-0.31,0.09,0.46,0.39,-0.17,-68.05,-74.43,228.54,9.82,255,
47.94,-74.33,48.71,73.25,1.14,-0.08,-0.04,0.47,0.31,-0.21,-85.51,-116.98,221.90,13.94,255,
48.06,-149.71,-7.09,52.17,0.90,-0.03,0.18,0.49,0.22,-0.21,-78.36,-10.60,212.95,26.93,255,
48.20,-114.63,15.36,14.82,0.93,-0.11,0.11,0.50,0.17,-0.19,-80.69,-44.00,207.18,32.95,255,
48.32,-183.95,13.26,34.92,0.89,0.05,-0.31,0.51,0.08,-0.14,-70.81,170.14,196.94,22.50,255,
48.44,-151.30,-18.53,-4.19,0.89,0.12,-0.25,0.50,-0.01,-0.09,-72.48,153.77,-172.02,10.14,255,
48.57,-106.66,-71.33,2.56,0.88,0.32,-0.14,0.49,-0.05,-0.07,-68.16,114.15,-176.87,8.24,255,
48.72,-31.57,-103.88,-29.76,1.15,-0.13,0.11,0.47,-0.05,-0.15,-81.66,-49.66,-177.53,97.58,255,
48.84,-24.82,-93.04,13.53,0.88,0.04,0.25,0.41,-0.08,-0.22,-73.97,8.58,177.64,133.70,255,
48.96,69.86,-122.87,73.35,0.62,0.06,0.88,0.30,-0.09,-0.33,-35.28,3.96,171.08,86.50,255,
49.09,-7.22,-47.67,95.17,0.38,0.29,0.79,0.19,-0.12,-0.38,-24.46,20.20,156.50,42.77,255,
49.24,24.45,-1.18,62.27,0.35,-0.07,0.77,0.12,-0.10,-0.42,-24.34,-5.55,148.43,13.94,255,
49.36,39.01,10.68,19.31,0.31,-0.00,0.90,0.06,-0.08,-0.46,-19.32,-0.12,136.41,7.29,255,
49.48,27.17,-4.16,14.52,0.27,0.33,0.91,0.02,-0.06,-0.51,-15.86,20.04,119.65,8.55,255,
49.63,21.14,-6.74,11.63,0.27,0.27,0.93,0.01,-0.03,-0.53,-15.62,16.47,111.76,8.55,255,
49.75,-2.83,-22.19,11.85,0.15,0.29,1.02,-0.03,-0.00,-0.54,-8.21,15.96,19.33,8.24,255,
49.87,-15.08,-33.09,14.57,0.09,0.29,0.92,-0.05,-0.00,-0.56,-5.04,17.67,12.02,7.60,255,
50.00,-5.00,2.13,12.61,0.13,0.18,0.92,-0.06,-0.00,-0.56,-7.90,11.26,11.73,7.60,255,
50.15,1.42,-12.55,-1.56,0.19,0.23,1.09,-0.07,0.01,-0.57,-9.56,12.10,358.72,7.60,255,
50.28,15.69,-11.54,-8.26,0.11,0.19,0.96,-0.08,0.04,-0.57,-6.68,10.97,343.48,7.60,255,
50.41,-3.97,-19.69,-5.00,0.07,0.16,0.96,-0.10,0.05,-0.57,-3.90,9.65,341.47,7.60,84,
50.52,-7.22,-13.46,0.99,0.03,0.15,0.93,-0.12,0.05,-0.55,-1.66,9.37,346.10,7.29,84,
50.66,5.75,-12.66,-11.82,1.15,0.21,0.60,-0.10,0.06,-0.55,-61.28,19.31,337.67,7.29,78,
50.80,1.82,-6.64,16.51,-0.11,0.29,1.08,-0.11,0.07,-0.56,5.54,15.03,337.70,6.97,77,
50.92,-3.68,-0.86,1.85,-0.00,0.16,0.98,-0.13,0.06,-0.55,0.02,9.04,343.70,6.97,79,
51.07,-2.42,-1.32,2.31,0.02,0.17,0.96,-0.13,0.07,-0.55,-1.35,10.09,339.75,6.97,76,
51.18,-1.26,-2.71,-3.07,0.04,0.15,0.95,-0.13,0.06,-0.55,-2.25,9.19,341.91,6.97,76,
51.33,23.04,-6.23,-5.29,0.04,0.09,0.99,-0.11,0.08,-0.56,-2.22,5.31,333.18,6.97,79,
51.45,8.58,-0.65,-2.42,0.02,0.10,0.98,-0.12,0.09,-0.57,-1.31,6.06,331.32,7.29,79,
51.58,0.57,7.50,2.06,0.02,0.08,0.98,-0.11,0.10,-0.57,-1.11,4.54,327.20,7.60,77,
51.94,-3.39,3.19,2.63,0.04,0.09,0.98,-0.10,0.10,-0.58,-2.27,5.10,323.25,7.92,78,
52.09,-29.60,-4.96,4.44,0.03,0.15,0.91,-0.11,0.09,-0.58,-1.59,9.66,329.38,7.60,80,
52.09,-16.57,-7.13,7.81,-0.05,0.14,0.94,-0.12,0.07,-0.57,3.07,8.65,338.14,7.60,76,
52.13,5.34,9.84,7.89,0.20,0.14,0.93,-0.12,0.08,-0.57,-11.97,8.59,334.07,7.92,76,
52.20,21.77,-6.15,-14.34,0.03,0.12,0.95,-0.11,0.10,-0.58,-2.02,7.36,325.77,10.14,77,
52.35,28.79,-12.27,-7.63,0.03,-0.03,0.97,-0.12,0.16,-0.58,-1.72,-1.52,314.50,55.13,73,
52.47,-1.50,-4.50,-1.27,0.00,-0.07,0.97,-0.12,0.19,-0.57,-0.05,-4.34,311.02,67.80,73,
52.62,69.18,1.59,-9.87,0.03,-0.15,1.00,-0.13,0.24,-0.56,-1.71,-8.52,306.99,80.79,80,
52.74,100.67,0.11,-5.88,0.00,-0.37,0.92,-0.13,0.35,-0.55,-0.22,-22.09,298.82,59.25,79,
52.85,31.70,-0.28,-2.31,0.03,-0.47,0.82,-0.13,0.45,-0.51,-1.53,-30.01,294.37,11.09,89,
53.00,53.26,-0.90,4.80,0.02,-0.60,0.70,-0.13,0.54,-0.46,-1.38,-40.49,292.26,7.92,96,
53.12,16.80,2.03,-10.34,0.07,-0.78,0.57,-0.13,0.65,-0.36,-4.07,-53.80,289.92,7.29,98,
53.24,-7.54,-7.91,2.54,0.03,-0.77,0.58,-0.13,0.65,-0.36,-1.79,-53.15,289.96,7.29,98,
53.39,-6.91,-7.50,3.13,0.08,-0.81,0.54,-0.13,0.65,-0.36,-4.62,-56.32,290.08,7.29,109,
53.50,131.21,2.96,-0.26,0.13,-0.89,0.34,-0.14,0.72,-0.27,-7.82,-69.10,289.23,6.97,109,
53.63,88.82,1.83,-1.14,0.06,-0.99,-0.05,-0.13,0.80,-0.06,-3.19,-92.65,287.99,6.34,130,
53.78,98.18,-1.67,-0.53,0.06,-0.96,-0.20,-0.13,0.80,0.09,-3.69,-101.60,287.85,7.60,108,
53.91,147.05,-4.03,-10.60,0.04,-0.78,-0.56,-0.14,0.73,0.30,-2.16,-125.56,289.10,8.87,96,
54.02,8.63,25.68,14.04,-0.15,-0.85,-0.51,-0.14,0.66,0.40,8.58,-121.27,290.24,8.24,95,
54.15,38.27,-11.89,-19.22,0.03,-0.77,-0.77,-0.14,0.65,0.41,-1.69,-134.86,291.07,7.92,90,
54.29,-2.62,-0.92,1.72,-0.02,-0.67,-0.73,-0.15,0.62,0.42,1.25,-137.68,292.08,7.92,89,
54.41,44.55,-5.14,0.32,0.00,-0.60,-0.80,-0.15,0.60,0.45,-0.15,-143.30,292.50,7.60,82,
54.56,67.13,-6.95,9.71,0.02,-0.46,-0.92,-0.13,0.50,0.53,-1.26,-153.35,293.02,7.60,79,
54.71,58.20,0.28,-0.59,0.01,-0.30,-0.98,-0.13,0.39,0.58,-0.73,-162.84,296.56,6.65,76,
54.83,109.68,-0.10,-9.85,0.04,0.08,-1.05,-0.13,0.25,0.61,-2.02,175.48,304.97,3.17,79,
54.95,108.85,-3.93,-0.40,0.02,0.26,-1.00,-0.13,0.05,0.60,-1.11,165.40,346.08,4.12,84,
55.09,-1.65,-1.05,1.87,0.02,0.46,-0.92,-0.12,-0.05,0.57,-1.16,153.16,31.89,4.44,83,
55.21,-2.36,2.34,-5.87,0.07,0.46,-0.98,-0.15,-0.04,0.58,-3.68,154.65,23.45,4.44,82,
55.32,-3.24,1.03,-6.77,0.02,0.48,-0.89,-0.15,-0.05,0.56,-0.90,151.47,25.93,4.75,87,
55.45,114.64,-7.81,2.82,0.02,0.57,-0.85,-0.14,-0.11,0.52,-0.93,146.45,46.92,6.65,96,
55.60,142.55,-6.51,-2.64,-0.00,0.73,-0.64,-0.14,-0.25,0.41,0.12,130.99,70.33,6.97,113,
55.72,159.27,-5.16,3.11,0.01,0.71,-0.25,-0.13,-0.35,0.25,-0.79,109.46,78.74,6.02,130,
55.86,133.47,24.32,-13.22,-0.02,0.99,0.06,-0.13,-0.39,-0.01,0.93,86.66,80.32,4.75,130,
55.98,58.39,-13.10,-5.07,0.02,0.88,0.30,-0.12,-0.36,-0.15,-1.17,71.14,79.97,4.75,122,
56.10,1.47,-3.30,2.83,0.00,0.98,0.22,-0.12,-0.37,-0.14,-0.09,77.19,80.25,4.75,124,
56.25,-5.65,-6.11,-4.37,0.00,0.91,0.30,-0.13,-0.36,-0.15,-0.19,71.56,78.33,4.75,122,
56.37,60.46,-0.30,-1.91,-0.04,0.94,0.39,-0.14,-0.35,-0.18,2.15,67.40,77.31,4.44,109,
56.51,120.28,-1.01,-7.57,0.01,0.78,0.63,-0.13,-0.29,-0.32,-0.37,50.96,74.79,4.44,95,
56.63,63.28,2.67,1.32,0.02,0.56,0.78,-0.12,-0.18,-0.45,-1.26,35.66,65.20,5.07,84,
56.75,108.28,-2.56,-0.96,-0.00,0.22,0.97,-0.12,-0.08,-0.51,0.10,12.98,41.84,6.97,81,
56.90,128.83,-0.22,-0.46,0.02,0.03,0.99,-0.11,0.06,-0.56,-0.91,1.52,340.30,29.78,78,
57.02,24.32,0.63,-2.87,0.05,-0.06,0.96,-0.11,0.19,-0.58,-2.70,-3.48,308.99,74.14,82,
57.14,-33.34,7.04,-4.23,0.06,-0.00,1.00,-0.11,0.18,-0.58,-3.41,-0.09,308.67,16.48,82,
57.29,-107.51,12.84,-56.85,-0.08,0.31,1.12,-0.09,-0.02,-0.55,4.04,15.21,18.88,8.24,82,
57.41,-81.51,-17.59,-61.15,0.00,0.41,0.84,-0.06,-0.13,-0.46,-0.26,25.89,75.19,5.39,82,
57.53,-51.83,-38.55,-104.25,0.06,0.45,0.99,-0.03,-0.20,-0.39,-2.94,24.68,91.35,3.17,82,
57.68,-53.53,-41.79,-103.02,0.23,0.48,0.76,0.06,-0.25,-0.31,-14.21,32.05,112.28,2.85,82,
57.80,-34.51,-37.99,-132.32,0.28,0.53,1.02,0.18,-0.26,-0.25,-13.79,27.51,133.39,5.07,255,
57.92,-35.73,-14.87,-80.47,0.39,0.12,0.60,0.33,-0.25,-0.08,-32.25,11.58,151.66,10.77,255,
58.05,13.58,22.24,5.97,0.48,0.40,0.59,0.34,-0.24,-0.07,-33.75,33.75,153.53,8.87,255,
58.18,18.39,-0.55,24.68,0.47,0.37,0.55,0.33,-0.24,-0.08,-35.51,33.98,152.34,7.29,255,
58.33,-25.50,-5.13,35.66,0.62,0.79,0.61,0.28,-0.25,-0.07,-31.81,52.32,146.84,6.97,255,
58.46,4.25,-24.97,66.80,0.49,0.91,0.48,0.22,-0.26,-0.08,-25.66,61.86,138.34,6.65,255,
58.58,19.90,5.56,41.13,0.31,0.74,0.30,0.16,-0.25,-0.10,-21.47,67.60,131.41,8.24,255,
58.72,-44.77,-89.06,0.00,0.14,0.97,0.51,0.13,-0.26,-0.11,-7.39,62.23,124.83,13.62,255,
58.85,-35.94,-51.31,11.03,0.03,1.03,0.21,0.11,-0.26,-0.08,-1.49,78.54,121.48,21.54,255,
58.96,-2.89,-37.91,8.05,-0.01,0.96,0.32,0.08,-0.27,-0.08,0.68,71.39,115.19,23.45,255,
59.11,-3.38,-27.31,-18.54,-0.05,0.91,0.41,0.07,-0.28,-0.08,2.98,65.74,112.43,17.11,255,
59.23,8.96,-10.88,-19.99,0.11,0.75,0.38,0.06,-0.27,-0.08,-7.39,63.15,111.41,13.31,87,
59.37,-5.35,-1.51,-11.78,-0.04,0.86,0.43,0.07,-0.28,-0.09,2.50,63.29,112.50,13.62,82,
59.50,-18.77,-45.79,26.28,0.56,2.00,-0.83,0.05,-0.29,-0.06,-14.51,112.49,107.60,12.36,86,
59.61,-1.50,2.24,-3.14,-0.01,0.94,0.39,0.05,-0.28,-0.07,0.31,67.26,108.34,12.36,85,
59.76,-1.23,0.43,-3.93,-0.05,0.93,0.34,0.05,-0.28,-0.07,2.78,69.72,108.34,12.04,89,
59.88,62.08,5.43,-7.69,-0.04,0.85,0.48,0.06,-0.27,-0.12,2.47,60.41,110.10,10.14,87,
60.00,-4.13,-24.33,-7.78,0.03,0.88,0.50,0.06,-0.27,-0.14,-1.65,60.11,111.18,9.82,86,
60.16,-1.78,-4.16,-4.49,-0.04,0.85,0.48,0.06,-0.27,-0.14,2.21,60.61,111.75,9.50,87,
60.26,-1.47,4.89,-2.27,-0.01,0.85,0.50,0.06,-0.27,-0.13,0.46,59.35,111.73,9.19,88,
60.42,23.48,4.87,-5.26,-0.02,0.83,0.52,0.06,-0.25,-0.15,0.88,58.05,111.36,8.87,88,
60.55,89.72,-5.94,-5.14,0.02,0.76,0.61,0.06,-0.24,-0.19,-1.20,51.39,112.84,7.60,88,
60.66,25.74,-1.49,-1.37,0.02,0.69,0.68,0.06,-0.22,-0.25,-0.98,45.40,113.76,6.65,88,
60.78,27.95,-1.01,-4.08,0.04,0.64,0.76,0.06,-0.19,-0.28,-2.16,39.95,116.99,6.02,85,
60.93,55.14,-2.23,-5.56,0.00,0.54,0.80,0.07,-0.16,-0.31,-0.08,34.11,122.24,5.70,87,
61.05,43.26,-1.17,-2.89,0.02,0.41,0.91,0.07,-0.10,-0.36,-1.06,24.29,132.34,5.39,83,
61.16,56.88,-4.58,-3.34,0.02,0.33,0.92,0.07,-0.05,-0.40,-0.91,19.44,152.71,5.70,86,
61.31,29.45,-2.74,-3.12,0.01,0.19,0.97,0.07,0.01,-0.42,-0.44,10.90,193.50,6.34,88,
61.43,57.26,-4.87,-3.43,0.00,0.02,0.99,0.07,0.07,-0.45,-0.09,0.92,234.81,6.97,85,
61.58,112.14,-4.52,-3.06,0.01,-0.22,0.94,0.07,0.15,-0.47,-0.52,-13.28,252.55,7.92,90,
61.69,25.05,1.97,-4.05,-0.02,-0.32,0.90,0.07,0.23,-0.46,1.09,-19.54,260.67,7.92,86,
61.82,-4.18,-14.26,-4.61,-0.21,-0.37,0.94,0.07,0.24,-0.46,11.83,-21.79,261.56,8.24,88,
61.95,-2.99,0.04,-5.55,-0.01,-0.37,0.91,0.06,0.25,-0.46,0.82,-22.20,265.81,8.55,87,
62.09,-2.61,5.33,-2.83,-0.04,-0.37,0.94,0.07,0.24,-0.47,2.42,-21.50,263.36,8.24,87,
62.21,-0.40,-2.36,-0.96,-0.03,-0.30,0.89,0.06,0.24,-0.46,1.94,-18.33,263.95,7.60,88,
62.35,51.74,-5.20,-1.82,-0.01,-0.49,0.81,0.06,0.34,-0.44,0.67,-31.31,267.82,6.97,85,
62.47,103.46,-2.81,-6.68,-0.07,-0.69,0.67,0.06,0.43,-0.39,4.16,-45.99,270.98,6.65,88,
62.62,50.63,2.50,-3.54,-0.04,-0.81,0.54,0.06,0.51,-0.34,2.08,-56.36,271.60,6.65,89,
62.75,44.95,2.81,-3.96,-0.04,-0.85,0.47,0.06,0.54,-0.31,2.50,-61.05,272.42,6.34,87,
62.87,46.78,1.28,1.73,-0.03,-0.91,0.29,0.06,0.59,-0.25,1.62,-72.51,272.82,6.34,86,
62.98,2.32,-3.14,1.32,-0.03,-0.96,0.26,0.06,0.61,-0.24,2.00,-74.95,272.90,6.34,87,
63.13,-1.78,7.15,-6.07,0.27,-1.10,0.24,0.07,0.60,-0.24,-13.62,-77.83,272.24,6.34,88,
63.25,-2.90,1.32,-3.01,-0.01,-0.98,0.24,0.05,0.60,-0.22,0.51,-76.29,273.55,6.34,89,
63.37,-2.05,-3.33,-0.59,-0.01,-0.93,0.29,0.05,0.60,-0.22,0.74,-72.45,273.41,6.34,87,
63.52,29.81,-7.36,-1.27,-0.02,-0.96,0.23,0.05,0.62,-0.21,0.94,-76.51,274.39,6.65,87,
63.65,52.94,-2.62,-1.07,-0.02,-1.00,0.07,0.04,0.65,-0.17,1.41,-85.71,275.07,6.65,86,
63.78,47.07,-3.26,-2.68,-0.04,-0.98,-0.04,0.03,0.67,-0.10,2.06,-92.37,275.91,6.65,83,
63.90,31.79,0.02,-5.41,-0.04,-0.93,-0.25,0.03,0.69,-0.01,2.11,-104.99,276.47,6.34,86,
64.02,103.73,-4.34,-10.13,-0.08,-0.93,-0.45,0.02,0.68,0.10,4.53,-116.08,277.14,6.34,85,
64.17,55.69,-8.75,-5.28,-0.07,-0.77,-0.63,0.01,0.65,0.21,4.11,-129.11,278.00,6.34,88,
64.28,20.56,-19.65,1.25,-0.06,-0.68,-0.79,0.01,0.60,0.30,3.56,-139.25,277.51,6.34,86,
64.41,-3.78,28.79,-4.64,-0.22,-0.48,-0.95,0.03,0.58,0.30,11.55,-153.05,275.74,6.02,85,
64.54,-2.84,0.91,-2.00,-0.07,-0.66,-0.79,0.03,0.58,0.30,4.07,-140.11,276.08,6.02,88,
64.70,-1.23,-5.41,-4.72,-0.11,-0.65,-0.77,0.02,0.58,0.30,6.07,-139.78,276.25,6.02,85,
64.80,70.18,-1.78,-3.08,-0.09,-0.71,-0.82,0.02,0.57,0.32,4.61,-139.29,276.95,6.02,86,
64.95,36.60,-3.69,-3.39,-0.05,-0.46,-0.91,0.01,0.53,0.36,2.72,-153.30,277.04,5.70,89,
65.07,62.86,-4.43,-3.66,-0.11,-0.32,-0.96,0.01,0.45,0.42,6.40,-161.62,277.09,5.07,88,
65.19,68.18,-4.70,-5.87,-0.07,-0.07,-1.01,0.01,0.34,0.47,3.68,-175.95,276.96,4.12,89,
65.33,98.86,-7.66,-2.13,-0.07,0.15,-1.00,0.02,0.25,0.49,3.70,171.37,274.64,3.17,87,
65.45,107.09,4.61,-5.52,-0.08,0.40,-0.92,0.02,0.12,0.50,4.57,156.41,269.70,3.49,86,
65.58,-2.65,-0.94,-1.06,-0.10,0.53,-0.86,0.02,0.04,0.47,5.72,148.43,252.27,3.49,87,
65.74,-2.21,-2.77,-0.83,-0.15,0.54,-0.85,0.02,0.04,0.47,8.67,147.45,247.99,2.85,88,
65.86,-1.74,-5.29,-0.63,-0.09,0.50,-0.92,0.02,0.03,0.48,4.68,151.45,244.02,3.17,85,
65.97,121.24,-8.40,-3.52,-0.08,0.50,-0.86,0.03,0.02,0.46,4.60,149.95,221.33,4.12,88,
66.10,93.44,-5.07,-2.71,-0.04,0.87,-0.61,0.03,-0.10,0.39,2.22,125.04,115.48,5.07,88,
66.25,68.33,-1.25,-2.42,-0.09,0.91,-0.43,0.04,-0.18,0.32,4.86,115.18,111.34,6.02,85,
66.36,94.25,-5.28,-4.10,-0.07,1.03,-0.25,0.04,-0.24,0.22,3.58,103.53,107.58,8.24,85,
66.49,90.84,0.24,-1.03,-0.05,0.93,0.06,0.05,-0.27,0.11,2.90,86.15,108.37,10.14,87,
66.62,-0.44,1.69,-1.82,-0.04,0.98,0.12,0.05,-0.29,0.05,2.33,82.88,107.71,10.46,84,
66.78,-2.66,-2.41,-0.52,-0.08,0.98,0.15,0.04,-0.29,0.06,4.73,81.28,107.41,10.14,86,
66.89,-2.18,-1.07,-5.57,-0.02,1.01,0.14,0.05,-0.29,0.06,1.06,82.18,108.90,10.14,85,
67.01,13.37,3.11,-5.06,-0.04,1.03,0.17,0.03,-0.27,0.05,1.99,80.36,105.46,10.77,84,
67.16,52.24,-2.25,-1.59,-0.03,0.90,0.34,0.03,-0.26,-0.04,1.55,69.31,104.88,10.46,86,
67.27,47.44,2.98,-1.45,-0.05,0.92,0.45,0.03,-0.25,-0.12,2.82,63.97,105.57,7.92,87,
67.42,71.49,-2.18,-1.47,-0.03,0.87,0.55,0.03,-0.21,-0.22,1.69,57.86,106.77,6.34,85,
67.53,90.20,-3.62,-2.64,-0.08,0.49,0.76,0.03,-0.17,-0.29,4.79,32.97,108.90,5.70,83,
67.67,59.25,-1.72,-2.16,-0.06,0.47,0.83,0.03,-0.11,-0.34,3.60,29.66,113.39,5.39,87,
67.79,27.92,-0.61,-2.06,-0.03,0.37,0.91,0.03,-0.07,-0.38,1.51,22.30,122.38,5.39,86,
67.92,7.94,-1.39,-2.92,-0.03,0.31,0.93,0.00,-0.05,-0.39,1.60,18.72,100.81,5.39,85,
68.05,18.24,-1.64,-3.08,-0.02,0.29,0.94,0.03,-0.03,-0.40,1.16,17.07,148.12,5.39,85,
68.21,13.31,0.35,-0.69,-0.02,0.21,0.96,0.04,-0.01,-0.41,0.97,12.39,178.45,4.44,85,
68.30,5.99,1.53,-3.55,-0.02,0.18,0.96,0.05,0.01,-0.42,1.29,10.82,205.08,4.12,86,
68.46,12.77,-8.35,-1.72,-0.02,0.17,0.96,0.03,0.02,-0.42,1.08,9.88,219.34,3.80,85,
68.58,5.91,-1.81,-1.50,-0.04,0.13,0.97,0.02,0.04,-0.43,2.30,7.93,249.62,3.80,87,
68.69,8.77,-2.38,-0.90,-0.03,0.10,0.97,0.03,0.06,-0.43,1.86,5.70,250.03,3.80,86,
68.85,25.35,-0.49,-2.42,-0.04,0.04,0.97,0.03,0.08,-0.45,2.06,2.25,259.24,3.80,86,
68.98,27.18,-2.95,-2.79,-0.03,-0.06,0.95,0.03,0.13,-0.46,1.80,-3.56,264.87,4.12,86,
69.10,21.56,-6.16,-0.68,-0.02,-0.14,0.95,0.03,0.16,-0.46,1.47,-8.12,267.77,4.44,86,
69.23,28.68,-2.13,-1.65,-0.03,-0.22,0.96,0.03,0.21,-0.46,1.64,-13.18,270.59,4.75,86,
69.36,14.86,-2.33,-2.15,-0.03,-0.30,0.94,0.02,0.24,-0.46,1.71,-17.99,272.56,5.07,85,
69.47,-3.04,-0.69,-2.33,-0.04,-0.32,0.92,0.03,0.25,-0.46,2.28,-19.34,271.20,5.07,87,
69.60,-3.39,-1.91,-2.27,-0.02,-0.33,0.94,0.04,0.23,-0.47,1.27,-19.33,267.58,5.39,85,
69.73,-30.31,1.68,-5.28,-0.06,-0.38,0.91,0.05,0.22,-0.46,3.72,-22.46,264.51,5.07,87,
69.87,-134.07,12.55,-4.09,-0.01,-0.01,1.02,0.06,0.10,-0.45,0.57,-0.81,247.79,4.44,87,
70.02,-2.22,-5.80,-2.18,-0.03,0.15,0.96,0.06,0.01,-0.43,1.52,8.92,195.30,4.44,86,
70.14,-1.33,-4.04,-2.93,-0.03,0.16,0.94,0.05,0.02,-0.43,1.87,9.54,207.06,5.07,88,
70.26,-2.36,28.48,-0.61,0.03,0.11,1.05,0.06,0.01,-0.43,-1.41,6.01,200.29,5.07,88,
70.38,-1.32,1.51,-16.51,-0.00,0.13,0.96,0.06,0.01,-0.44,0.05,7.70,201.83,5.39,85,
70.51,-4.19,-27.33,-6.56,0.00,0.17,1.02,0.07,0.01,-0.43,-0.07,9.39,200.43,5.70,84,
70.65,-1.37,14.88,-27.66,0.02,0.07,0.98,0.05,0.01,-0.43,-1.02,4.20,205.47,5.39,90,
70.79,-115.58,69.15,27.07,-0.43,0.47,0.92,0.10,-0.02,-0.42,22.63,27.06,179.23,22.81,255,
70.92,15.77,34.66,-4.04,0.18,0.06,1.50,0.11,0.01,-0.39,-6.90,2.43,195.08,10.14,255,
71.05,-61.21,138.79,-36.27,0.62,0.39,0.80,0.27,-0.09,-0.28,-34.87,25.93,169.27,2.22,255,
71.18,-98.85,47.01,-98.67,0.55,0.30,0.43,0.40,-0.09,-0.16,-46.40,34.64,175.76,2.85,177,
71.31,52.99,62.54,-68.52,0.64,0.02,0.55,0.48,-0.02,-0.10,-49.43,2.35,-174.10,4.44,197,
71.44,70.07,56.50,-58.72,0.58,-0.19,0.27,0.52,0.09,-0.04,-60.57,-35.39,197.84,40.87,255,
71.55,55.24,-10.14,-13.89,0.71,-0.24,0.26,0.53,0.13,-0.03,-63.57,-42.16,202.14,54.81,255,
71.70,22.93,-10.18,3.10,0.74,-0.16,0.17,0.53,0.18,-0.05,-72.76,-43.02,207.04,68.12,255,
71.82,5.92,-56.64,-109.13,0.66,-0.55,0.59,0.50,0.28,-0.11,-39.11,-42.68,217.72,117.86,255,
71.95,-87.33,-30.99,39.87,0.61,-0.61,0.40,0.48,0.30,-0.17,-39.75,-56.61,220.48,117.86,255,
72.07,-135.76,-76.57,4.00,0.52,-0.43,0.43,0.46,0.27,-0.23,-40.38,-45.24,218.84,4.12,255,
72.20,-144.35,-72.89,-76.56,0.42,0.39,0.66,0.41,0.21,-0.32,-28.71,30.61,215.26,14.57,255,
72.35,-66.13,-51.37,-74.25,0.18,-0.30,1.01,0.34,0.18,-0.34,-9.58,-16.35,216.44,192.95,255,
72.47,-49.86,-28.40,-31.51,0.19,0.63,1.04,0.31,0.11,-0.35,-8.71,31.25,207.83,215.45,255,
72.59,-65.48,17.11,-39.75,0.14,0.41,1.05,0.28,0.09,-0.34,-7.17,21.20,205.92,177.43,255,
72.72,-26.89,-12.68,-11.81,0.02,0.40,0.88,0.25,0.06,-0.33,-1.17,24.27,202.88,32.95,255,
72.89,0.64,-1.52,-16.53,-0.04,0.44,0.90,0.24,0.04,-0.34,2.55,26.15,197.18,16.79,255,
72.98,2.54,-1.32,-11.13,0.00,0.54,1.07,0.22,0.04,-0.34,-0.22,26.70,199.40,21.86,255,
73.12,0.95,24.15,-4.38,0.07,0.47,0.82,0.24,0.06,-0.35,-4.16,29.61,202.06,43.72,255,
73.27,7.60,0.58,-5.02,0.11,0.46,0.85,0.25,0.07,-0.35,-6.68,28.44,204.15,82.69,104,
73.39,-21.44,2.46,10.11,-0.35,0.31,0.92,0.24,0.08,-0.36,19.77,18.76,207.48,83.01,101,
73.52,-3.63,-6.63,4.18,0.08,0.26,0.90,0.23,0.11,-0.37,-4.84,16.03,214.17,78.89,99,
73.63,9.61,-0.98,-7.92,0.10,0.25,0.93,0.23,0.12,-0.37,-5.83,14.81,216.02,72.87,100,
73.76,5.59,-3.22,-3.27,0.09,0.23,0.93,0.23,0.13,-0.37,-5.62,14.17,217.02,53.23,99,
73.91,2.72,-4.67,8.95,0.07,0.21,0.98,0.23,0.15,-0.37,-3.84,12.40,221.01,69.39,99,
74.04,-6.39,-0.03,-9.56,0.05,0.13,0.91,0.23,0.16,-0.37,-3.34,8.21,223.37,70.65,98,
74.16,-2.78,-16.61,-22.12,0.06,0.18,0.93,0.23,0.16,-0.38,-3.91,11.15,224.30,70.97,95,
74.28,-20.68,-4.45,-20.49,0.01,0.17,0.96,0.21,0.16,-0.38,-0.44,10.31,226.41,66.53,97,
74.43,-3.96,-7.27,1.11,0.03,0.19,0.91,0.20,0.16,-0.38,-1.76,11.89,228.27,61.78,97,
74.55,11.69,-21.79,5.95,0.00,0.17,0.99,0.19,0.17,-0.37,-0.21,9.57,231.29,44.67,93,
74.68,-3.68,-12.42,-1.02,-0.09,0.10,0.87,0.16,0.20,-0.38,5.77,6.24,239.95,38.02,98,
74.82,-12.64,16.76,-2.19,0.01,0.13,0.97,0.19,0.18,-0.38,-0.88,7.59,232.64,55.76,95,
74.94,-3.45,-3.46,-2.24,0.02,0.14,0.97,0.20,0.18,-0.37,-1.35,8.45,230.32,54.18,95,
75.07,-3.36,-7.35,0.04,0.00,0.14,0.98,0.20,0.18,-0.37,-0.11,8.37,229.64,51.33,97,
75.20,-6.50,-1.69,-2.42,-0.01,0.18,0.96,0.20,0.16,-0.37,0.42,10.42,227.85,51.01,95,
75.32,-9.07,0.87,-3.40,-0.00,0.28,0.94,0.19,0.13,-0.37,0.13,16.77,221.35,44.67,104,
75.46,-8.88,2.12,-3.06,-0.01,0.32,0.91,0.20,0.10,-0.37,0.63,19.14,215.63,31.68,101,
75.60,-4.54,-3.13,-0.73,0.01,0.36,0.90,0.20,0.08,-0.37,-0.38,21.72,211.21,19.01,104,
75.73,-72.60,-0.48,0.91,0.04,0.41,0.89,0.20,0.05,-0.36,-2.25,24.83,202.32,10.14,104,
75.86,-45.37,-2.54,-0.84,-0.02,1.23,0.67,0.20,0.01,-0.35,0.96,61.27,192.81,10.14,104,
75.97,-1.30,-0.64,-0.76,-0.01,0.55,0.81,0.19,0.01,-0.34,0.62,34.02,192.48,10.46,107,
76.10,-2.41,33.55,11.77,0.10,0.51,0.92,0.20,0.01,-0.34,-5.44,28.99,192.66,11.72,110,
76.25,-2.12,-7.65,-2.86,0.05,0.54,0.80,0.21,0.02,-0.33,-3.21,34.02,193.32,11.41,105,
76.36,-4.79,-28.88,-15.21,0.04,0.55,0.79,0.20,0.01,-0.34,-2.10,34.75,192.02,10.14,103,
76.49,-2.36,-0.40,-1.38,0.01,0.56,0.80,0.20,0.01,-0.34,-0.32,35.03,192.45,10.14,100,
76.64,-95.43,5.90,-0.62,-0.02,0.77,0.61,0.20,-0.00,-0.33,0.97,51.55,-171.54,10.46,82,
76.77,-52.80,0.03,-1.90,0.02,0.65,0.66,0.21,-0.05,-0.30,-0.98,44.76,174.11,9.50,77,
76.90,-16.85,-2.24,-1.75,0.02,0.77,0.62,0.20,-0.08,-0.28,-1.19,51.26,166.71,8.87,76,
77.03,-13.81,-2.10,-1.85,0.02,0.76,0.61,0.21,-0.08,-0.28,-1.17,51.29,166.87,8.55,72,
77.14,-18.72,-4.86,-2.18,-0.00,0.73,0.55,0.21,-0.10,-0.26,0.04,53.01,162.44,7.92,74,
77.26,-29.37,-12.03,-4.44,0.01,0.79,0.58,0.21,-0.11,-0.25,-0.45,53.99,160.74,7.60,75,
77.42,-2.28,-1.61,-1.01,0.01,0.85,0.49,0.21,-0.14,-0.24,-0.39,60.06,155.18,7.60,72,
77.55,-6.48,0.62,8.34,-0.23,0.94,0.41,0.20,-0.13,-0.23,12.74,66.32,156.00,7.60,72,
77.69,-3.16,-6.88,0.83,0.06,0.85,0.49,0.20,-0.13,-0.24,-3.62,59.90,156.05,7.60,73,
77.79,-5.47,-12.47,-1.55,-0.01,0.85,0.48,0.18,-0.13,-0.24,0.49,60.77,153.58,7.60,74,
77.94,-16.45,-2.27,-7.65,-0.03,0.89,0.44,0.18,-0.15,-0.22,1.56,63.81,150.08,7.60,71,
78.06,-47.75,0.57,-4.51,0.01,1.02,0.29,0.19,-0.17,-0.19,-0.74,74.28,147.39,7.29,73,
78.19,-27.22,0.26,-4.80,-0.00,0.99,0.18,0.19,-0.20,-0.13,0.14,79.53,143.54,7.29,74,
78.33,-2.30,-1.29,-0.90,0.00,0.99,0.15,0.19,-0.19,-0.11,-0.19,81.65,142.93,7.29,73,
78.46,1.15,8.79,0.17,-0.00,0.97,0.12,0.18,-0.19,-0.11,0.14,82.65,142.08,7.29,73,
78.59,-2.61,-3.52,-1.36,0.02,1.00,0.16,0.19,-0.18,-0.11,-0.93,80.80,144.18,7.29,72,
78.69,-5.85,-13.51,-2.39,-0.01,0.98,0.15,0.19,-0.18,-0.11,0.45,81.10,143.97,7.29,73,
78.85,-45.38,1.39,-7.84,0.06,1.02,0.12,0.19,-0.20,-0.08,-3.19,83.46,142.24,7.29,72,
78.98,-5.38,-1.06,-1.59,-0.00,1.00,-0.00,0.20,-0.21,-0.05,0.06,90.17,142.14,7.29,72,
79.09,-53.61,-1.58,-4.88,-0.02,0.88,0.04,0.20,-0.21,-0.01,1.23,87.63,141.83,7.29,72,
79.21,-7.49,3.01,-0.57,-0.01,0.98,-0.21,0.19,-0.21,0.03,0.73,102.16,141.03,7.29,73,
79.37,-1.05,-1.94,0.34,0.07,1.01,-0.18,0.19,-0.21,0.03,-3.68,100.41,140.29,6.97,71,
79.47,-2.26,-9.38,-2.34,0.01,0.97,-0.22,0.19,-0.21,0.03,-0.53,102.88,140.65,7.29,70,
79.62,-2.78,1.05,-3.59,0.01,0.98,-0.21,0.19,-0.21,0.04,-0.37,102.35,141.12,7.29,71,
79.74,-2.73,-1.53,-0.68,0.01,0.98,-0.23,0.19,-0.21,0.03,-0.46,103.06,140.32,7.29,72,
79.86,-9.14,5.07,-0.14,0.00,0.98,-0.25,0.19,-0.22,0.04,-0.09,104.10,139.70,6.65,73,
80.02,-44.26,2.26,-3.34,0.01,0.98,-0.27,0.19,-0.22,0.08,-0.67,105.16,139.60,6.97,75,
80.15,-12.79,-0.10,-4.91,-0.00,0.92,-0.40,0.19,-0.21,0.10,0.07,113.50,140.89,6.97,72,
80.28,-3.51,1.76,-3.93,0.03,0.95,-0.40,0.19,-0.21,0.12,-1.47,112.66,141.50,6.65,74,
80.40,-3.09,-6.66,-2.15,-0.03,0.93,-0.43,0.19,-0.20,0.11,1.54,114.95,142.66,6.65,73,
80.54,-10.15,6.53,-2.12,0.01,0.91,-0.43,0.19,-0.20,0.12,-0.52,115.47,142.04,7.29,75,
80.66,-10.14,2.89,-3.39,-0.01,0.87,-0.44,0.19,-0.20,0.14,0.52,116.98,142.48,7.60,76,
80.80,-32.74,1.96,1.72,-0.03,0.80,-0.54,0.18,-0.19,0.18,1.59,123.72,143.01,7.92,74,
80.92,-12.85,1.05,-1.69,-0.03,0.84,-0.57,0.18,-0.18,0.19,1.44,124.18,144.14,8.24,74,
81.03,-79.04,-1.55,-2.01,0.01,1.12,-0.51,0.18,-0.17,0.21,-0.51,114.28,145.80,8.55,74,
81.18,-6.52,-1.87,-2.36,-0.02,0.80,-0.65,0.19,-0.16,0.21,0.97,129.05,148.04,8.87,76,
81.30,-7.72,1.77,-1.41,-0.02,0.75,-0.67,0.18,-0.15,0.24,1.07,131.93,149.29,9.19,77,
81.42,-4.60,-1.91,-1.86,-0.02,0.75,-0.70,0.19,-0.15,0.24,0.93,132.92,149.98,9.19,82,
81.57,-14.62,-1.48,0.28,-0.04,0.69,-0.71,0.18,-0.13,0.25,2.44,135.71,152.08,9.50,85,
81.68,-15.25,1.64,-1.02,-0.04,0.68,-0.76,0.18,-0.13,0.27,2.24,138.10,152.73,9.82,97,
81.83,-12.34,0.75,-0.67,-0.06,0.61,-0.77,0.18,-0.12,0.28,3.28,141.82,155.72,10.14,102,
81.95,-6.14,-1.42,-0.74,-0.05,0.61,-0.81,0.18,-0.11,0.30,3.06,143.27,157.52,10.14,107,
82.07,-25.92,-2.89,-1.54,-0.24,-0.51,-0.28,0.18,-0.11,0.30,22.93,-118.67,157.35,10.77,105,
82.22,-7.63,1.29,-0.66,-0.05,0.54,-0.85,0.18,-0.08,0.32,3.02,147.76,163.51,10.77,108,
82.35,-26.00,2.66,0.55,-0.06,-1.39,-0.74,0.18,-0.09,0.32,2.33,-118.03,162.96,11.72,111,
82.48,-9.34,3.64,-1.08,-0.07,0.42,-0.93,0.17,-0.04,0.35,4.16,155.74,175.32,12.36,109,
82.61,-8.61,1.50,-1.40,-0.09,0.38,-0.92,0.16,-0.03,0.36,4.96,157.58,178.98,12.67,112,
82.74,-17.62,5.17,2.69,-0.21,0.27,-1.00,0.15,-0.00,0.37,11.67,164.85,-171.99,13.62,122,
82.87,-33.64,3.01,-0.27,-0.10,0.17,-1.01,0.14,0.07,0.41,5.66,170.36,213.17,13.31,138,
82.99,-13.17,-1.08,-0.94,-0.14,0.07,-1.00,0.14,0.10,0.42,8.07,176.01,224.42,12.99,137,
83.12,-2.97,-0.64,-2.47,-0.13,0.08,-1.04,0.14,0.10,0.41,7.08,175.41,224.71,12.04,150,
83.26,-7.01,1.21,-0.43,-0.10,-0.03,-0.71,0.14,0.13,0.43,8.41,-177.89,231.85,10.14,127,
83.41,-23.50,-2.27,-2.02,-0.14,-0.27,-0.99,0.14,0.19,0.43,7.56,-164.80,242.72,8.55,115,
83.52,-12.42,-1.70,-0.99,-0.13,-0.22,-1.01,0.14,0.23,0.41,7.35,-167.86,247.85,8.55,120,
83.64,-4.76,3.30,-0.96,-0.12,-0.28,-1.05,0.13,0.23,0.42,6.56,-165.29,250.12,8.24,116,
83.78,-9.81,2.29,0.24,-0.17,-0.28,-1.03,0.13,0.25,0.41,8.97,-164.71,250.39,7.92,118,
83.90,-40.93,-3.16,-3.83,-0.15,-0.34,-0.95,0.13,0.27,0.41,8.50,-160.42,252.98,8.55,97,
84.02,-38.18,-0.13,-1.17,-0.14,-0.44,-0.93,0.13,0.31,0.39,7.65,-154.87,255.57,8.87,71,
84.17,-35.53,-1.66,-1.94,-0.14,-0.53,-0.87,0.13,0.34,0.38,7.64,-148.86,257.93,8.87,60,
84.29,-35.71,-1.82,-1.61,-0.13,-0.58,-0.84,0.13,0.37,0.37,7.20,-145.33,259.06,8.87,57,
84.43,-13.23,-0.46,-1.26,-0.13,-0.67,-0.78,0.14,0.40,0.35,7.09,-139.38,259.77,8.55,53,
84.55,-69.29,-2.44,-2.96,-0.09,-0.58,-0.71,0.13,0.42,0.34,5.73,-140.62,260.81,8.24,53,
84.69,-51.67,-2.65,-1.56,-0.12,-0.70,-0.68,0.13,0.46,0.31,6.90,-133.89,262.11,7.60,56,
84.82,-20.52,-0.79,1.06,-0.12,-0.80,-0.63,0.13,0.47,0.30,6.82,-128.36,263.01,7.60,69,
84.95,-61.15,-2.34,-2.71,-0.13,-0.80,-0.55,0.13,0.49,0.27,7.50,-124.62,263.69,7.29,93,
85.08,-23.99,-2.71,-2.49,-0.14,-0.89,-0.48,0.13,0.51,0.24,8.14,-118.61,263.95,6.97,104,
85.20,-7.33,-1.14,-1.15,-0.12,-0.91,-0.45,0.14,0.53,0.23,6.90,-116.28,264.11,6.97,110,
85.33,-18.18,-0.08,-1.60,-0.13,-0.92,-0.41,0.13,0.53,0.22,7.18,-114.06,264.50,6.65,117,
85.46,-28.22,4.48,-2.88,-0.11,-0.94,-0.32,0.14,0.54,0.19,6.44,-108.83,264.35,6.34,127,
85.60,-52.34,-0.86,-4.84,-0.13,-0.98,-0.21,0.14,0.55,0.15,7.43,-102.18,264.42,6.34,127,
85.72,-42.10,-2.56,-2.14,-0.13,-1.02,-0.13,0.14,0.57,0.10,7.10,-97.46,264.73,6.02,127,
85.87,-21.59,-3.42,-0.73,-0.13,-1.02,-0.06,0.14,0.58,0.07,7.43,-93.10,264.94,6.02,125,
85.97,-66.24,-5.38,-2.85,-0.13,-0.89,-0.00,0.14,0.58,0.02,8.34,-90.24,264.94,6.02,123,
86.10,-8.62,-1.47,-1.68,-0.13,-0.99,0.10,0.14,0.58,0.01,7.36,-84.28,264.88,6.02,122,
86.23,-31.51,-1.81,-3.44,-0.13,-0.95,0.14,0.14,0.58,-0.01,7.70,-81.78,264.78,6.02,120,
86.36,-33.55,0.70,-3.51,-0.13,-0.93,0.20,0.14,0.57,-0.03,7.65,-78.01,265.07,6.02,122,
86.51,-7.69,-0.64,-2.79,-0.14,-0.94,0.27,0.13,0.57,-0.05,8.33,-73.83,265.29,6.02,121,
86.63,-34.95,-2.72,-3.36,-0.14,-0.88,0.29,0.13,0.57,-0.06,8.52,-71.93,265.75,6.02,116,
86.77,-27.40,-5.72,-7.71,-0.14,-0.94,0.38,0.13,0.58,-0.09,7.84,-68.15,265.91,6.34,102,
86.90,-8.09,-3.29,-1.05,-0.16,-0.88,0.42,0.12,0.56,-0.12,9.25,-64.41,266.41,6.34,95,
87.04,-8.31,-1.36,-3.89,-0.17,-0.86,0.47,0.12,0.56,-0.14,9.87,-61.62,266.10,6.34,92,
87.16,-10.42,-1.66,-4.02,-0.17,-0.83,0.49,0.13,0.55,-0.15,9.99,-59.18,265.59,6.34,93,
87.28,-20.16,-1.82,-3.60,-0.17,-0.93,0.55,0.13,0.55,-0.17,9.09,-59.60,265.75,6.65,85,
87.40,-15.07,-2.83,-3.34,-0.16,-0.86,0.60,0.12,0.53,-0.19,8.83,-55.13,265.46,6.65,82,
87.53,-3.41,-0.35,-3.95,-0.19,-0.73,0.62,0.12,0.52,-0.21,11.34,-49.54,265.66,6.65,79,
87.67,-3.82,-3.58,-3.10,-0.19,-0.73,0.62,0.12,0.52,-0.22,11.11,-49.89,265.66,6.65,80,
87.79,-5.17,0.55,-0.22,-0.20,-0.74,0.66,0.13,0.51,-0.23,11.29,-48.51,264.65,6.65,73,
87.94,-34.31,-3.32,3.64,-0.19,-0.79,0.68,0.12,0.50,-0.23,10.41,-49.41,265.07,6.65,69,
88.06,-18.56,-2.36,-3.13,-0.17,-0.69,0.71,0.12,0.49,-0.25,9.53,-44.21,265.37,6.65,68,
88.21,-5.19,-0.79,-2.48,-0.20,-0.65,0.73,0.11,0.48,-0.26,11.66,-41.52,265.40,6.65,63,
88.31,-8.96,-0.69,-2.16,-0.20,-0.59,0.77,0.11,0.46,-0.29,11.74,-37.45,264.89,6.65,61,
88.43,-8.74,1.04,-2.41,-0.18,-0.52,0.81,0.12,0.44,-0.30,10.73,-32.62,263.92,6.97,60,
88.57,-11.86,-1.26,-1.50,-0.19,-0.51,0.83,0.11,0.44,-0.31,10.77,-31.90,264.00,6.97,58,
88.71,-11.93,-1.77,-1.94,-0.21,-0.44,0.85,0.11,0.42,-0.32,12.51,-27.62,263.64,6.97,52,
88.84,-27.88,1.33,-0.91,-0.21,-0.39,0.90,0.11,0.39,-0.34,12.15,-23.33,262.47,7.60,51,
88.96,-14.12,0.29,-2.93,-0.18,-0.31,0.93,0.11,0.36,-0.36,10.68,-18.40,261.28,7.92,52,
89.10,-4.87,-0.98,-2.26,-0.19,-0.25,0.93,0.11,0.34,-0.37,10.95,-14.79,260.02,7.92,50,
89.23,-13.21,0.16,-2.47,-0.19,-0.23,0.95,0.11,0.33,-0.37,11.20,-13.82,259.42,7.92,48,
89.36,-4.20,-1.66,-2.26,-0.20,-0.17,0.95,0.11,0.31,-0.37,11.57,-10.42,258.53,7.92,46,
89.49,-4.90,-2.49,-2.06,-0.20,-0.16,0.94,0.12,0.30,-0.38,11.67,-9.88,257.09,7.92,41,
89.61,-8.67,-4.73,-1.60,-0.20,-0.15,0.95,0.12,0.28,-0.37,11.98,-9.20,255.62,7.92,41,
89.76,-7.64,-4.65,-1.73,-0.21,-0.10,0.94,0.12,0.25,-0.39,12.19,-6.27,253.80,7.92,40,
89.88,-38.57,-1.94,-0.72,-0.24,-0.15,1.00,0.12,0.25,-0.39,13.40,-8.51,252.34,7.92,40,
90.01,-6.46,-2.04,-2.18,-0.22,-0.01,0.95,0.13,0.22,-0.40,12.89,-0.46,249.19,7.92,38,
90.13,-1.28,-0.53,-1.47,-0.23,-0.01,0.96,0.13,0.22,-0.39,13.62,-0.68,248.91,7.92,39,
90.27,-2.26,-1.29,-1.36,-0.22,-0.01,0.96,0.12,0.23,-0.40,12.59,-0.40,250.03,7.92,41,
90.38,-0.43,3.86,-3.07,-0.21,-0.03,0.97,0.10,0.24,-0.40,12.09,-1.78,255.60,7.92,44,
90.54,10.96,4.80,-2.16,-0.20,-0.01,0.95,0.09,0.27,-0.40,11.81,-0.78,259.72,7.92,53,
90.67,7.78,2.48,-2.53,-0.18,-0.11,0.94,0.09,0.31,-0.39,10.78,-6.71,261.77,7.92,64,
90.77,27.53,-0.93,0.79,-0.18,-0.32,0.87,0.11,0.38,-0.34,10.72,-20.39,262.35,7.29,78,
90.93,35.87,6.20,0.50,-0.16,-0.49,0.84,0.12,0.45,-0.31,9.09,-30.36,263.89,6.97,97,
91.03,48.94,-0.83,-6.76,-0.16,-0.61,0.66,0.12,0.51,-0.23,9.87,-42.76,265.30,6.34,100,
91.18,-1.49,-3.04,-1.02,-0.17,-0.77,0.59,0.11,0.53,-0.19,9.88,-52.65,266.45,6.34,101,
91.30,14.96,-1.97,1.65,-0.16,-0.79,0.55,0.12,0.55,-0.17,9.35,-55.19,266.68,6.02,109,
91.43,15.74,-3.10,1.88,-0.16,-0.83,0.45,0.12,0.57,-0.14,9.36,-61.52,266.71,6.02,117,
91.56,23.90,-4.80,-1.61,-0.13,-0.88,0.38,0.12,0.58,-0.11,7.41,-66.72,266.55,5.70,121,
91.70,0.82,-8.16,-5.29,-0.16,-0.91,0.33,0.12,0.58,-0.07,9.57,-70.34,266.91,5.70,118,
91.83,29.45,-3.24,8.87,-0.18,-0.98,0.31,0.12,0.58,-0.07,9.83,-72.64,266.73,5.70,120,
91.95,18.62,-3.77,0.16,-0.15,-0.92,0.25,0.12,0.58,-0.05,9.21,-74.81,266.83,5.70,122,
92.10,28.30,-6.20,-2.20,-0.15,-1.02,0.15,0.13,0.59,0.00,8.30,-81.78,266.01,5.70,122,
92.22,32.58,3.14,4.28,-0.15,-0.97,0.07,0.13,0.59,0.02,8.75,-85.57,266.21,5.70,127,
92.33,21.44,-0.12,0.58,-0.13,-0.97,-0.01,0.13,0.59,0.05,7.59,-90.64,266.14,5.70,129,
92.47,29.90,0.47,-0.01,-0.13,-0.98,-0.11,0.13,0.58,0.09,7.72,-96.26,266.19,6.02,130,
92.60,46.50,-2.98,-1.64,-0.14,-1.00,-0.22,0.13,0.57,0.14,7.60,-102.39,266.09,6.02,122,
92.73,42.63,-2.60,-0.31,-0.14,-0.95,-0.29,0.13,0.56,0.16,8.11,-107.06,265.66,6.34,112,
92.86,48.94,0.63,-1.80,-0.14,-0.94,-0.39,0.13,0.55,0.22,7.68,-112.50,265.08,6.65,83,
92.98,39.88,-0.43,-0.67,-0.14,-0.86,-0.52,0.12,0.52,0.26,7.82,-121.39,265.13,7.29,58,
93.11,37.15,-2.02,-0.53,-0.15,-0.80,-0.61,0.12,0.48,0.30,8.63,-127.28,264.27,7.92,52,
93.25,6.95,-4.56,-2.78,-0.14,-0.72,-0.73,0.12,0.44,0.34,7.73,-135.33,262.76,8.24,57,
93.39,18.21,-7.07,-1.66,-0.13,-0.68,-0.75,0.13,0.43,0.34,7.21,-137.82,261.82,8.55,54,
93.53,39.35,-5.82,-2.55,-0.12,-0.60,-0.83,0.13,0.39,0.37,6.66,-144.12,259.66,8.87,60,
93.64,24.01,-2.24,-2.54,-0.12,-0.54,-0.86,0.13,0.36,0.38,6.54,-148.05,258.67,8.87,69,
93.77,25.64,-2.14,-0.70,-0.12,-0.51,-0.85,0.14,0.34,0.39,7.01,-148.74,256.91,8.87,100,
93.90,34.12,2.72,0.17,-0.12,-0.42,-0.93,0.14,0.30,0.40,6.87,-155.82,253.38,8.55,110,
94.02,10.63,-0.44,-2.24,-0.12,-0.37,-0.95,0.13,0.28,0.41,6.85,-158.89,253.09,8.24,115,
94.16,0.49,10.29,-5.75,-0.15,-0.37,-0.96,0.13,0.28,0.41,8.50,-159.03,254.30,7.92,119,
94.30,9.52,-4.75,-1.65,-0.15,-0.33,-0.96,0.11,0.28,0.41,8.21,-160.81,256.47,7.92,118,
94.44,14.47,-1.87,-3.33,-0.15,-0.30,-0.98,0.12,0.26,0.42,8.19,-162.78,254.41,7.92,120,
94.57,5.06,-3.84,-2.27,-0.15,-0.26,-0.99,0.12,0.24,0.42,8.40,-165.28,252.64,8.24,118,
94.67,5.92,-8.21,-2.41,-0.15,-0.23,-0.98,0.12,0.24,0.41,8.39,-166.72,251.38,8.24,121,
94.80,5.73,0.77,0.67,-0.15,-0.23,-0.97,0.12,0.23,0.42,8.45,-166.97,250.66,8.55,122,
94.95,4.35,-3.14,-1.58,-0.14,-0.20,-0.99,0.12,0.23,0.42,8.10,-168.37,250.29,8.87,128,
95.06,16.77,-2.86,0.04,-0.13,-0.12,-1.00,0.12,0.20,0.42,7.55,-172.87,248.83,9.19,129,
95.20,5.64,-3.32,-0.44,-0.13,-0.12,-1.01,0.13,0.19,0.43,7.50,-173.25,244.60,9.50,142,
95.34,14.44,-3.09,-0.37,-0.14,-0.08,-1.02,0.13,0.17,0.43,7.64,-175.30,240.84,10.14,150,
95.48,9.93,-4.19,-1.91,-0.13,-0.03,-1.01,0.13,0.15,0.42,7.16,-178.49,236.59,11.41,142,
95.59,11.51,-3.66,-3.42,-0.11,0.02,-1.02,0.14,0.12,0.43,6.40,178.61,230.61,12.36,139,
95.71,7.56,-3.15,-1.67,-0.11,0.05,-1.02,0.14,0.11,0.41,6.15,176.91,226.92,12.99,126,
95.86,3.78,-2.80,-3.22,-0.11,0.14,-1.01,0.14,0.09,0.40,6.20,172.27,220.42,13.62,114,
95.97,33.23,-4.18,-1.78,-0.12,0.22,-0.99,0.14,0.06,0.39,6.99,167.67,212.52,13.31,110,
96.12,12.40,-2.42,-2.77,-0.10,0.26,-1.00,0.15,0.04,0.39,5.63,165.28,203.77,13.31,110,
96.24,7.80,-5.15,-2.39,-0.12,0.32,-0.95,0.14,0.02,0.38,6.85,161.35,194.72,12.99,110,
96.36,3.92,-5.37,-1.38,-0.07,0.35,-0.97,0.14,0.01,0.36,4.15,159.87,192.17,12.67,111,
96.51,11.01,1.50,-2.53,-0.08,0.38,-0.94,0.15,0.00,0.37,4.56,158.10,189.12,11.72,111,
96.62,-0.87,1.30,-1.41,-0.07,0.48,-0.89,0.15,-0.05,0.33,3.84,151.61,169.30,11.09,112,
96.77,44.84,3.66,-0.97,-0.09,0.56,-0.85,0.15,-0.08,0.31,5.30,146.64,161.40,10.14,85,
96.89,63.04,-6.73,-5.76,-0.09,0.68,-0.72,0.15,-0.12,0.27,5.21,136.89,150.29,8.87,74,
97.02,10.90,8.40,-1.97,-0.10,0.76,-0.63,0.16,-0.16,0.23,5.70,129.33,142.66,8.55,74,
97.16,-1.53,-0.64,-1.48,-0.09,0.78,-0.63,0.15,-0.16,0.24,5.36,128.89,142.34,8.24,75,
97.28,2.26,-6.25,-0.51,-0.09,0.81,-0.61,0.16,-0.17,0.22,4.82,127.12,141.59,7.92,75,
97.40,27.30,-5.65,-2.86,-0.08,0.83,-0.58,0.16,-0.17,0.20,4.65,124.99,141.88,7.60,75,
97.53,26.30,-1.21,-3.00,-0.06,0.89,-0.54,0.16,-0.19,0.17,3.39,121.15,139.66,7.29,73,
97.66,48.65,-2.06,-2.42,-0.07,0.89,-0.40,0.17,-0.20,0.12,4.36,114.19,138.26,6.97,76,
97.82,42.08,-5.48,0.33,-0.08,0.95,-0.27,0.17,-0.21,0.08,4.33,105.87,136.82,6.97,76,
97.93,13.41,-3.23,-1.31,-0.08,0.98,-0.20,0.16,-0.21,0.03,4.41,101.66,135.54,6.97,77,
98.05,8.90,-1.87,-2.68,-0.08,0.97,-0.16,0.16,-0.21,0.02,4.42,99.31,135.95,6.97,75,
98.18,17.41,-2.98,-1.35,-0.06,0.99,-0.09,0.17,-0.21,-0.01,3.21,95.36,136.47,6.97,74,
98.31,10.49,-4.84,-2.42,-0.06,1.00,-0.07,0.16,-0.21,-0.03,3.50,93.96,135.81,6.97,74,
98.45,32.12,-7.13,1.17,-0.07,1.00,0.04,0.16,-0.21,-0.06,3.80,87.98,135.20,6.97,74,
98.57,22.69,-8.26,-0.13,-0.07,0.99,0.13,0.15,-0.19,-0.10,4.00,82.44,136.64,7.29,75,
98.70,-2.09,2.13,-2.21,-0.09,0.99,0.14,0.15,-0.19,-0.11,4.90,81.79,137.86,7.29,76,
98.85,3.59,-3.42,-2.74,-0.08,0.98,0.14,0.15,-0.18,-0.10,4.49,81.67,138.59,7.29,76,
98.97,6.17,-2.53,-2.06,-0.08,0.97,0.19,0.15,-0.18,-0.12,4.56,79.12,138.98,7.29,73,
99.10,27.41,-5.59,-3.49,-0.08,0.96,0.27,0.15,-0.17,-0.16,4.35,74.49,140.82,7.60,74,
99.22,29.16,-5.85,-2.36,-0.07,0.95,0.34,0.15,-0.16,-0.18,3.93,70.20,143.30,7.60,73,
99.36,49.27,-4.08,-3.81,-0.08,0.89,0.40,0.15,-0.14,-0.21,4.51,65.52,146.90,7.92,72,
99.49,37.81,-0.70,-0.54,-0.08,0.82,0.53,0.15,-0.10,-0.25,4.60,57.26,153.71,8.24,73,
99.63,29.80,-0.61,-0.58,-0.08,0.79,0.60,0.14,-0.08,-0.28,4.67,52.68,159.85,8.87,78,
99.76,40.31,-0.85,-2.02,-0.08,0.69,0.68,0.15,-0.06,-0.31,4.45,45.32,168.23,9.19,88,
99.88,82.57,-0.71,-3.82,-0.10,0.64,0.73,0.15,-0.02,-0.32,5.73,41.31,179.66,9.50,93,
100.02,19.35,-0.34,-0.31,-0.07,0.57,0.78,0.15,0.00,-0.34,4.00,35.89,189.01,9.50,94,
100.15,11.20,-0.91,-1.49,-0.08,0.53,0.82,0.16,0.02,-0.35,4.66,32.63,196.17,9.19,98,
100.26,35.20,-0.96,-2.49,-0.07,0.45,0.86,0.15,0.04,-0.36,3.88,27.64,204.09,8.87,96,
100.40,42.93,-2.77,-1.11,-0.04,0.39,0.89,0.15,0.08,-0.37,2.36,23.58,215.81,9.82,93,
100.52,8.43,-3.22,0.81,-0.08,0.35,0.91,0.15,0.10,-0.37,4.86,20.80,223.28,13.94,90,
100.66,3.48,-3.25,-0.52,-0.09,0.28,0.92,0.15,0.13,-0.38,5.07,16.96,229.32,16.79,90,
100.79,16.31,-5.18,-1.00,-0.09,0.28,0.93,0.14,0.14,-0.38,5.03,16.84,232.82,18.38,87,
100.91,28.46,-5.50,-0.85,-0.11,0.14,0.96,0.13,0.19,-0.39,6.25,8.02,242.85,14.57,84,
101.04,14.27,-2.60,-1.88,-0.11,0.08,0.96,0.13,0.22,-0.39,6.36,4.65,247.19,13.62,89,
101.17,7.82,1.64,-1.35,-0.11,0.05,0.96,0.13,0.23,-0.38,6.32,2.86,249.64,11.41,91,
101.32,13.85,-0.94,-2.12,-0.11,-0.15,0.94,0.13,0.31,-0.37,6.60,-9.13,254.97,8.87,91,
101.44,94.30,-1.97,-3.87,-0.11,-0.19,0.93,0.14,0.33,-0.36,6.73,-11.60,255.93,8.24,90,
101.55,53.78,-0.47,-1.91,-0.09,-0.33,0.91,0.14,0.38,-0.34,5.56,-19.92,258.83,7.60,92,
101.70,15.49,-2.62,-1.60,-0.09,-0.41,0.90,0.14,0.40,-0.33,5.22,-24.56,260.07,7.29,92,
101.82,-1.16,3.27,-2.00,-0.11,-0.43,0.88,0.14,0.41,-0.32,6.22,-25.83,259.70,7.29,93,
101.96,2.47,-4.40,-1.70,-0.10,-0.43,0.88,0.13,0.42,-0.32,5.76,-26.04,260.78,6.97,94,
102.08,6.97,-0.34,-1.43,-0.08,-0.50,0.85,0.13,0.44,-0.30,4.80,-30.41,261.67,6.97,98,
102.23,47.69,-5.43,-0.55,-0.07,-0.55,0.77,0.13,0.47,-0.28,4.51,-35.73,262.89,6.65,95,
102.35,14.72,-9.17,-1.23,-0.11,-0.59,0.75,0.14,0.47,-0.26,6.59,-38.22,262.36,6.65,97,
102.46,-0.51,-1.06,-2.73,-0.10,-0.65,0.73,0.14,0.48,-0.25,5.96,-41.52,262.17,6.65,97,
102.59,13.89,4.66,5.14,-0.11,-0.67,0.70,0.15,0.49,-0.24,6.39,-43.66,261.95,6.65,99,
102.72,5.12,4.58,-0.99,-0.09,-0.68,0.68,0.15,0.49,-0.23,5.45,-45.02,261.43,6.34,101,
102.85,40.20,2.03,-1.81,-0.07,-0.73,0.67,0.16,0.50,-0.22,4.17,-47.28,261.35,6.34,102,
102.98,31.63,-0.46,-4.70,-0.07,-0.79,0.60,0.15,0.53,-0.19,4.27,-52.87,262.61,6.02,106,
103.11,25.30,-2.65,-2.89,-0.09,-0.84,0.53,0.15,0.54,-0.16,5.43,-57.57,263.48,6.02,114,
103.25,18.24,-0.58,-2.72,-0.09,-0.88,0.46,0.15,0.56,-0.14,5.41,-62.23,263.96,5.70,124,
103.38,36.44,-0.10,-0.73,-0.09,-0.88,0.37,0.14,0.58,-0.10,5.66,-67.31,265.23,5.39,128,
103.50,30.85,-0.09,-1.05,-0.08,-0.97,0.28,0.14,0.58,-0.05,4.43,-74.14,264.72,5.39,129,
103.65,51.63,-1.53,-1.73,-0.10,-1.00,0.15,0.14,0.59,-0.00,5.52,-81.32,265.07,5.39,129,
103.76,42.98,0.05,-2.44,-0.09,-1.00,0.05,0.14,0.58,0.04,5.01,-87.09,264.64,5.07,132,
103.91,17.73,-2.73,-1.90,-0.09,-0.99,-0.01,0.14,0.59,0.07,5.39,-90.74,264.87,5.39,132,
104.03,64.94,-2.96,-2.54,-0.09,-0.98,-0.13,0.14,0.58,0.13,5.32,-97.72,264.74,5.39,131,
104.18,21.49,0.37,-1.29,-0.09,-0.95,-0.20,0.15,0.57,0.14,5.37,-102.12,264.04,5.70,128,
104.30,26.70,-1.75,-0.84,-0.10,-0.97,-0.28,0.15,0.55,0.17,5.66,-106.16,263.69,6.02,114,
104.42,28.43,-2.58,-0.19,-0.09,-0.94,-0.41,0.14,0.53,0.23,5.11,-113.47,263.47,6.34,87,
104.54,23.66,0.73,-4.10,-0.10,-0.87,-0.51,0.14,0.50,0.25,5.52,-120.46,263.04,6.65,63,
104.68,33.17,1.60,-3.22,-0.10,-0.80,-0.60,0.14,0.48,0.29,5.72,-126.89,262.01,6.97,55,
104.80,34.84,-3.39,-3.32,-0.12,-0.79,-0.66,0.13,0.46,0.31,6.41,-130.11,262.20,7.29,56,
104.93,63.28,0.74,-3.48,-0.11,-0.68,-0.75,0.13,0.42,0.34,6.29,-137.95,261.05,7.92,55,
105.06,38.39,-2.69,-3.69,-0.11,-0.62,-0.81,0.13,0.38,0.37,6.31,-142.36,259.65,8.24,74,
105.20,24.63,-4.26,-5.11,-0.13,-0.50,-0.90,0.13,0.34,0.38,7.31,-150.97,257.34,8.24,99,
105.32,58.37,-0.55,-3.61,-0.10,-0.38,-1.03,0.13,0.31,0.39,5.46,-159.76,255.47,7.92,113,
105.45,20.31,-3.03,-3.33,-0.12,-0.37,-0.94,0.13,0.29,0.41,6.91,-158.45,254.52,7.60,116,
105.58,61.68,1.24,-3.31,-0.11,-0.28,-1.20,0.13,0.23,0.42,5.01,-166.69,249.87,7.92,119,
105.71,2.61,4.90,-9.63,-0.12,-0.21,-1.07,0.12,0.23,0.42,6.49,-168.74,250.64,7.92,123,
105.85,10.31,-9.59,-4.74,-0.14,-0.21,-1.01,0.12,0.22,0.42,7.69,-168.14,250.51,8.24,133,
105.99,18.79,-10.06,-6.44,-0.14,-0.10,-1.00,0.13,0.19,0.42,7.93,-174.27,245.19,9.19,146,
106.11,31.93,-3.19,-3.54,-0.12,-0.08,-1.03,0.14,0.17,0.42,6.54,-175.58,239.49,10.46,144,
106.26,36.21,-8.32,2.82,-0.13,0.03,-1.02,0.13,0.13,0.41,7.15,178.08,233.22,12.04,126,
106.37,35.83,-8.80,-4.52,-0.11,0.11,-1.03,0.14,0.09,0.40,5.84,173.70,220.41,13.31,113,
106.49,6.21,0.82,-0.65,-0.07,0.26,-0.98,0.15,0.04,0.39,3.75,164.95,204.08,12.99,111,
106.64,44.34,-1.62,-0.53,-0.08,0.30,-1.00,0.14,0.02,0.37,4.15,163.59,198.64,12.67,113,
106.75,6.71,-2.67,-2.36,-0.08,0.43,-0.93,0.14,-0.03,0.35,4.57,155.28,175.31,11.72,110,
106.88,110.51,-9.36,-4.61,-0.14,0.38,-1.00,0.14,-0.05,0.33,7.35,159.04,169.77,11.09,110,
107.01,39.00,-1.74,-2.51,-0.05,0.68,-0.91,0.14,-0.06,0.32,2.54,142.95,164.14,10.46,113,
107.15,6.75,-0.96,-3.30,-0.08,0.59,-0.84,0.14,-0.08,0.30,4.70,144.69,159.17,9.82,83,
107.27,41.62,2.55,-7.45,-0.07,0.72,-0.70,0.15,-0.12,0.26,4.02,134.23,148.77,9.19,77,
107.42,19.19,-0.27,-1.23,-0.08,0.79,-0.64,0.15,-0.14,0.24,4.69,129.30,145.10,8.24,75,
107.53,64.73,-1.43,-3.94,-0.09,0.82,-0.57,0.15,-0.16,0.19,5.43,125.02,141.25,7.29,77,
107.66,9.39,-2.10,-1.35,-0.08,0.87,-0.51,0.16,-0.18,0.17,4.55,120.46,139.99,6.97,74,
107.80,48.65,-1.22,-4.10,-0.08,0.91,-0.45,0.16,-0.19,0.13,4.59,116.25,137.88,6.97,78,
107.92,29.86,-4.13,0.42,-0.07,0.94,-0.36,0.16,-0.20,0.10,4.12,111.20,137.94,6.97,76,
108.05,27.53,-2.15,-1.30,-0.08,0.95,-0.29,0.16,-0.21,0.08,4.53,106.88,136.13,6.97,73,
108.18,47.70,-4.18,-0.37,-0.08,0.95,-0.16,0.16,-0.21,0.02,4.64,99.31,134.94,6.97,74,
108.31,-0.18,3.68,-3.71,-0.10,0.98,-0.14,0.16,-0.22,0.01,5.82,98.08,134.80,7.29,75,
108.44,12.19,-4.10,-1.99,-0.07,0.98,-0.12,0.16,-0.21,-0.01,3.90,96.92,135.08,7.29,75,
108.60,59.52,-2.69,-4.25,-0.07,0.94,-0.06,0.16,-0.21,-0.03,4.16,93.40,135.48,7.29,74,
108.71,54.94,-14.01,-2.99,-0.08,0.95,0.12,0.16,-0.20,-0.08,4.71,82.76,136.63,7.29,75,
108.83,26.60,-3.54,-1.41,-0.08,0.96,0.21,0.16,-0.18,-0.15,4.43,77.47,138.84,7.29,76,
108.98,-2.41,-2.53,-2.06,-0.07,0.96,0.23,0.15,-0.18,-0.15,4.25,76.54,138.52,7.29,73,
109.09,-5.57,2.06,1.32,-0.08,0.96,0.23,0.16,-0.19,-0.14,4.35,76.44,138.62,7.29,76,
109.23,-9.20,2.10,-2.21,-0.08,0.96,0.22,0.16,-0.19,-0.14,4.68,77.26,139.65,7.29,75,
109.35,-34.18,3.57,-0.73,-0.06,0.98,0.16,0.17,-0.20,-0.12,3.19,80.50,139.28,7.60,76,
109.48,-22.37,-15.06,-20.20,-0.07,0.95,0.08,0.18,-0.21,-0.06,4.12,84.93,140.09,8.87,76,
109.61,17.14,23.00,-8.07,-0.01,0.95,0.02,0.21,-0.20,-0.07,0.63,88.64,145.84,10.46,255,
109.73,3.83,29.34,-8.42,0.04,1.00,0.08,0.22,-0.19,-0.07,-2.07,85.41,147.84,11.09,255,
109.87,12.83,36.40,-12.31,0.05,1.01,0.11,0.25,-0.19,-0.06,-3.00,83.73,151.75,12.67,255,
110.00,4.13,39.28,3.28,0.10,1.01,0.11,0.26,-0.18,-0.05,-5.73,83.95,154.55,13.31,255,
110.12,11.83,58.52,-40.88,0.19,0.99,0.11,0.29,-0.17,-0.03,-10.49,83.66,158.21,12.67,255,
110.25,21.90,33.16,-49.44,0.33,1.01,0.13,0.34,-0.14,-0.02,-17.97,82.58,165.90,11.09,255,
110.39,46.81,49.34,-94.10,0.50,0.85,0.14,0.42,-0.09,-0.01,-30.46,80.81,176.65,12.99,255,
110.53,43.67,38.08,-61.38,0.70,0.60,0.10,0.47,-0.02,-0.00,-49.06,80.99,-173.77,17.43,255,
110.65,37.83,19.37,-45.72,0.77,0.46,0.14,0.50,0.05,0.02,-57.96,72.91,194.72,19.96,255,
110.80,12.87,26.43,-39.73,0.81,0.38,0.11,0.51,0.10,0.05,-63.86,74.07,199.11,22.81,255,
110.91,23.41,23.89,20.25,0.83,0.31,0.04,0.51,0.10,0.08,-69.45,82.58,200.11,23.76,255,
111.05,-10.27,4.58,34.80,0.86,0.38,0.21,0.51,0.08,0.08,-63.42,61.46,197.29,23.13,255,
111.17,-29.47,1.99,-0.34,0.87,0.50,0.18,0.50,0.06,0.08,-58.44,70.62,195.08,22.50,255,
111.30,79.59,19.60,8.99,0.80,0.44,0.09,0.50,0.06,0.08,-60.58,78.62,195.09,24.08,255,
111.43,51.02,-5.29,-53.13,0.84,0.38,0.25,0.50,0.06,0.06,-61.17,56.59,195.65,24.08,255,
111.64,29.13,-14.77,38.97,0.62,0.10,0.05,0.50,0.07,0.06,-79.95,65.54,196.67,21.86,255,
111.81,93.00,-7.96,107.48,0.54,0.46,0.82,0.49,-0.01,-0.01,-29.89,29.57,-173.13,18.69,255,
111.85,50.81,-21.74,-16.88,0.82,0.26,0.76,0.43,-0.08,-0.08,-45.42,18.55,177.92,13.94,255,
112.08,23.25,-111.24,55.31,0.44,0.70,0.60,0.36,-0.13,-0.16,-25.43,49.29,168.37,10.14,255,
112.09,42.70,-121.74,60.70,0.25,0.31,0.88,0.25,-0.13,-0.27,-15.28,19.52,160.59,54.50,255,
112.24,-0.93,20.87,-13.54,0.01,0.54,1.21,0.08,-0.13,-0.32,-0.47,23.92,132.01,24.40,255,
112.36,2.68,2.09,-12.05,0.06,0.58,0.77,0.11,-0.15,-0.29,-3.30,37.01,134.03,7.29,255,
112.48,-0.13,4.45,2.88,0.00,0.42,0.84,0.10,-0.15,-0.30,-0.12,26.81,132.16,6.65,100,
112.63,28.64,10.82,21.20,0.05,0.50,0.81,0.10,-0.12,-0.34,-2.94,31.35,138.32,5.39,82,
112.73,22.88,8.46,-4.88,-0.00,0.37,0.90,0.10,-0.08,-0.35,0.07,22.41,148.74,4.75,82,
112.89,9.25,-3.06,7.04,0.06,0.35,0.89,0.10,-0.07,-0.37,-3.61,21.55,154.60,5.07,84,
113.00,12.65,17.83,-15.32,0.13,0.17,0.13,0.09,-0.06,-0.38,-31.16,51.95,157.75,5.07,84,
113.15,-59.46,-3.57,13.79,0.04,0.51,0.93,0.09,-0.09,-0.37,-2.32,29.04,146.11,6.02,86,
113.27,-80.14,-73.35,36.46,-2.00,2.00,2.00,0.07,-0.14,-0.32,35.26,45.00,126.02,7.29,88,
113.38,64.41,-29.78,-5.08,-1.23,-1.34,1.22,0.07,-0.13,-0.35,34.17,-47.80,126.20,7.29,87,
113.53,-1.45,4.33,2.49,-0.00,0.43,0.89,0.06,-0.12,-0.35,0.08,26.07,124.18,6.97,88,
113.65,-2.79,2.00,-0.61,-0.03,0.43,0.87,0.05,-0.12,-0.35,1.87,26.63,122.70,6.02,89,
113.80,-1.49,-0.08,-15.89,-0.02,0.48,0.86,0.06,-0.12,-0.35,1.00,29.39,124.02,6.34,88,
113.92,-2.43,-3.44,0.89,-0.05,0.41,0.83,0.06,-0.12,-0.35,3.18,26.16,124.70,6.34,87,
114.05,-2.56,-6.56,-0.66,-0.04,0.44,0.86,0.06,-0.12,-0.35,2.43,27.24,124.90,6.34,87,
114.16,-1.64,-5.93,-14.09,-0.09,0.43,0.86,0.05,-0.12,-0.35,5.54,26.38,123.39,6.65,85,
114.31,48.62,3.45,-1.20,0.00,0.40,0.86,0.05,-0.10,-0.36,-0.20,24.69,124.89,6.34,86,
114.43,74.13,-0.49,-1.84,-0.02,0.37,0.91,0.05,-0.04,-0.40,0.99,22.19,150.13,7.60,86,
114.55,183.81,-2.10,0.85,0.04,-0.12,0.89,0.06,0.15,-0.45,-2.63,-7.79,257.35,8.87,87,
114.71,90.89,-1.25,6.94,0.10,-0.22,0.64,0.05,0.31,-0.44,-8.04,-18.97,269.10,8.55,85,
114.81,36.17,-9.54,5.73,-0.09,-0.61,0.77,0.05,0.38,-0.42,5.30,-38.58,271.19,8.55,88,
114.96,-3.21,-2.36,-2.67,0.01,-0.62,0.76,0.05,0.38,-0.42,-0.42,-39.08,271.29,8.55,88,
115.07,-2.87,-9.83,-4.72,-0.06,-0.55,0.72,0.04,0.38,-0.42,3.74,-37.42,272.22,8.87,87,
115.22,-1.81,1.48,-1.32,-0.02,-0.61,0.79,0.05,0.38,-0.42,1.32,-37.85,271.17,8.55,86,
115.34,0.61,-0.99,-3.09,-0.00,-0.55,0.76,0.04,0.39,-0.42,0.15,-35.93,272.55,7.92,86,
115.48,170.29,8.85,-11.79,-0.00,-0.94,0.55,0.03,0.55,-0.32,0.20,-59.91,275.68,8.24,87,
115.59,133.49,-5.76,-3.66,-0.02,-1.16,0.15,0.02,0.65,-0.18,1.08,-82.68,276.75,7.92,86,
115.74,96.05,9.04,-3.51,-0.09,-0.90,-0.25,0.00,0.70,-0.02,5.66,-105.37,278.26,7.60,85,
115.86,-3.73,0.28,-1.23,-0.02,-0.96,-0.29,0.02,0.68,0.04,1.38,-106.78,276.86,7.29,84,
115.98,-2.50,-0.27,1.43,-0.05,-0.93,-0.30,0.03,0.67,0.03,2.87,-107.85,276.09,7.29,86,
116.11,-0.44,0.35,-0.45,-0.06,-1.02,-0.26,0.01,0.69,0.04,3.20,-104.27,277.49,7.29,86,
116.26,168.39,-9.08,1.77,0.01,-0.93,-0.59,0.00,0.68,0.18,-0.26,-122.61,278.32,7.29,88,
116.39,172.33,-3.79,-3.01,-0.02,-0.47,-0.86,0.00,0.57,0.35,1.18,-151.29,278.44,6.97,85,
116.52,53.83,-0.79,-2.82,-0.05,-0.13,-1.06,0.01,0.39,0.46,2.64,-173.18,277.52,6.34,88,
116.63,-2.19,-2.95,-2.15,-0.12,-0.08,-1.02,0.03,0.35,0.46,6.91,-175.57,274.44,5.70,87,
116.75,-2.32,0.66,0.54,-0.03,-0.14,-1.04,0.02,0.37,0.47,1.80,-172.57,275.44,5.70,84,
116.91,102.29,-6.00,-2.92,-0.04,-0.00,-1.04,0.03,0.33,0.48,2.23,-179.90,274.07,4.44,86,
117.04,163.60,-10.49,-0.21,-0.00,0.27,-0.99,0.05,0.12,0.50,0.24,164.90,257.25,4.44,85,
117.17,244.96,1.31,-0.13,-0.16,0.80,-0.39,0.05,-0.16,0.34,10.41,115.94,117.05,6.97,85,
117.28,-2.63,-2.54,-1.99,-0.07,0.96,-0.25,0.05,-0.23,0.24,4.11,104.65,111.39,7.29,87,
117.42,-2.98,2.28,-3.52,-0.08,0.99,-0.25,0.05,-0.23,0.23,4.72,104.05,111.58,7.29,84,
117.56,-0.77,1.10,0.49,-0.05,0.91,-0.26,0.04,-0.22,0.23,3.08,105.77,109.82,7.60,85,
117.69,206.84,-3.41,-7.03,-0.03,1.10,-0.09,0.04,-0.24,0.13,1.62,94.48,107.62,10.77,88,
117.81,153.01,-1.81,-1.44,0.02,1.23,0.40,0.03,-0.23,-0.12,-0.99,71.96,106.61,6.65,86,
117.92,91.55,-5.56,-4.88,-0.01,0.47,0.81,0.03,-0.11,-0.32,0.67,30.36,113.81,5.70,85,
118.07,-3.73,-6.00,-1.23,-0.08,0.71,1.03,0.05,-0.12,-0.33,3.64,34.57,121.12,6.02,86,
118.18,-2.85,-0.95,-5.72,0.07,0.53,0.86,0.05,-0.12,-0.34,-3.87,31.34,121.89,6.02,86,
118.33,2.60,3.52,0.75,-0.02,0.45,0.86,0.05,-0.12,-0.34,1.01,27.76,122.64,5.70,88,
118.44,235.59,-2.09,-9.73,-0.03,0.06,0.97,0.06,0.03,-0.43,1.57,3.44,218.68,8.55,88,
118.57,224.27,0.16,-4.28,-0.03,-0.54,0.71,0.05,0.36,-0.43,1.90,-37.58,270.29,7.60,88,
118.72,-3.20,0.09,-0.30,-0.00,-0.70,0.70,0.05,0.43,-0.40,0.04,-44.93,271.61,7.60,88,
118.86,-2.08,2.37,-0.96,0.07,-0.69,0.69,0.06,0.43,-0.40,-3.84,-44.96,270.89,7.60,86,
118.97,-1.52,9.40,0.75,0.02,-0.71,0.68,0.06,0.44,-0.39,-1.29,-46.27,270.85,7.29,88,
119.12,244.96,5.61,-6.47,-0.03,-1.06,0.68,0.05,0.51,-0.34,1.49,-57.34,272.64,7.60,87,
119.22,244.96,-18.30,-16.49,-0.10,-1.35,0.02,0.03,0.67,-0.06,4.06,-89.17,276.45,7.29,88,
119.37,-2.91,-0.54,-2.12,-0.06,-0.93,-0.41,0.02,0.68,0.09,3.23,-113.74,276.58,7.29,86,
119.49,-2.44,-10.60,-0.76,0.03,-0.93,-0.27,0.02,0.67,0.09,-1.62,-106.06,276.53,7.29,86,
119.64,-2.03,-4.82,2.35,0.06,-0.92,-0.43,0.03,0.67,0.09,-3.52,-115.06,275.72,7.60,86,
119.76,72.89,-13.85,6.36,0.03,-0.82,-0.51,0.02,0.68,0.10,-1.57,-121.82,276.82,7.29,87,
119.87,244.96,22.24,-5.59,-0.15,-0.67,-0.90,0.01,0.50,0.39,7.39,-143.43,277.05,5.70,88,
120.01,-3.99,-0.19,-0.20,-0.13,-0.08,-1.00,0.01,0.35,0.46,7.19,-175.66,276.84,5.39,85,
120.13,-3.26,-37.32,-6.86,-0.09,-0.09,-1.12,0.03,0.34,0.47,4.63,-175.34,273.36,5.39,86,
120.26,-2.19,-11.24,-4.63,-0.02,-0.07,-1.03,0.03,0.34,0.47,0.95,-176.36,272.96,5.39,83,
120.41,237.19,-4.94,8.46,0.03,0.13,-1.18,0.03,0.31,0.48,-1.56,173.49,272.61,3.49,87,
120.55,244.96,15.05,9.95,-0.04,0.63,-0.63,0.03,-0.07,0.40,2.64,135.29,124.61,5.70,85,
120.67,-3.58,-3.48,-1.69,-0.07,0.90,-0.40,0.03,-0.18,0.29,4.06,114.23,108.10,6.02,85,
120.78,-5.61,8.36,-17.05,-0.08,0.85,-0.41,0.04,-0.19,0.30,5.15,115.51,111.78,6.02,87,
120.92,-1.88,-1.62,-10.89,0.01,1.00,-0.38,0.04,-0.18,0.31,-0.64,111.12,111.17,6.02,85,
121.04,244.96,-18.79,2.21,-0.22,0.67,0.11,0.04,-0.23,0.17,18.16,80.22,107.72,10.14,84,
121.19,107.64,1.17,-4.79,-0.01,0.80,0.55,0.02,-0.21,-0.18,0.61,55.41,105.01,7.60,86,
121.32,-4.54,-2.77,-4.52,-0.04,0.70,0.68,0.04,-0.20,-0.23,2.11,45.86,110.82,7.29,86,
121.45,-2.59,-5.16,0.10,0.07,0.68,0.59,0.05,-0.21,-0.22,-4.20,48.86,112.72,7.29,88,
121.58,-0.37,-1.61,-1.11,-0.02,0.72,0.64,0.05,-0.20,-0.22,1.47,48.38,113.30,6.34,84,
121.71,244.96,-25.01,1.65,-0.03,0.08,0.87,0.04,0.02,-0.41,2.26,5.21,218.41,9.50,85,
121.82,21.53,-4.18,-2.68,-0.12,-0.46,0.65,0.01,0.30,-0.44,8.83,-35.07,275.81,10.14,84,
121.94,-1.05,12.44,-3.19,-0.12,-0.18,0.83,0.04,0.29,-0.45,7.85,-12.33,271.51,9.82,85,
122.09,-1.60,13.93,1.82,-0.04,-0.36,0.90,0.04,0.29,-0.44,2.22,-21.97,270.97,9.19,84,
122.21,244.96,5.65,-2.84,-0.03,-0.55,0.72,0.04,0.37,-0.42,1.59,-37.08,273.13,7.60,85,
122.36,170.73,-8.96,-8.38,-0.02,-0.74,0.02,0.02,0.65,-0.13,1.38,-88.32,276.59,7.60,87,
122.48,-3.90,2.27,-1.58,-0.11,-1.00,-0.17,0.02,0.67,-0.03,5.94,-99.85,276.53,7.29,88,
122.60,-3.33,-5.17,-3.69,-0.02,-0.95,-0.21,0.02,0.66,-0.03,0.95,-102.50,276.57,7.29,87,
122.73,-0.52,-13.98,0.26,-0.10,-1.02,-0.23,0.02,0.67,-0.03,5.38,-102.57,276.57,7.29,84,
122.87,244.96,15.56,-15.65,0.01,-0.57,-0.66,0.00,0.62,0.26,-0.83,-139.27,278.35,6.65,85,
123.01,0.88,2.41,-1.84,-0.04,-0.30,-0.98,-0.01,0.45,0.43,2.44,-163.23,280.30,6.34,87,
123.14,-3.97,-17.32,-8.53,-0.13,-0.30,-1.07,0.00,0.43,0.44,6.93,-164.41,278.38,6.02,86,
123.28,-2.75,-14.45,-8.03,-0.05,-0.24,-1.02,0.01,0.44,0.43,2.92,-166.64,277.35,5.70,88,
123.38,244.96,5.25,-9.94,-0.11,-0.09,-0.92,-0.00,0.30,0.49,6.99,-174.57,278.98,2.85,88,
123.51,97.60,-5.25,-4.92,-0.12,0.39,-0.93,-0.02,0.11,0.48,6.71,157.32,290.53,3.17,87,
123.66,-3.87,-4.46,-4.96,-0.12,0.49,-0.87,0.01,0.07,0.48,6.90,150.68,272.00,3.17,88,
123.78,-2.16,-2.98,2.89,-0.05,0.52,-0.86,0.01,0.07,0.48,2.71,148.64,266.95,3.17,87,
123.90,6.33,-0.25,-4.69,-0.09,0.55,-0.94,0.02,0.08,0.48,4.83,149.76,261.69,4.44,86,
124.05,205.21,-22.24,15.66,-0.04,0.85,-0.56,0.03,-0.15,0.32,2.41,123.48,110.42,6.97,84,
124.15,6.83,16.31,-3.69,-0.03,0.98,-0.14,0.03,-0.23,0.20,1.49,98.40,105.33,7.92,87,
124.30,-2.59,-6.53,-3.53,-0.04,0.97,-0.18,0.03,-0.24,0.20,2.53,100.64,106.95,7.92,87,
124.42,-3.11,-9.28,-8.62,-0.03,0.99,-0.22,0.05,-0.24,0.20,1.54,102.57,110.12,7.92,87,
124.57,-0.43,-4.69,22.99,0.10,0.97,-0.20,0.04,-0.25,0.20,-5.76,101.77,108.19,7.92,85,
124.69,-7.00,-1.52,-12.59,-0.07,0.98,-0.21,0.04,-0.24,0.20,4.18,102.26,107.20,5.07,85,
124.81,55.37,-58.21,16.99,0.03,1.58,-0.52,0.09,-0.19,0.27,-1.20,108.18,122.84,6.02,255,
124.96,-77.99,-40.05,-69.84,0.38,1.15,-0.52,0.17,-0.12,0.31,-16.86,114.23,153.54,6.65,255,
125.08,-55.36,-66.36,-83.55,0.54,0.68,-0.58,0.31,0.03,0.35,-31.07,130.54,193.44,7.29,255,
125.22,8.13,-68.25,-55.49,0.66,0.34,-0.50,0.40,0.12,0.30,-47.77,145.94,205.97,6.34,188,
125.34,-245.00,-86.60,150.43,0.66,0.09,-0.37,0.46,0.22,0.23,-60.14,166.79,214.47,18.06,135,
125.46,-28.59,-53.92,-67.28,0.85,0.35,-0.57,0.48,0.22,0.18,-51.72,148.38,213.24,19.01,255,
125.61,-25.34,49.36,43.35,0.73,0.77,-0.38,0.51,0.21,0.11,-40.44,116.12,210.73,19.96,255,
125.74,-49.16,17.34,-33.92,1.06,0.48,-0.87,0.50,0.18,0.17,-47.03,151.07,208.16,12.04,255,
125.86,20.23,-152.89,18.87,0.88,0.40,-0.16,0.52,0.22,0.08,-63.94,112.22,211.04,5.39,255,
125.98,-144.25,-59.99,-4.98,0.69,0.61,0.04,0.54,0.17,-0.05,-48.34,86.50,206.31,6.34,255,
126.11,-97.30,7.30,-51.64,0.45,0.45,0.16,0.53,0.16,-0.12,-42.81,70.75,205.26,6.65,255,
126.26,-6.24,40.47,-134.42,0.62,-0.01,-0.27,0.54,0.28,-0.04,-66.24,-177.13,215.47,5.07,255,
126.38,-6.71,72.76,-34.98,0.79,-0.21,-0.33,0.49,0.38,0.14,-63.36,-147.23,226.09,4.44,255,
126.50,-30.30,47.52,41.56,0.52,-0.70,-0.45,0.44,0.42,0.21,-32.18,-122.74,232.56,4.44,255,
126.66,-41.63,-46.48,0.05,0.84,-0.44,-0.67,0.41,0.45,0.18,-46.27,-146.48,236.11,4.44,255,
126.78,0.46,64.05,-50.30,0.84,-0.43,-0.56,0.39,0.48,0.11,-50.02,-142.16,238.99,2.22,19,
126.92,-14.53,-2.65,-13.84,0.88,-0.50,-0.67,0.36,0.50,0.11,-46.47,-142.91,242.85,1.27,18,
127.04,5.31,-40.51,23.85,1.09,-0.24,-0.54,0.37,0.49,0.11,-61.54,-156.16,241.99,1.27,20,
127.17,-74.04,15.67,-7.54,1.10,-0.21,-0.48,0.37,0.50,0.08,-64.53,-156.88,242.10,1.90,18,
127.29,8.93,7.13,15.13,0.66,0.22,-0.67,0.38,0.50,0.10,-43.18,161.57,241.54,2.22,22,
127.42,20.60,-4.60,-11.45,1.68,-0.17,-0.26,0.36,0.51,0.10,-79.50,-146.14,243.16,2.85,25,
127.54,10.33,24.58,0.02,0.65,-0.42,-0.40,0.37,0.50,0.10,-48.00,-133.34,242.44,4.75,53,
127.68,-1.26,3.22,-1.71,0.83,-0.30,-0.49,0.36,0.51,0.11,-55.11,-148.97,243.43,6.97,53,
127.83,-1.94,-0.76,-2.22,0.84,-0.30,-0.47,0.36,0.51,0.11,-56.28,-147.64,243.18,9.19,53,
127.95,-1.85,-1.17,-1.63,0.85,-0.28,-0.46,0.36,0.50,0.11,-57.53,-148.62,242.94,9.50,53,
128.06,-0.92,1.29,-3.59,0.86,-0.32,-0.48,0.36,0.50,0.11,-56.08,-146.18,242.75,9.82,53,
128.19,-3.10,7.12,2.92,0.85,-0.16,-0.50,0.36,0.50,0.11,-58.03,-162.74,242.51,10.14,74,
128.32,-1.76,-1.61,-1.56,0.84,-0.30,-0.47,0.36,0.50,0.11,-56.45,-147.08,243.11,10.14,77,
128.45,-2.28,-1.76,-2.15,0.83,-0.28,-0.46,0.36,0.50,0.10,-57.01,-148.81,243.13,10.46,78,
128.58,-2.36,-1.68,-2.03,0.83,-0.28,-0.47,0.36,0.50,0.11,-56.78,-148.65,242.82,10.46,80,
128.74,-2.03,-1.30,-1.69,0.84,-0.28,-0.47,0.37,0.50,0.11,-56.87,-148.74,242.33,10.46,78,
128.86,-2.17,-1.50,-1.92,0.83,-0.28,-0.46,0.36,0.50,0.11,-56.91,-148.48,243.28,10.14,81,
129.00,-2.22,-1.74,-1.89,0.83,-0.28,-0.46,0.36,0.50,0.11,-56.87,-148.60,243.36,10.77,76,
129.10,-33.13,-10.80,0.87,0.88,-0.70,0.21,0.36,0.50,0.10,-50.18,-73.10,242.81,13.62,79,
129.26,0.67,2.24,-15.22,1.03,-0.88,1.04,0.36,0.50,0.11,-37.10,-40.09,242.95,16.16,79,
129.39,-2.44,-10.38,-1.94,0.84,-0.28,-0.45,0.36,0.51,0.11,-57.67,-148.25,243.02,15.84,79,
129.51,-1.99,-5.40,-1.70,0.84,-0.27,-0.43,0.35,0.51,0.11,-58.78,-148.00,243.97,16.16,79,
129.62,-2.21,-1.39,-1.76,0.84,-0.28,-0.45,0.36,0.50,0.11,-57.55,-148.12,242.83,16.48,79,
129.75,-2.00,-1.51,-1.75,0.84,-0.28,-0.45,0.36,0.50,0.10,-57.71,-148.16,242.87,16.48,80,
129.91,-2.27,-1.52,-1.67,0.84,-0.28,-0.45,0.36,0.50,0.11,-57.68,-148.44,242.84,16.48,78,
