2017-01-30-19-53-17
0
ophthalmoscope
D
0.00,224.40,255,
0.00,-0.56,-0.52,-0.01,0.85,0.29,0.38,0.40,-0.21,-0.04,-60.74,37.68,160.49,24.40,255,
0.01,-0.31,-0.67,0.12,0.85,0.29,0.38,0.39,-0.21,-0.04,-60.91,37.47,160.27,24.40,255,
0.02,-0.55,-0.64,0.02,0.86,0.29,0.38,0.40,-0.21,-0.04,-60.97,37.05,160.84,24.40,255,
0.03,-0.53,-0.79,0.10,0.86,0.29,0.38,0.39,-0.21,-0.04,-61.09,37.41,160.64,24.40,255,
0.03,-0.70,-0.67,0.09,0.85,0.29,0.37,0.39,-0.21,-0.04,-61.26,38.02,160.35,24.40,255,
0.04,-0.45,-0.64,-0.06,0.85,0.29,0.38,0.39,-0.21,-0.03,-60.97,37.45,160.16,24.40,255,
0.05,-0.45,-0.81,0.14,0.85,0.29,0.38,0.40,-0.22,-0.04,-61.05,37.12,159.68,24.40,255,
0.06,-0.41,-0.77,0.11,0.86,0.29,0.38,0.39,-0.21,-0.04,-60.88,37.05,160.03,24.40,255,
0.07,-0.31,-0.67,0.10,0.85,0.29,0.38,0.39,-0.21,-0.04,-60.92,37.08,159.77,24.40,255,
0.08,-0.30,-0.62,0.22,0.85,0.28,0.36,0.39,-0.21,-0.04,-61.64,37.79,160.04,24.40,255,
0.09,-0.64,-0.76,0.09,0.86,0.29,0.38,0.40,-0.22,-0.04,-61.08,37.32,159.95,24.40,255,
0.19,-0.59,-0.65,-0.01,0.86,0.29,0.38,0.39,-0.21,-0.03,-61.11,37.52,159.93,24.40,255,
0.32,-0.42,-0.79,0.22,0.85,0.29,0.37,0.39,-0.22,-0.04,-61.05,37.51,159.42,24.40,255,
0.46,-0.58,-0.71,0.08,0.86,0.29,0.37,0.40,-0.22,-0.04,-61.19,37.40,159.70,24.40,255,
0.59,-0.53,-0.86,0.14,0.85,0.28,0.39,0.39,-0.21,-0.04,-60.84,35.48,159.94,24.40,255,
0.74,-0.42,-0.77,0.08,0.85,0.29,0.38,0.39,-0.21,-0.04,-61.09,37.28,160.16,24.40,255,
0.87,-0.55,-0.87,0.04,0.85,0.28,0.38,0.40,-0.21,-0.03,-61.07,37.00,160.20,24.40,255,
1.00,-0.53,-0.79,0.23,0.85,0.29,0.37,0.40,-0.21,-0.03,-61.04,37.47,160.61,24.40,255,
1.13,-0.57,-0.73,0.13,0.85,0.29,0.38,0.39,-0.21,-0.03,-61.05,37.32,160.80,24.40,255,
1.24,-0.38,-0.65,0.08,0.86,0.29,0.38,0.39,-0.20,-0.04,-61.12,37.27,161.20,24.40,255,
1.37,-0.65,-0.62,0.13,0.86,0.29,0.37,0.39,-0.21,-0.04,-61.19,37.32,160.02,24.40,255,
1.49,-0.59,-0.64,0.15,0.86,0.28,0.38,0.39,-0.22,-0.04,-61.22,37.08,159.88,24.40,255,
1.63,-0.49,-0.81,0.10,0.85,0.29,0.38,0.39,-0.21,-0.03,-60.72,37.17,160.11,24.40,255,
1.75,-0.43,-0.90,0.11,0.85,0.29,0.38,0.40,-0.21,-0.03,-60.95,37.19,161.07,24.40,255,
1.89,-0.31,-0.67,0.02,0.85,0.28,0.38,0.39,-0.21,-0.04,-61.12,37.13,160.13,24.40,255,
2.01,-0.72,-0.66,0.12,0.85,0.29,0.37,0.40,-0.22,-0.04,-61.15,37.62,159.39,24.40,255,
2.15,-0.73,-0.87,0.11,0.85,0.29,0.38,0.40,-0.21,-0.05,-60.89,37.35,160.58,24.40,255,
2.30,-0.74,-0.87,0.13,0.85,0.29,0.38,0.39,-0.21,-0.04,-60.81,37.41,160.73,24.40,255,
2.41,-0.52,-0.88,0.16,0.86,0.29,0.38,0.39,-0.21,-0.03,-61.05,37.20,160.08,24.40,255,
2.54,-0.47,-0.67,0.16,0.85,0.28,0.38,0.40,-0.21,-0.04,-61.02,37.12,160.53,24.40,255,
2.69,-0.55,-0.65,0.07,0.86,0.29,0.37,0.39,-0.22,-0.04,-61.10,37.61,159.73,24.40,255,
2.80,-0.53,-0.71,0.03,0.85,0.29,0.38,0.40,-0.21,-0.04,-60.92,37.17,160.21,24.40,255,
2.92,-0.52,-0.57,-0.02,0.86,0.29,0.37,0.40,-0.21,-0.04,-61.23,37.48,160.55,24.40,255,
3.08,-0.55,-0.61,0.04,0.86,0.29,0.38,0.39,-0.21,-0.04,-61.04,37.10,160.61,24.08,255,
3.20,-0.79,-0.77,-0.04,0.85,0.29,0.38,0.39,-0.21,-0.04,-60.78,37.41,160.33,24.40,255,
3.31,-0.67,-0.84,0.05,0.85,0.29,0.38,0.39,-0.22,-0.04,-60.76,37.22,159.76,24.40,255,
3.46,-0.43,-0.74,0.36,0.85,0.28,0.37,0.39,-0.21,-0.04,-61.17,37.21,160.29,24.40,255,
3.57,-0.49,-0.67,0.14,0.86,0.28,0.37,0.39,-0.21,-0.03,-61.29,37.08,160.57,24.40,255,
3.72,-0.51,-0.78,0.04,0.86,0.29,0.37,0.39,-0.21,-0.04,-61.16,37.57,160.47,24.40,255,
3.85,-0.46,-0.61,0.26,0.85,0.29,0.38,0.39,-0.21,-0.04,-60.85,37.11,160.41,24.40,255,
3.99,-0.61,-0.67,0.13,0.86,0.29,0.38,0.39,-0.21,-0.04,-60.88,37.50,160.94,24.40,255,
4.10,-0.68,-0.61,0.15,0.85,0.29,0.38,0.39,-0.21,-0.03,-60.92,37.59,160.28,24.40,255,
4.22,-0.42,-0.67,0.22,0.86,0.29,0.38,0.40,-0.21,-0.04,-60.94,37.39,161.27,24.71,255,
4.37,-0.48,-0.56,0.13,0.85,0.29,0.39,0.39,-0.21,-0.04,-60.38,36.37,160.19,24.71,255,
4.48,-0.48,-0.61,0.05,0.85,0.29,0.37,0.40,-0.20,-0.04,-61.27,37.81,161.55,25.03,255,
4.63,-0.53,-0.67,0.05,0.86,0.29,0.38,0.40,-0.21,-0.03,-61.14,37.21,161.05,25.03,255,
4.76,-0.53,-0.66,0.01,0.86,0.29,0.38,0.39,-0.21,-0.03,-61.00,37.43,160.82,25.03,255,
4.87,-0.49,-0.52,0.07,0.85,0.28,0.37,0.40,-0.21,-0.03,-61.25,36.94,160.57,24.71,255,
5.01,-0.43,-0.55,0.18,0.85,0.29,0.37,0.39,-0.21,-0.03,-61.17,37.51,160.00,16.16,255,
5.14,-0.40,-0.59,0.40,0.86,0.29,0.38,0.40,-0.22,-0.04,-61.11,37.25,160.01,5.70,132,
5.26,-0.73,-0.79,0.05,0.85,0.28,0.38,0.40,-0.21,-0.03,-61.05,37.18,160.41,6.02,132,
5.40,-0.59,-0.75,0.13,0.85,0.29,0.38,0.39,-0.21,-0.03,-60.94,37.48,160.12,3.80,98,
5.54,-0.61,-0.73,0.16,0.86,0.29,0.36,0.40,-0.21,-0.03,-61.62,38.66,160.77,17.11,255,
5.69,-0.55,-0.92,0.07,0.85,0.28,0.38,0.39,-0.21,-0.03,-60.98,37.02,160.59,24.40,255,
5.80,-0.53,-0.68,0.07,0.86,0.29,0.38,0.40,-0.20,-0.02,-60.98,36.95,161.30,24.71,255,
5.95,-0.40,-0.71,0.05,0.85,0.28,0.38,0.39,-0.21,-0.04,-60.91,36.64,160.53,25.03,255,
6.07,-0.37,-0.87,0.27,0.85,0.29,0.37,0.40,-0.21,-0.03,-61.10,37.47,160.30,25.03,255,
6.20,-0.46,-0.72,-0.02,0.85,0.29,0.39,0.39,-0.22,-0.04,-60.47,36.26,159.68,25.03,255,
6.30,-0.46,-0.78,0.10,0.85,0.29,0.38,0.39,-0.22,-0.03,-60.97,37.34,159.85,25.35,255,
6.46,-0.50,-0.86,0.11,0.85,0.29,0.37,0.39,-0.21,-0.03,-61.15,37.52,160.78,25.35,255,
6.57,-0.51,-0.76,0.12,0.86,0.28,0.38,0.40,-0.21,-0.03,-61.20,36.92,160.89,25.35,255,
6.72,-0.40,-0.73,0.15,0.86,0.29,0.37,0.39,-0.21,-0.03,-61.12,37.55,160.71,25.35,255,
6.84,-0.61,-0.19,0.05,0.86,0.29,0.37,0.40,-0.21,-0.04,-61.16,37.51,160.71,25.35,255,
6.98,-0.22,-0.61,-0.01,0.85,0.30,0.37,0.39,-0.21,-0.03,-60.85,38.94,160.32,25.35,255,
7.10,-0.31,0.57,0.45,0.85,0.30,0.37,0.39,-0.21,-0.04,-60.87,38.46,160.32,25.35,255,
7.22,-0.58,-0.67,0.16,0.86,0.30,0.38,0.38,-0.20,-0.03,-60.77,37.94,160.53,25.35,255,
7.37,-0.71,-0.64,0.18,0.85,0.29,0.37,0.39,-0.21,-0.04,-61.01,38.19,160.60,25.03,255,
7.48,-0.26,-0.66,0.11,0.85,0.29,0.37,0.39,-0.21,-0.03,-61.09,38.23,159.92,25.03,255,
7.63,-0.36,-0.90,0.08,0.85,0.29,0.37,0.39,-0.22,-0.03,-61.07,38.20,159.84,24.71,255,
7.75,-0.49,-0.84,0.17,0.85,0.29,0.37,0.39,-0.21,-0.03,-61.07,38.58,159.90,24.71,255,
7.87,-0.43,-0.66,0.04,0.86,0.29,0.37,0.39,-0.21,-0.04,-61.08,38.22,159.94,24.71,255,
7.99,-0.72,-0.67,0.17,0.86,0.29,0.37,0.39,-0.21,-0.03,-61.05,38.42,160.15,24.71,255,
8.14,-0.66,-0.58,0.17,0.86,0.30,0.39,0.39,-0.22,-0.04,-60.35,37.24,159.84,24.71,255,
8.25,-0.61,-0.67,0.13,0.85,0.29,0.37,0.39,-0.21,-0.04,-61.27,38.34,159.99,24.71,255,
8.40,-0.70,-0.71,0.14,0.86,0.29,0.37,0.39,-0.22,-0.04,-61.37,38.59,159.76,24.71,255,
8.51,-0.53,-0.79,0.06,0.85,0.31,0.35,0.39,-0.21,-0.04,-61.33,41.10,160.11,24.71,255,
8.67,-0.41,-0.93,0.07,0.85,0.30,0.32,0.39,-0.21,-0.04,-62.74,42.79,160.26,24.71,255,
8.80,-0.58,-0.64,0.10,0.85,0.29,0.38,0.40,-0.21,-0.04,-60.77,37.76,160.35,24.71,255,
8.93,-0.52,-0.76,0.19,0.85,0.29,0.37,0.40,-0.21,-0.04,-60.98,38.17,160.82,24.71,255,
9.05,-0.37,-0.76,0.24,0.86,0.29,0.37,0.39,-0.21,-0.04,-61.23,38.43,160.25,24.71,255,
9.18,-0.50,-0.60,0.07,0.86,0.29,0.38,0.39,-0.21,-0.03,-61.00,37.44,160.16,24.71,255,
9.32,-0.64,-0.82,0.19,0.85,0.29,0.37,0.39,-0.21,-0.03,-61.14,38.67,160.30,24.71,255,
9.42,-0.50,-0.68,0.02,0.86,0.30,0.37,0.40,-0.22,-0.04,-60.92,38.46,159.83,22.18,255,
9.58,-0.43,-0.67,0.10,0.85,0.29,0.37,0.39,-0.22,-0.03,-61.03,38.27,158.89,6.34,125,
9.68,-0.53,-0.64,0.01,0.86,0.29,0.37,0.39,-0.21,-0.04,-61.07,38.21,160.44,6.97,127,
9.81,-0.49,-0.74,-0.04,0.85,0.29,0.37,0.39,-0.22,-0.04,-60.88,37.98,159.47,9.50,70,
9.96,-1.00,-2.42,0.31,0.83,0.29,0.36,0.39,-0.22,-0.04,-60.87,39.17,159.90,10.77,63,
10.09,0.18,-1.66,-1.20,1.29,0.05,-0.06,0.40,-0.22,-0.03,-86.71,140.31,159.84,11.72,76,
10.20,-0.74,0.75,0.14,0.85,0.34,0.37,0.39,-0.22,-0.04,-59.66,42.28,159.55,12.04,88,
10.36,-0.34,-0.01,0.07,0.87,0.31,0.37,0.40,-0.21,-0.04,-60.99,39.53,160.18,10.77,98,
10.48,0.94,0.12,0.44,1.06,0.26,0.55,0.39,-0.22,-0.04,-60.32,25.45,159.59,9.82,112,
10.62,-1.36,-0.44,0.05,0.45,0.10,1.60,0.39,-0.22,-0.05,-15.79,3.67,159.75,10.46,125,
10.74,-0.27,1.32,0.02,0.88,0.34,0.18,0.40,-0.22,-0.04,-66.60,61.19,159.30,10.77,125,
10.86,-0.15,-0.51,-0.19,1.05,0.41,0.50,0.39,-0.22,-0.04,-58.30,39.14,159.51,11.41,125,
11.01,-1.62,2.12,-3.59,0.23,0.61,-2.00,0.40,-0.22,-0.04,-6.29,163.00,159.77,15.21,125,
11.13,0.40,1.32,-0.31,0.79,0.35,0.37,0.39,-0.21,-0.03,-57.26,43.79,159.81,19.01,125,
11.26,-0.36,-0.31,0.19,0.85,0.28,0.37,0.40,-0.21,-0.04,-61.09,37.42,160.22,21.23,255,
11.38,-0.46,-0.69,0.13,0.86,0.29,0.37,0.39,-0.21,-0.03,-61.21,37.62,160.84,23.13,255,
11.52,-0.46,-0.64,0.20,0.86,0.29,0.37,0.39,-0.22,-0.04,-61.30,37.89,159.76,24.08,255,
11.63,-0.51,-0.58,0.10,0.86,0.29,0.37,0.39,-0.21,-0.04,-61.19,37.72,160.76,24.40,255,
11.79,-0.40,-0.87,-0.01,0.85,0.29,0.37,0.40,-0.21,-0.04,-61.04,37.92,160.54,24.40,255,
11.91,-0.52,-0.64,0.04,0.85,0.29,0.37,0.39,-0.21,-0.04,-61.09,37.94,160.10,24.40,255,
12.05,-0.63,-0.87,0.01,0.85,0.29,0.37,0.39,-0.21,-0.04,-60.97,37.96,160.57,24.40,255,
12.17,-0.40,-0.74,0.01,0.86,0.29,0.37,0.40,-0.21,-0.03,-61.04,38.18,160.54,24.71,255,
12.29,-0.34,-0.82,0.26,0.86,0.29,0.37,0.39,-0.21,-0.03,-61.06,37.90,160.66,25.03,255,
12.44,-0.50,-0.79,0.18,0.85,0.29,0.37,0.39,-0.21,-0.04,-61.03,37.81,159.87,25.03,255,
12.55,-0.69,-0.70,0.05,0.86,0.29,0.37,0.39,-0.22,-0.03,-61.05,37.73,159.89,25.35,255,
12.70,-0.51,-0.70,0.10,0.85,0.29,0.37,0.39,-0.21,-0.03,-61.13,38.02,160.65,25.35,255,
12.83,-0.34,-0.59,0.16,0.86,0.29,0.37,0.39,-0.21,-0.03,-61.04,38.25,159.92,25.66,255,
12.95,-0.26,-0.79,0.14,0.85,0.29,0.38,0.39,-0.21,-0.04,-60.80,37.98,160.58,25.66,255,
13.10,-0.59,-0.72,0.13,0.85,0.29,0.37,0.39,-0.21,-0.03,-60.81,38.21,160.14,25.66,255,
13.22,-0.55,-0.77,0.10,0.85,0.29,0.37,0.40,-0.21,-0.04,-60.87,37.84,160.21,25.66,255,
13.33,-0.57,-0.78,0.18,0.86,0.29,0.38,0.40,-0.21,-0.04,-60.99,37.68,160.74,25.66,255,
13.46,-0.70,-0.81,0.11,0.85,0.29,0.37,0.40,-0.21,-0.03,-61.00,37.84,160.72,25.66,255,
13.61,-0.56,-0.76,0.01,0.85,0.29,0.39,0.39,-0.22,-0.04,-60.30,36.96,159.44,25.66,255,
13.72,-0.46,-0.84,0.12,0.85,0.29,0.37,0.39,-0.21,-0.04,-61.01,37.96,160.60,25.66,255,
13.85,-0.43,-0.74,0.08,0.85,0.29,0.37,0.39,-0.21,-0.03,-60.96,38.23,159.80,25.66,255,
14.01,-0.55,-0.83,0.18,0.85,0.29,0.37,0.39,-0.21,-0.04,-61.03,37.82,160.62,25.98,255,
14.15,-0.60,-0.76,0.06,0.85,0.29,0.37,0.39,-0.22,-0.04,-60.95,38.22,159.61,25.98,255,
14.24,-0.66,-0.65,0.08,0.86,0.29,0.37,0.39,-0.21,-0.04,-60.99,37.87,160.09,25.98,255,
14.40,-0.55,-0.90,0.07,0.85,0.29,0.37,0.39,-0.21,-0.04,-60.94,38.05,160.67,25.98,255,
14.51,-0.73,-0.80,0.04,0.86,0.29,0.38,0.39,-0.21,-0.05,-60.85,37.98,160.29,25.98,255,
14.63,-0.77,-0.69,0.08,0.86,0.29,0.37,0.40,-0.21,-0.04,-61.30,38.26,160.32,25.98,255,
14.78,-0.42,-0.75,0.26,0.85,0.29,0.38,0.39,-0.21,-0.04,-60.84,37.91,160.21,25.98,255,
14.90,-0.52,-0.92,0.16,0.86,0.29,0.37,0.40,-0.21,-0.04,-61.01,37.81,160.35,25.98,255,
15.02,-0.54,-0.76,0.11,0.85,0.29,0.39,0.40,-0.22,-0.04,-60.39,36.61,159.79,25.98,255,
15.17,-0.41,-0.65,0.07,0.86,0.29,0.37,0.40,-0.22,-0.05,-60.98,37.91,159.90,25.98,255,
15.30,-0.49,-0.52,0.01,0.86,0.29,0.37,0.39,-0.22,-0.04,-61.05,38.08,159.60,25.98,255,
15.43,-0.45,-0.59,0.26,0.85,0.29,0.37,0.39,-0.21,-0.04,-60.90,38.16,160.39,25.98,255,
15.54,-0.49,-0.58,0.13,0.85,0.29,0.38,0.40,-0.22,-0.04,-60.82,37.74,159.88,25.98,255,
15.67,-0.61,-0.54,0.07,0.85,0.29,0.37,0.39,-0.21,-0.03,-60.85,38.16,160.20,25.98,255,
15.80,-0.64,-0.91,0.20,0.85,0.29,0.37,0.40,-0.21,-0.04,-60.97,37.94,160.57,25.98,255,
15.93,-0.62,-0.79,0.06,0.86,0.29,0.37,0.39,-0.21,-0.04,-60.99,38.13,160.49,25.98,255,
16.06,-0.56,-0.76,0.16,0.85,0.29,0.38,0.39,-0.21,-0.04,-60.75,37.99,159.94,25.98,255,
16.21,-0.69,-0.77,0.13,0.85,0.29,0.37,0.39,-0.21,-0.03,-60.87,37.91,160.31,25.98,255,
16.33,-0.50,-0.81,0.15,0.85,0.29,0.37,0.40,-0.22,-0.04,-60.94,37.97,159.98,25.98,255,
16.46,-0.55,-0.81,0.07,0.86,0.29,0.37,0.40,-0.21,-0.03,-60.98,37.99,160.83,25.98,255,
16.58,-0.70,-0.84,0.04,0.86,0.30,0.37,0.40,-0.21,-0.04,-61.12,38.48,160.19,25.98,255,
16.71,-0.44,-0.82,0.22,0.85,0.29,0.37,0.39,-0.21,-0.04,-60.94,38.29,160.69,25.98,255,
16.84,-0.52,-0.92,0.26,0.85,0.29,0.37,0.40,-0.21,-0.03,-61.00,37.86,160.32,25.98,255,
16.97,-0.49,-0.81,0.22,0.85,0.29,0.38,0.39,-0.21,-0.03,-60.89,37.21,160.02,25.98,255,
17.13,-0.57,-0.88,0.08,0.85,0.29,0.37,0.40,-0.21,-0.03,-60.91,37.77,160.52,25.98,255,
17.23,-0.44,-0.67,0.30,0.85,0.29,0.37,0.40,-0.21,-0.03,-60.93,38.24,160.49,25.98,255,
17.38,-0.41,-0.72,0.07,0.85,0.29,0.38,0.39,-0.21,-0.03,-60.86,37.83,160.02,25.98,255,
17.51,-0.59,-0.74,0.15,0.86,0.29,0.38,0.40,-0.21,-0.03,-61.03,37.73,160.16,25.98,255,
17.62,-0.65,-0.75,0.01,0.85,0.29,0.37,0.40,-0.21,-0.03,-60.92,38.26,160.30,25.98,255,
17.77,-0.52,-0.48,0.20,0.85,0.29,0.37,0.40,-0.22,-0.04,-60.93,38.22,159.63,25.98,255,
17.90,-0.49,-0.82,0.12,0.85,0.29,0.37,0.39,-0.21,-0.04,-60.98,38.24,160.11,25.98,255,
18.01,-0.49,-0.63,0.04,0.86,0.29,0.38,0.39,-0.22,-0.04,-61.00,37.72,159.60,25.98,255,
18.16,-0.48,-0.86,0.11,0.85,0.29,0.37,0.39,-0.21,-0.04,-60.84,37.93,160.63,25.98,255,
18.27,-0.55,-0.75,0.09,0.85,0.29,0.37,0.39,-0.21,-0.04,-60.87,38.02,160.56,25.98,255,
18.42,-0.58,-0.55,0.09,0.85,0.29,0.37,0.39,-0.22,-0.04,-61.01,37.83,159.69,25.98,255,
18.54,-0.54,-0.81,0.22,0.85,0.29,0.37,0.39,-0.21,-0.04,-60.93,37.95,160.52,25.98,255,
18.66,-0.38,-0.66,0.13,0.85,0.29,0.37,0.39,-0.21,-0.05,-60.97,38.18,160.34,25.98,255,
18.79,-0.43,-0.73,0.04,0.85,0.29,0.37,0.40,-0.22,-0.04,-60.99,37.96,159.67,25.98,255,
18.92,-0.56,-0.59,0.06,0.86,0.29,0.37,0.39,-0.21,-0.04,-61.03,38.24,160.89,25.98,255,
19.05,-0.42,-0.82,0.16,0.85,0.29,0.38,0.39,-0.21,-0.04,-60.84,37.98,159.95,25.98,255,
19.20,-0.48,-0.64,0.09,0.85,0.30,0.38,0.39,-0.21,-0.04,-60.69,38.08,160.07,25.98,255,
19.33,-0.69,-0.73,0.12,0.85,0.29,0.39,0.40,-0.21,-0.04,-60.32,36.81,160.89,25.98,255,
19.45,-0.36,-0.85,0.25,0.85,0.29,0.37,0.39,-0.21,-0.03,-61.02,37.69,160.22,25.98,255,
19.58,-0.46,-0.78,0.09,0.85,0.29,0.37,0.40,-0.21,-0.03,-60.77,37.92,160.38,25.98,255,
19.70,-0.51,-1.28,0.22,0.85,0.29,0.37,0.40,-0.21,-0.03,-61.14,38.12,161.07,25.98,255,
19.85,-0.76,0.32,0.26,0.85,0.29,0.38,0.40,-0.22,-0.03,-60.72,37.28,160.02,25.98,255,
19.96,-0.34,-0.60,0.04,0.85,0.29,0.38,0.40,-0.21,-0.04,-61.02,37.50,160.80,25.98,255,
20.09,-0.59,-0.79,0.22,0.85,0.29,0.38,0.40,-0.21,-0.04,-60.92,37.58,160.99,25.98,255,
20.24,-0.64,-0.72,0.04,0.85,0.29,0.38,0.39,-0.22,-0.04,-60.85,37.45,159.66,25.98,255,
20.35,-0.80,-0.79,0.04,0.86,0.29,0.38,0.39,-0.21,-0.04,-60.74,37.92,160.30,25.98,255,
20.50,-0.35,-0.81,0.23,0.85,0.29,0.37,0.40,-0.21,-0.05,-60.97,37.86,160.43,25.98,255,
20.62,-0.58,-0.61,0.27,0.85,0.29,0.38,0.40,-0.21,-0.04,-60.78,37.52,161.14,25.98,255,
20.77,-0.64,-0.93,0.09,0.85,0.29,0.38,0.39,-0.21,-0.03,-60.84,37.63,160.11,25.98,255,
20.87,-0.43,-0.81,0.14,0.85,0.29,0.37,0.40,-0.22,-0.04,-60.82,38.02,160.11,25.98,255,
21.00,-0.67,-0.78,0.07,0.85,0.29,0.37,0.39,-0.21,-0.04,-60.92,37.73,160.00,25.98,255,
21.13,-0.51,-0.67,0.17,0.85,0.29,0.37,0.39,-0.22,-0.03,-61.00,37.95,159.58,25.98,255,
21.28,-0.55,-0.86,0.15,0.85,0.29,0.38,0.39,-0.21,-0.04,-60.82,37.58,160.42,25.98,255,
21.40,-0.53,-0.87,0.13,0.85,0.29,0.38,0.39,-0.21,-0.05,-60.88,37.48,160.33,25.98,255,
21.55,-0.73,-0.78,0.03,0.85,0.29,0.37,0.39,-0.21,-0.04,-60.94,37.84,161.09,25.98,255,
21.67,-0.64,-0.76,0.09,0.85,0.29,0.38,0.39,-0.21,-0.04,-60.78,37.60,160.65,25.98,255,
21.80,-0.54,-0.80,0.14,0.85,0.29,0.38,0.40,-0.21,-0.04,-60.62,37.51,160.62,25.98,255,
21.91,-0.76,-0.76,0.09,0.85,0.29,0.38,0.39,-0.22,-0.04,-60.75,37.76,159.63,25.98,255,
22.04,-0.55,-0.81,0.08,0.85,0.29,0.38,0.39,-0.21,-0.04,-60.79,37.39,159.88,25.98,255,
22.19,-0.61,-0.85,0.10,0.85,0.29,0.38,0.39,-0.21,-0.04,-60.79,37.56,160.05,25.98,255,
22.32,-0.45,-0.91,0.16,0.85,0.29,0.38,0.39,-0.21,-0.04,-60.87,37.57,160.43,25.98,255,
22.46,-0.47,-0.70,0.21,0.86,0.29,0.37,0.39,-0.21,-0.04,-61.01,37.81,160.68,25.98,255,
22.58,-0.46,-0.86,0.07,0.86,0.29,0.38,0.39,-0.21,-0.04,-60.74,37.37,160.91,25.98,255,
22.71,-0.68,-1.02,0.02,0.85,0.29,0.38,0.39,-0.21,-0.03,-60.87,37.49,160.93,25.98,255,
22.84,-0.31,-0.67,0.16,0.85,0.29,0.37,0.39,-0.21,-0.04,-60.99,37.74,160.86,25.98,255,
22.98,-0.66,-0.75,0.15,0.85,0.29,0.37,0.39,-0.21,-0.04,-60.94,37.97,160.92,25.98,255,
23.10,-0.51,-0.72,0.12,0.86,0.29,0.38,0.39,-0.22,-0.04,-60.92,37.66,159.81,25.98,255,
23.24,-0.55,-0.73,0.08,0.85,0.29,0.38,0.39,-0.21,-0.03,-60.61,37.43,160.84,25.98,255,
23.36,-0.39,-0.63,0.18,0.85,0.29,0.38,0.40,-0.21,-0.04,-60.87,37.66,160.33,25.98,255,
23.47,-0.68,-0.79,0.13,0.85,0.29,0.37,0.40,-0.21,-0.04,-60.92,37.88,160.48,25.98,255,
23.62,-0.78,-0.55,0.28,0.85,0.29,0.38,0.40,-0.21,-0.04,-60.72,37.60,160.81,25.98,255,
23.74,-0.70,-0.70,0.11,0.86,0.29,0.38,0.40,-0.21,-0.03,-61.07,37.70,160.54,25.98,255,
23.87,-0.49,-0.55,-0.01,0.85,0.29,0.38,0.40,-0.21,-0.04,-60.92,37.45,160.27,25.98,255,
23.99,-0.46,-0.74,0.03,0.85,0.29,0.38,0.40,-0.21,-0.03,-60.78,37.36,160.85,25.98,255,
24.13,-0.55,-0.75,0.03,0.85,0.29,0.38,0.39,-0.21,-0.04,-60.83,37.47,160.25,25.98,255,
24.28,-0.43,-0.75,0.16,0.85,0.29,0.38,0.40,-0.21,-0.03,-60.85,37.41,160.53,25.98,255,
24.39,-0.76,-0.94,0.07,0.85,0.29,0.38,0.39,-0.21,-0.03,-60.78,37.61,160.28,25.98,255,
24.52,-0.59,-0.92,0.10,0.85,0.29,0.38,0.39,-0.22,-0.04,-60.84,37.76,159.85,25.98,255,
24.67,-0.47,-0.73,0.10,0.85,0.29,0.38,0.39,-0.21,-0.03,-60.81,37.90,160.87,25.98,255,
24.78,-0.42,-0.73,0.07,0.85,0.29,0.38,0.40,-0.21,-0.04,-60.78,37.57,160.63,25.98,255,
24.92,-0.69,-0.80,1.91,0.85,0.30,0.38,0.39,-0.21,-0.03,-60.57,38.07,160.23,25.98,255,
25.04,-0.25,-0.75,0.17,0.85,0.29,0.38,0.39,-0.21,-0.03,-60.84,37.68,160.22,25.98,255,
25.17,-0.59,-0.79,-0.08,0.85,0.29,0.38,0.39,-0.21,-0.03,-60.81,37.66,160.13,25.98,255,
25.31,-0.55,-0.81,0.14,0.86,0.29,0.38,0.39,-0.21,-0.04,-60.93,38.00,160.14,25.98,255,
25.44,-0.60,-0.56,0.01,0.86,0.29,0.38,0.39,-0.21,-0.04,-60.91,37.97,160.30,25.98,255,
25.55,-0.62,-0.79,-0.05,0.86,0.29,0.38,0.39,-0.22,-0.03,-61.04,37.57,159.48,25.98,255,
25.69,-0.50,-0.62,0.15,0.85,0.29,0.37,0.39,-0.21,-0.04,-60.95,38.03,160.36,25.98,255,
25.82,-0.63,-1.01,0.01,0.85,0.29,0.38,0.39,-0.21,-0.04,-60.88,37.70,160.59,25.98,255,
25.95,-0.39,-0.81,0.16,0.85,0.29,0.38,0.39,-0.21,-0.03,-60.82,37.57,160.41,25.98,255,
26.09,-0.41,-0.81,-0.01,0.85,0.29,0.38,0.39,-0.21,-0.03,-60.85,37.22,160.13,25.98,255,
26.22,-0.79,-1.00,0.10,0.85,0.29,0.38,0.40,-0.21,-0.03,-60.87,37.56,160.83,25.98,255,
26.35,-0.49,-0.96,0.12,0.85,0.29,0.38,0.39,-0.21,-0.03,-60.83,37.73,159.91,25.98,255,
26.46,-0.84,-0.67,0.10,0.85,0.29,0.38,0.39,-0.22,-0.04,-60.81,37.39,159.78,25.98,255,
26.60,-0.41,-0.89,0.01,0.85,0.29,0.38,0.39,-0.20,-0.04,-60.83,37.72,161.06,25.98,255,
26.74,-0.43,-0.79,0.22,0.85,0.29,0.38,0.39,-0.21,-0.03,-60.77,37.47,160.04,25.98,255,
26.85,-0.66,-0.79,0.09,0.86,0.29,0.38,0.39,-0.21,-0.04,-60.86,37.53,160.24,25.98,255,
27.00,-0.61,-0.64,0.31,0.85,0.30,0.38,0.40,-0.20,-0.03,-60.63,38.19,161.28,25.98,255,
27.12,-0.61,-0.70,0.12,0.85,0.29,0.38,0.40,-0.21,-0.03,-60.73,37.52,161.15,25.98,255,
27.26,-0.58,-0.83,-0.01,0.85,0.29,0.38,0.39,-0.21,-0.04,-60.83,37.69,160.52,25.98,255,
27.38,-0.63,-0.64,0.03,0.86,0.29,0.38,0.39,-0.21,-0.04,-60.98,37.50,159.76,25.98,255,
27.50,-0.31,-0.58,0.10,0.85,0.29,0.38,0.39,-0.21,-0.03,-60.89,37.69,160.45,25.98,255,
27.65,-0.66,-0.81,0.27,0.86,0.29,0.38,0.39,-0.21,-0.03,-61.04,37.65,160.82,25.98,255,
27.76,-0.64,-0.77,0.10,0.85,0.29,0.38,0.40,-0.21,-0.04,-60.90,37.47,160.30,25.98,255,
27.90,-0.81,-1.07,0.13,0.85,0.29,0.38,0.40,-0.21,-0.04,-60.92,37.66,160.41,25.98,255,
28.05,-0.58,-0.76,0.22,0.85,0.29,0.38,0.40,-0.21,-0.03,-60.83,37.56,160.81,25.98,255,
28.15,-0.41,-0.81,0.19,0.85,0.29,0.38,0.39,-0.21,-0.04,-60.74,38.06,159.95,25.98,255,
28.31,-0.52,-0.94,0.21,0.85,0.29,0.38,0.40,-0.21,-0.03,-60.74,36.98,160.87,25.98,255,
28.42,-0.33,-0.96,0.22,0.85,0.29,0.38,0.40,-0.21,-0.03,-60.80,37.45,160.42,25.98,255,
28.57,-0.44,-0.70,0.07,0.85,0.29,0.38,0.39,-0.21,-0.04,-60.79,37.63,160.51,25.98,255,
28.68,-0.42,-0.93,0.34,0.85,0.29,0.38,0.39,-0.21,-0.03,-60.69,37.61,160.72,25.98,255,
28.83,-0.49,-0.62,0.06,0.85,0.29,0.38,0.39,-0.21,-0.04,-60.76,37.77,159.86,25.98,255,
28.95,-0.41,-0.76,0.02,0.85,0.29,0.38,0.40,-0.22,-0.04,-60.75,37.80,159.73,25.98,255,
29.07,-0.37,-0.61,0.07,0.86,0.29,0.37,0.40,-0.21,-0.03,-61.18,37.75,160.78,25.98,255,
29.20,-0.69,-0.96,0.19,0.85,0.29,0.38,0.39,-0.21,-0.04,-60.78,37.14,160.95,25.98,255,
29.33,-0.46,-0.95,0.14,0.85,0.29,0.36,0.40,-0.21,-0.04,-61.32,38.71,160.86,25.98,255,
29.48,-0.39,-0.84,0.07,0.85,0.29,0.38,0.39,-0.21,-0.04,-60.89,37.55,160.56,25.98,255,
29.61,-0.42,-0.46,0.16,0.85,0.29,0.37,0.39,-0.21,-0.04,-60.97,37.78,160.25,25.98,255,
29.72,-0.41,-0.84,0.18,0.85,0.29,0.37,0.39,-0.21,-0.04,-61.03,37.84,160.45,25.98,255,
29.85,-0.49,-0.72,-0.02,0.85,0.29,0.38,0.39,-0.21,-0.04,-60.76,37.91,160.57,25.98,255,
29.97,-0.58,-0.64,-0.01,0.85,0.29,0.37,0.40,-0.21,-0.04,-60.91,37.97,160.73,25.98,255,
30.13,-0.67,-0.83,0.10,0.85,0.29,0.38,0.39,-0.21,-0.04,-60.81,37.29,160.56,25.98,255,
30.26,-0.61,-0.82,0.10,0.85,0.29,0.38,0.39,-0.21,-0.04,-60.83,37.36,160.98,25.98,255,
30.37,-0.56,-0.82,0.07,0.85,0.29,0.38,0.39,-0.21,-0.03,-60.57,37.70,160.50,25.98,255,
30.52,-0.85,-0.78,0.07,0.85,0.29,0.38,0.39,-0.21,-0.03,-60.82,37.81,160.81,25.98,255,
30.63,-0.44,-0.84,0.07,0.85,0.29,0.38,0.39,-0.21,-0.04,-60.87,37.73,161.11,25.98,255,
30.76,-0.16,-0.81,0.23,0.85,0.29,0.38,0.40,-0.21,-0.04,-60.84,37.64,160.61,25.98,255,
30.90,-0.56,-0.73,0.16,0.85,0.29,0.38,0.39,-0.21,-0.04,-60.88,37.39,160.13,25.98,255,
31.04,-0.72,-0.79,0.07,0.86,0.29,0.38,0.39,-0.21,-0.03,-60.89,37.61,160.69,25.98,255,
31.15,-0.67,-0.76,0.07,0.86,0.30,0.38,0.39,-0.20,-0.04,-60.84,38.26,161.39,25.98,255,
31.29,-0.50,-0.76,0.38,0.85,0.29,0.38,0.40,-0.21,-0.04,-60.64,37.76,161.02,25.98,255,
31.43,-0.64,-0.64,-0.01,0.85,0.29,0.38,0.39,-0.21,-0.04,-60.95,37.59,160.74,25.98,255,
31.53,-0.51,-0.70,0.14,0.86,0.29,0.38,0.39,-0.22,-0.00,-61.01,37.55,159.81,25.98,255,
31.69,-0.48,-0.67,0.05,0.85,0.29,0.38,0.39,-0.21,-0.04,-60.86,37.64,160.11,25.98,255,
31.80,-0.54,-0.90,0.14,0.85,0.29,0.38,0.39,-0.21,-0.04,-60.75,37.73,160.15,25.98,255,
31.95,-0.51,-0.59,0.12,0.85,0.29,0.38,0.39,-0.21,-0.04,-60.85,37.32,160.36,25.98,255,
32.06,-0.46,-0.67,0.16,0.85,0.29,0.38,0.39,-0.21,-0.04,-60.64,37.44,159.76,25.98,255,
32.20,-0.67,-0.79,0.11,0.85,0.29,0.38,0.39,-0.21,-0.04,-60.82,37.53,160.62,25.98,255,
32.31,-0.55,-0.93,0.15,0.85,0.29,0.38,0.40,-0.21,-0.04,-60.79,37.44,160.26,25.98,255,
32.47,-0.61,-0.84,0.11,0.85,0.29,0.38,0.40,-0.21,-0.03,-60.78,37.76,160.72,25.98,255,
32.57,-0.60,-0.78,0.28,0.85,0.29,0.38,0.40,-0.21,-0.04,-60.74,37.69,160.27,25.98,255,
32.73,-0.50,-1.02,0.07,0.85,0.29,0.38,0.39,-0.21,-0.04,-60.65,37.86,160.28,25.98,255,
32.83,-0.68,-0.58,0.11,0.85,0.29,0.38,0.39,-0.21,-0.04,-60.57,37.54,160.55,25.98,255,
32.97,-0.62,-0.95,0.01,0.85,0.29,0.38,0.40,-0.22,-0.04,-60.91,37.28,160.18,25.98,255,
33.11,-0.37,-0.84,0.02,0.85,0.29,0.38,0.40,-0.21,-0.04,-60.91,37.70,160.61,25.98,255,
33.24,-0.43,-0.78,0.14,0.85,0.29,0.37,0.40,-0.21,-0.04,-60.96,38.29,160.98,25.98,255,
33.38,-0.57,-0.76,-0.04,0.85,0.29,0.37,0.39,-0.21,-0.03,-61.06,37.63,160.79,25.98,255,
33.48,-0.49,-0.69,0.16,0.86,0.29,0.37,0.39,-0.22,-0.04,-61.11,37.71,159.45,25.98,255,
33.61,-0.52,-0.81,0.08,0.85,0.29,0.38,0.40,-0.22,-0.04,-60.79,37.51,159.78,25.98,255,
33.77,-0.69,-0.82,0.09,0.85,0.29,0.38,0.39,-0.21,-0.04,-60.83,37.96,159.89,25.98,255,
33.90,-0.44,-0.66,-0.12,0.86,0.29,0.37,0.39,-0.21,-0.04,-61.11,37.50,160.88,25.98,255,
34.01,-0.72,-0.87,0.11,0.85,0.29,0.38,0.39,-0.22,-0.04,-60.78,37.59,159.36,26.30,255,
34.13,-0.56,-0.81,0.07,0.86,0.29,0.38,0.39,-0.21,-0.04,-60.88,37.66,160.28,26.30,255,
34.28,-0.74,-0.67,0.15,0.85,0.29,0.37,0.40,-0.21,-0.03,-60.98,37.65,160.81,25.98,255,
34.40,-0.67,-0.73,0.10,0.85,0.29,0.38,0.39,-0.20,-0.03,-60.83,37.82,161.35,25.98,255,
34.52,-0.37,-0.57,0.02,0.85,0.29,0.38,0.40,-0.21,-0.04,-60.97,37.47,160.97,25.98,255,
34.67,-0.43,-0.73,0.04,0.85,0.29,0.37,0.40,-0.21,-0.05,-60.95,37.79,160.29,25.98,255,
34.80,-0.58,-0.81,0.16,0.85,0.29,0.38,0.39,-0.21,-0.04,-60.86,37.72,161.03,25.98,255,
34.93,-0.62,-0.62,0.18,0.85,0.29,0.38,0.40,-0.21,-0.04,-60.77,37.27,161.02,25.98,255,
35.06,-0.46,-0.87,0.04,0.85,0.29,0.38,0.39,-0.20,-0.04,-60.94,37.34,161.26,25.98,255,
35.19,-0.61,-0.78,0.17,0.85,0.29,0.38,0.39,-0.20,-0.04,-60.75,37.91,161.10,25.98,255,
35.30,-0.62,-0.81,0.19,0.86,0.29,0.38,0.40,-0.21,-0.03,-60.77,37.73,160.38,25.98,255,
35.45,-0.43,-0.70,0.04,0.85,0.29,0.38,0.39,-0.22,-0.04,-60.79,37.52,159.40,25.98,255,
35.56,-0.59,-0.86,0.16,0.85,0.29,0.38,0.40,-0.21,-0.04,-60.69,37.33,160.37,25.98,255,
35.69,-0.52,-0.70,0.05,0.85,0.29,0.37,0.40,-0.22,-0.04,-61.28,37.57,160.03,25.98,255,
35.83,-0.46,-0.79,0.02,0.85,0.29,0.39,0.39,-0.21,-0.03,-60.30,37.05,160.70,25.98,255,
35.97,-0.34,-0.55,0.07,0.86,0.29,0.38,0.39,-0.22,-0.03,-60.89,37.66,159.63,25.98,255,
36.10,-0.45,-0.73,0.18,0.85,0.29,0.37,0.40,-0.21,-0.03,-60.89,37.73,160.19,25.98,255,
36.21,-0.56,-0.61,0.18,0.86,0.29,0.37,0.39,-0.22,-0.03,-61.04,38.05,159.83,25.98,255,
36.34,-0.68,-0.72,0.15,0.85,0.29,0.38,0.39,-0.21,-0.03,-60.88,37.65,160.00,25.98,255,
36.48,-0.73,-0.67,0.16,0.85,0.29,0.38,0.39,-0.21,-0.04,-60.88,37.59,160.79,25.98,255,
36.60,-0.58,-0.76,0.14,0.85,0.29,0.38,0.39,-0.21,-0.03,-60.68,37.21,160.39,25.98,255,
36.74,-0.34,-0.67,0.12,0.86,0.29,0.38,0.39,-0.21,-0.03,-60.96,37.96,160.33,25.98,255,
36.88,-0.73,-0.73,0.04,0.85,0.29,0.38,0.39,-0.22,-0.03,-60.87,37.81,159.81,25.98,255,
36.99,-0.54,-0.67,0.05,0.85,0.29,0.38,0.40,-0.21,-0.04,-60.79,37.64,160.97,25.98,255,
37.12,-0.52,-0.62,0.13,0.85,0.29,0.36,0.39,-0.21,-0.04,-61.65,38.79,160.11,25.98,255,
37.25,-0.49,-0.73,0.19,0.85,0.29,0.38,0.40,-0.21,-0.04,-60.87,37.35,160.73,25.98,255,
37.38,-0.61,-0.46,0.03,0.86,0.29,0.37,0.39,-0.21,-0.04,-61.44,38.25,160.30,25.98,255,
37.51,-0.58,-0.73,0.04,0.86,0.29,0.38,0.39,-0.21,-0.03,-60.99,37.69,160.46,25.98,255,
37.64,-0.43,-0.37,0.00,0.86,0.29,0.37,0.39,-0.21,-0.03,-61.23,38.13,160.18,25.98,255,
37.77,-0.56,-0.70,-0.03,0.85,0.29,0.37,0.39,-0.21,-0.03,-61.13,37.69,160.56,25.98,255,
37.90,-0.40,-0.70,0.22,0.85,0.29,0.37,0.39,-0.21,-0.04,-60.91,38.06,160.26,25.98,255,
38.03,-0.69,-1.00,0.01,0.85,0.29,0.38,0.40,-0.21,-0.03,-60.58,37.77,160.40,25.98,255,
38.18,-0.22,-0.85,0.10,0.85,0.29,0.38,0.39,-0.21,-0.03,-60.71,37.66,160.07,25.98,255,
38.32,-0.46,-0.81,0.12,0.85,0.29,0.37,0.40,-0.21,-0.03,-60.92,37.72,160.60,25.98,255,
38.42,-0.61,-0.71,0.13,0.86,0.29,0.37,0.40,-0.22,-0.04,-61.24,37.70,159.70,25.98,255,
38.55,-0.55,-0.46,1.87,0.86,0.29,0.38,0.39,-0.21,-0.03,-60.97,37.40,159.99,25.98,255,
38.68,-0.71,-0.93,0.11,0.85,0.29,0.38,0.39,-0.21,-0.04,-60.72,37.95,160.56,25.98,255,
38.81,-0.64,-0.81,0.00,0.86,0.29,0.38,0.39,-0.21,-0.03,-60.92,37.72,160.66,25.98,255,
38.94,-0.64,-0.80,0.08,0.85,0.29,0.38,0.39,-0.21,-0.03,-60.92,37.49,160.30,25.98,255,
39.07,-0.64,-0.75,0.01,0.86,0.29,0.38,0.39,-0.22,-0.04,-60.86,37.85,159.86,25.98,255,
39.21,-0.63,-0.82,0.16,0.85,0.29,0.38,0.40,-0.22,-0.04,-60.80,37.55,159.86,25.98,255,
39.34,-0.82,-0.84,0.10,0.85,0.29,0.38,0.39,-0.21,-0.03,-60.98,37.44,159.94,25.98,255,
39.46,-0.52,-0.87,0.19,0.85,0.29,0.37,0.39,-0.21,-0.04,-60.82,38.31,160.37,25.98,255,
39.59,-0.52,-0.81,0.05,0.85,0.29,0.38,0.39,-0.21,-0.04,-60.69,37.66,160.44,25.98,255,
39.76,-0.48,-0.77,0.07,0.85,0.29,0.38,0.39,-0.20,-0.03,-60.74,37.42,161.17,25.98,255,
39.85,-0.53,-0.57,-0.01,0.86,0.29,0.38,0.38,-0.20,-0.04,-60.79,37.70,160.54,25.98,255,
39.98,-0.47,-0.69,0.15,0.85,0.29,0.37,0.39,-0.20,-0.04,-60.97,37.94,160.76,25.98,255,
40.13,-0.51,-0.57,0.14,0.86,0.29,0.38,0.39,-0.21,-0.03,-61.13,37.19,160.74,25.98,255,
40.24,-0.63,-0.64,0.02,0.85,0.29,0.38,0.38,-0.21,-0.04,-60.88,37.61,160.01,25.98,255,
40.37,-0.58,-0.71,0.12,0.85,0.29,0.38,0.39,-0.20,-0.03,-60.93,37.08,161.09,25.98,255,
40.52,-0.59,-0.70,0.08,0.85,0.29,0.38,0.39,-0.21,-0.04,-60.77,36.92,160.38,25.98,255,
40.64,-0.61,-0.67,0.13,0.85,0.29,0.38,0.39,-0.21,-0.03,-60.81,37.27,160.49,25.98,255,
40.76,-0.51,-0.31,-0.01,0.86,0.29,0.37,0.38,-0.21,-0.04,-61.31,38.04,160.09,25.98,255,
40.90,-0.27,-0.83,0.08,0.85,0.29,0.38,0.39,-0.21,-0.04,-60.98,37.25,160.37,25.98,255,
41.02,-0.57,-0.76,0.10,0.86,0.29,0.38,0.39,-0.21,-0.04,-60.89,37.98,160.49,25.98,255,
41.16,-0.79,-0.88,0.01,0.86,0.29,0.37,0.39,-0.21,-0.03,-61.06,38.02,160.89,25.98,255,
41.28,-0.64,-0.43,0.09,0.86,0.29,0.38,0.39,-0.21,-0.05,-61.01,37.60,160.28,25.98,255,
41.42,-0.34,-0.85,-0.03,0.85,0.29,0.38,0.39,-0.21,-0.04,-60.89,37.55,160.17,25.98,255,
41.57,-0.46,-1.01,0.10,0.85,0.29,0.38,0.38,-0.21,-0.04,-60.84,37.97,160.40,25.98,255,
41.69,-0.31,-0.68,0.17,0.85,0.29,0.38,0.39,-0.21,-0.04,-60.70,37.67,160.56,25.98,255,
41.80,-0.51,-0.84,0.11,0.85,0.29,0.38,0.39,-0.22,-0.04,-60.55,37.31,159.51,25.98,255,
41.96,-0.43,-0.64,0.14,0.86,0.29,0.37,0.39,-0.21,-0.04,-61.11,38.44,160.34,25.98,255,
42.08,-0.41,-0.78,0.03,0.86,0.29,0.37,0.39,-0.21,-0.04,-61.11,37.73,160.50,25.98,255,
42.19,-0.52,-1.01,0.08,0.85,0.29,0.38,0.39,-0.21,-0.03,-60.88,37.67,160.78,25.98,255,
42.34,-0.66,-0.71,0.07,0.85,0.29,0.38,0.39,-0.20,-0.03,-60.72,38.04,160.64,25.98,255,
42.46,-0.61,-0.69,0.22,0.85,0.29,0.38,0.39,-0.20,-0.04,-60.78,37.66,161.19,25.98,255,
42.58,-0.42,-0.43,-0.01,0.85,0.29,0.38,0.39,-0.21,-0.04,-60.83,37.63,160.93,25.98,255,
42.72,-0.67,-0.78,0.10,0.86,0.29,0.38,0.39,-0.21,-0.04,-60.94,37.77,160.38,25.98,255,
42.84,-0.55,-0.52,0.03,0.86,0.29,0.38,0.39,-0.21,-0.02,-60.97,37.75,160.33,25.98,255,
42.99,-0.27,-0.72,0.00,0.86,0.29,0.38,0.39,-0.21,-0.04,-61.10,37.59,160.05,25.98,255,
43.11,-0.43,-0.73,0.07,0.86,0.29,0.37,0.39,-0.21,-0.03,-61.26,37.60,160.40,25.98,255,
43.23,-0.74,-0.62,-0.07,0.85,0.29,0.37,0.39,-0.21,-0.04,-61.05,37.82,159.78,25.98,255,
43.36,-0.58,-0.84,-0.04,0.85,0.29,0.38,0.39,-0.21,-0.03,-60.79,37.82,160.46,25.98,255,
43.54,-0.52,-0.73,0.12,0.85,0.29,0.38,0.39,-0.20,-0.04,-60.83,37.55,161.34,25.98,255,
43.62,-0.58,-0.86,0.21,0.85,0.29,0.38,0.39,-0.20,-0.04,-60.68,37.35,161.42,25.98,255,
43.77,-0.61,-0.80,0.05,0.85,0.29,0.38,0.39,-0.21,-0.03,-60.55,37.53,160.04,25.98,255,
43.89,-0.32,-0.76,0.14,0.86,0.29,0.38,0.38,-0.21,-0.04,-60.96,37.58,160.36,25.98,255,
44.03,-0.67,-0.61,0.00,0.85,0.29,0.38,0.39,-0.21,-0.04,-60.85,37.12,160.74,25.98,255,
44.15,-0.91,-0.67,0.04,0.86,0.29,0.38,0.38,-0.21,-0.03,-60.82,37.63,160.17,25.98,255,
44.27,-0.43,-0.79,0.08,0.85,0.29,0.38,0.39,-0.21,-0.03,-60.69,37.63,160.24,25.98,255,
44.43,-0.47,-0.96,0.08,0.85,0.29,0.38,0.39,-0.21,-0.04,-60.80,37.50,160.29,25.98,255,
44.55,-0.37,-0.93,0.18,0.85,0.29,0.38,0.39,-0.20,-0.04,-60.69,37.72,161.44,25.98,255,
44.66,-0.51,-0.73,0.18,0.85,0.29,0.38,0.39,-0.21,-0.04,-60.75,37.54,160.64,25.98,255,
44.80,-0.61,-0.80,0.19,0.85,0.29,0.37,0.39,-0.21,-0.04,-61.07,37.68,160.94,25.98,255,
44.92,-0.47,-0.70,0.03,0.85,0.29,0.38,0.39,-0.21,-0.04,-60.91,37.20,160.76,25.98,255,
45.05,-0.50,-0.80,0.19,0.85,0.29,0.38,0.39,-0.21,-0.04,-60.70,37.53,160.01,25.98,255,
45.18,-0.73,-0.65,0.23,0.86,0.29,0.38,0.39,-0.21,-0.04,-60.82,37.54,160.31,25.98,255,
45.32,-0.52,-0.71,0.10,0.85,0.29,0.38,0.39,-0.20,-0.04,-60.78,37.46,160.96,25.98,255,
45.45,-0.61,-0.84,0.19,0.85,0.29,0.38,0.39,-0.21,-0.05,-60.69,37.17,159.79,25.98,255,
45.58,-0.37,-0.83,0.04,0.85,0.29,0.38,0.39,-0.21,-0.03,-60.70,37.77,160.21,25.98,255,
45.70,-0.61,-0.65,-0.02,0.85,0.29,0.37,0.39,-0.21,-0.03,-60.89,37.82,160.16,25.98,255,
45.86,-0.47,-0.43,0.10,0.86,0.29,0.38,0.39,-0.21,-0.04,-61.07,37.42,160.68,25.98,255,
45.98,-0.61,-0.55,0.14,0.85,0.29,0.37,0.39,-0.21,-0.04,-61.13,37.68,159.70,25.98,255,
46.09,-0.40,-0.86,0.09,0.85,0.29,0.38,0.39,-0.21,-0.04,-60.82,37.00,159.94,25.98,25.98,255,
46.24,-0.67,-0.69,0.19,0.85,0.29,0.38,0.39,-0.21,-0.04,-60.87,37.26,159.95,25.98,255,
46.35,-0.63,-0.79,0.18,0.86,0.29,0.37,0.39,-0.21,-0.03,-60.99,38.07,160.24,25.98,255,
46.50,-0.71,-0.79,0.19,0.85,0.29,0.38,0.39,-0.21,-0.04,-60.72,37.66,159.68,25.98,255,
46.62,-0.19,-0.85,0.20,0.85,0.29,0.38,0.39,-0.21,-0.03,-60.78,37.66,160.00,25.98,255,
46.74,-0.49,-0.76,0.07,0.85,0.29,0.38,0.39,-0.21,-0.04,-60.84,37.75,160.47,25.98,255,
46.87,-0.69,-0.77,0.14,0.85,0.30,0.38,0.39,-0.21,-0.04,-60.71,37.99,160.35,25.98,255,
47.03,-0.44,-0.43,0.01,0.86,0.29,0.37,0.39,-0.21,-0.03,-61.25,37.71,160.10,25.98,255,
47.13,-0.29,-0.63,0.19,0.85,0.29,0.38,0.39,-0.21,-0.04,-60.67,37.07,160.82,25.98,255,
47.28,-0.61,-0.73,0.04,0.86,0.29,0.38,0.39,-0.21,-0.05,-61.04,37.54,160.17,25.98,255,
47.39,-0.60,-0.64,0.06,0.85,0.29,0.37,0.39,-0.21,-0.03,-61.05,37.38,160.56,25.98,255,
47.54,-0.55,-0.69,-0.04,0.85,0.29,0.38,0.39,-0.21,-0.04,-60.99,37.40,160.35,25.98,255,
47.65,-0.59,-0.77,0.20,0.85,0.29,0.38,0.40,-0.21,-0.03,-60.78,37.36,160.74,25.98,255,
47.79,-0.71,-0.78,0.10,0.85,0.29,0.38,0.39,-0.21,-0.05,-60.68,37.32,160.25,25.98,255,
47.94,-0.63,-0.54,0.21,0.85,0.29,0.38,0.39,-0.21,-0.03,-60.69,37.53,160.22,25.98,255,
48.06,-0.64,-0.67,0.16,0.85,0.29,0.38,0.39,-0.21,-0.04,-60.58,37.52,160.78,25.98,255,
48.20,-0.39,-0.58,0.02,0.85,0.29,0.37,0.39,-0.21,-0.04,-60.95,37.96,160.35,25.98,255,
48.32,-0.62,-0.63,0.05,0.85,0.29,0.37,0.39,-0.21,-0.04,-61.21,37.66,160.54,25.98,255,
48.44,-0.61,-0.73,0.17,0.86,0.29,0.38,0.38,-0.21,-0.04,-61.05,37.73,160.02,25.98,255,
48.57,-0.57,-0.71,0.25,0.85,0.29,0.38,0.39,-0.20,-0.04,-60.87,37.36,161.15,25.98,255,
48.72,-0.70,-0.70,0.01,0.86,0.29,0.37,0.39,-0.21,-0.04,-61.14,38.22,160.92,25.98,255,
48.84,-0.52,-0.51,0.04,0.87,0.29,0.37,0.39,-0.20,-0.04,-61.59,37.73,161.04,25.98,255,
48.96,-0.42,-0.19,0.01,0.87,0.28,0.37,0.40,-0.21,-0.04,-61.92,37.87,160.61,25.98,255,
49.09,-0.46,-0.91,0.09,0.86,0.28,0.37,0.39,-0.20,-0.03,-61.45,37.07,160.90,25.98,255,
49.24,-0.61,-0.73,0.07,0.86,0.31,0.37,0.39,-0.21,-0.04,-60.72,40.23,161.00,25.98,255,
49.36,-0.49,-0.60,0.12,0.85,0.30,0.36,0.39,-0.21,-0.03,-61.33,39.41,160.56,25.98,255,
49.48,-0.65,-0.38,-0.13,0.84,0.29,0.37,0.39,-0.21,-0.04,-60.70,37.73,160.02,25.98,255,
49.63,-0.48,-0.16,-0.09,0.85,0.29,0.38,0.39,-0.21,-0.04,-60.99,37.09,160.25,25.98,255,
49.75,-0.38,-0.38,-0.07,0.86,0.29,0.37,0.39,-0.21,-0.04,-61.56,38.29,160.85,25.98,255,
49.87,-0.66,-0.79,0.09,0.85,0.29,0.37,0.39,-0.21,-0.04,-60.99,37.68,160.60,25.98,255,
50.00,-0.55,-0.79,0.01,0.86,0.29,0.37,0.39,-0.21,-0.04,-61.12,37.71,160.08,25.98,255,
50.15,-0.61,-0.84,0.13,0.85,0.29,0.38,0.39,-0.21,-0.05,-60.83,37.62,160.41,25.98,255,
50.28,-0.62,-0.76,0.13,0.85,0.29,0.38,0.39,-0.21,-0.04,-60.84,37.56,160.31,25.98,255,
50.41,-0.67,-0.79,0.17,0.85,0.29,0.38,0.39,-0.21,-0.04,-60.83,37.73,160.52,25.98,255,
50.52,-0.49,-0.85,0.19,0.85,0.29,0.38,0.39,-0.21,-0.05,-60.61,37.36,160.63,25.98,255,
50.66,-0.46,-0.96,0.09,0.85,0.29,0.38,0.39,-0.21,-0.03,-60.70,37.61,159.94,25.98,255,
50.80,-0.62,-0.90,0.18,0.85,0.29,0.37,0.39,-0.21,-0.04,-60.98,37.92,160.10,25.98,255,
50.92,-0.81,-0.78,0.13,0.85,0.29,0.38,0.39,-0.22,-0.04,-60.84,37.51,159.71,25.98,255,
51.07,-0.49,-0.72,0.15,0.85,0.29,0.38,0.39,-0.21,-0.03,-60.89,37.62,160.33,25.98,255,
51.18,-0.62,-0.80,0.01,0.85,0.29,0.38,0.39,-0.21,-0.04,-60.80,37.81,160.10,25.98,255,
51.33,-0.38,-0.67,0.06,0.86,0.29,0.38,0.39,-0.21,-0.04,-60.78,37.55,160.65,26.30,255,
51.45,-0.63,-0.77,0.27,0.85,0.29,0.38,0.39,-0.21,-0.04,-60.87,37.58,160.22,26.30,255,
51.58,-0.60,-0.91,0.16,0.85,0.29,0.38,0.39,-0.20,-0.03,-60.65,37.74,160.84,26.30,255,
51.94,-0.84,-0.90,0.22,0.85,0.29,0.38,0.39,-0.21,-0.04,-60.82,37.88,160.70,26.30,255,
52.09,-0.64,-0.81,0.19,0.85,0.29,0.38,0.39,-0.21,-0.04,-60.86,37.66,160.79,26.30,255,
52.09,-0.61,-0.73,0.20,0.85,0.29,0.38,0.39,-0.20,-0.03,-60.76,37.63,161.19,26.30,255,
52.13,-0.37,-0.72,0.05,0.85,0.29,0.38,0.39,-0.21,-0.04,-60.69,37.78,160.76,26.30,255,
52.20,-0.33,-0.70,0.04,0.85,0.29,0.38,0.39,-0.20,-0.04,-60.69,37.48,161.02,26.30,255,
52.35,-0.56,-0.65,0.10,0.85,0.29,0.38,0.39,-0.21,-0.04,-60.76,37.75,160.64,26.30,255,
52.47,-0.55,-0.67,0.10,0.85,0.29,0.38,0.39,-0.20,-0.04,-60.90,37.54,161.03,26.30,255,
52.62,-0.48,-0.79,0.07,0.85,0.29,0.38,0.39,-0.21,-0.04,-60.90,37.48,160.35,26.30,255,
52.74,-0.61,-0.83,0.07,0.85,0.29,0.38,0.39,-0.21,-0.04,-60.73,37.48,160.73,26.30,255,
52.85,-0.61,-0.84,0.13,0.85,0.29,0.38,0.39,-0.21,-0.04,-60.76,37.45,160.48,26.30,255,
53.00,-0.55,-0.81,0.06,0.86,0.29,0.35,0.39,-0.20,-0.03,-62.32,39.53,160.82,26.30,255,
53.12,-0.47,-0.75,-0.01,0.85,0.29,0.39,0.39,-0.21,-0.04,-60.39,37.18,160.32,26.30,255,
53.24,-0.64,-0.67,0.05,0.85,0.29,0.37,0.38,-0.21,-0.03,-60.86,38.22,160.18,26.30,255,
53.39,-0.37,-0.67,0.02,0.85,0.29,0.38,0.39,-0.21,-0.04,-60.84,37.63,160.34,26.30,255,
53.50,-0.71,-0.83,0.03,0.85,0.29,0.38,0.39,-0.21,-0.04,-60.82,38.03,159.88,26.30,255,
53.63,-0.49,-0.76,0.07,0.85,0.29,0.38,0.39,-0.21,-0.04,-60.72,37.72,160.51,26.30,255,
53.78,-0.65,-0.99,-0.04,0.85,0.29,0.39,0.39,-0.21,-0.04,-60.50,36.63,160.35,26.30,255,
53.91,-0.58,-0.87,0.12,0.85,0.29,0.38,0.40,-0.21,-0.04,-60.86,37.13,160.61,26.30,255,
54.02,-0.46,-0.84,0.13,0.85,0.29,0.38,0.39,-0.21,-0.04,-60.75,37.66,159.99,26.30,255,
54.15,-0.49,-1.10,0.27,0.85,0.29,0.38,0.39,-0.20,-0.03,-60.55,37.59,161.00,26.30,255,
54.29,-0.53,-0.68,0.20,0.86,0.29,0.37,0.39,-0.21,-0.04,-60.98,38.01,161.06,26.30,255,
54.41,-0.68,-0.79,-0.01,0.85,0.29,0.38,0.39,-0.21,-0.04,-60.69,37.60,160.07,26.30,255,
54.56,-0.36,-0.75,0.13,0.85,0.29,0.37,0.39,-0.21,-0.04,-60.98,37.84,159.84,26.30,255,
54.71,-0.73,-0.84,0.10,0.85,0.29,0.38,0.39,-0.21,-0.04,-60.83,37.27,160.40,26.30,255,
54.83,-0.46,-0.55,0.01,0.85,0.29,0.38,0.39,-0.21,-0.04,-60.89,37.67,160.21,26.30,255,
54.95,-0.46,-0.81,0.11,0.85,0.29,0.38,0.39,-0.20,-0.04,-60.73,37.26,160.75,26.30,255,
55.09,-0.62,-0.39,-0.06,0.86,0.28,0.38,0.38,-0.20,-0.04,-61.26,36.82,161.09,26.30,255,
55.21,-0.89,-0.22,-0.01,0.86,0.29,0.37,0.39,-0.20,-0.03,-61.14,37.85,160.81,26.30,255,
55.32,-0.67,-0.67,0.00,0.86,0.29,0.38,0.39,-0.21,-0.04,-60.96,38.04,160.70,26.30,255,
55.45,-0.52,-0.85,0.12,0.85,0.29,0.38,0.39,-0.21,-0.04,-60.55,37.41,160.27,26.30,255,
55.60,-0.65,-0.76,0.21,0.85,0.29,0.38,0.39,-0.21,-0.04,-60.91,37.77,160.04,26.30,255,
55.72,-0.61,-0.81,0.03,0.85,0.29,0.38,0.39,-0.21,-0.04,-60.55,37.52,159.83,26.30,255,
55.86,-0.67,-0.73,0.07,0.85,0.29,0.38,0.38,-0.20,-0.04,-60.69,37.33,161.19,26.30,255,
55.98,-0.71,-0.67,0.01,0.85,0.29,0.37,0.39,-0.20,-0.04,-61.02,38.11,160.98,26.30,255,
56.10,-0.68,-0.84,0.16,0.85,0.29,0.37,0.39,-0.20,-0.04,-60.72,37.95,161.32,26.30,255,
56.25,-0.64,-0.83,0.07,0.86,0.29,0.38,0.39,-0.20,-0.03,-61.00,37.70,161.04,26.30,255,
56.37,-0.79,-0.70,0.10,0.85,0.29,0.38,0.40,-0.20,-0.04,-60.93,37.58,161.63,26.30,255,
56.51,-0.42,-0.75,0.04,0.85,0.29,0.39,0.39,-0.20,-0.04,-60.29,36.82,160.84,26.30,255,
56.63,-0.33,-0.61,0.13,0.85,0.29,0.37,0.39,-0.20,-0.04,-60.98,37.90,161.16,26.30,255,
56.75,-0.61,-0.73,0.10,0.85,0.29,0.38,0.39,-0.20,-0.04,-60.88,37.66,161.15,26.30,255,
56.90,-0.73,-0.75,0.15,0.86,0.29,0.38,0.39,-0.20,-0.04,-60.96,37.56,161.49,26.30,255,
57.02,-0.73,-0.62,0.12,0.85,0.29,0.38,0.40,-0.21,-0.03,-60.76,37.90,160.48,26.30,255,
57.14,-0.58,-0.84,0.11,0.86,0.29,0.38,0.40,-0.21,-0.04,-60.92,37.67,160.57,26.30,255,
57.29,-0.68,-1.05,0.21,0.85,0.29,0.38,0.39,-0.21,-0.04,-60.87,37.74,160.66,26.30,255,
57.41,-0.70,-0.63,0.25,0.85,0.29,0.38,0.39,-0.21,-0.04,-60.72,37.78,160.14,26.30,255,
57.53,-0.40,-0.64,0.08,0.85,0.29,0.38,0.39,-0.20,-0.04,-60.66,37.79,161.44,26.30,255,
57.68,-0.40,-0.73,0.02,0.85,0.29,0.38,0.39,-0.21,-0.04,-60.80,37.43,160.60,26.30,255,
57.80,-0.46,-0.76,0.16,0.85,0.29,0.38,0.39,-0.21,-0.04,-60.84,37.55,159.92,26.30,255,
57.92,-0.62,-0.55,0.01,0.86,0.29,0.38,0.39,-0.21,-0.04,-60.85,37.76,160.68,26.30,255,
58.05,-0.72,-0.79,0.08,0.85,0.29,0.38,0.39,-0.20,-0.04,-60.96,37.69,161.35,26.30,255,
58.18,-0.52,-0.80,0.07,0.85,0.29,0.38,0.39,-0.20,-0.04,-60.91,36.98,160.76,26.30,255,
58.33,-0.46,-0.73,0.05,0.85,0.29,0.37,0.39,-0.20,-0.04,-60.92,37.90,161.25,26.30,255,
58.46,-0.73,-0.90,0.19,0.85,0.29,0.38,0.39,-0.20,-0.04,-60.60,37.55,161.13,26.30,255,
58.58,-0.60,-0.85,0.13,0.85,0.29,0.38,0.39,-0.21,-0.03,-60.85,37.44,160.41,26.30,255,
58.72,-0.42,-0.81,0.19,0.85,0.29,0.38,0.39,-0.21,-0.04,-60.70,37.66,160.63,26.30,255,
58.85,-0.75,-0.81,0.25,0.85,0.29,0.37,0.39,-0.21,-0.03,-60.95,37.92,160.14,26.30,255,
58.96,-0.55,-0.66,0.05,0.85,0.29,0.38,0.39,-0.21,-0.03,-60.66,37.47,160.76,26.30,255,
59.11,-0.73,-0.84,0.15,0.85,0.29,0.38,0.40,-0.21,-0.03,-60.72,38.03,160.63,26.30,255,
59.23,-0.70,-0.70,0.19,0.86,0.30,0.38,0.39,-0.21,-0.04,-60.70,38.08,160.80,26.30,255,
59.37,-0.65,-0.74,0.19,0.85,0.29,0.38,0.39,-0.21,-0.04,-60.89,37.70,160.63,26.30,255,
59.50,-0.49,-0.82,0.07,0.85,0.29,0.38,0.39,-0.21,-0.04,-60.63,37.56,160.33,26.30,255,
59.61,-0.44,-0.78,0.12,0.85,0.29,0.38,0.39,-0.21,-0.04,-60.72,37.82,160.75,26.30,255,
59.76,-0.46,-0.83,0.04,0.85,0.29,0.38,0.39,-0.20,-0.03,-60.82,37.57,161.18,26.30,255,
59.88,-0.57,-0.81,0.15,0.85,0.29,0.38,0.39,-0.21,-0.03,-60.86,37.57,160.41,26.30,255,
60.00,-0.65,-0.71,0.17,0.85,0.29,0.38,0.39,-0.21,-0.03,-60.86,37.43,160.34,26.30,255,
60.16,-0.37,-0.72,0.10,0.85,0.29,0.38,0.39,-0.20,-0.03,-60.91,37.22,161.01,26.30,255,
60.26,-0.67,-0.81,0.22,0.85,0.29,0.38,0.39,-0.20,-0.05,-60.64,37.62,160.93,26.30,255,
60.42,-0.64,-0.94,0.10,0.85,0.29,0.37,0.39,-0.20,-0.03,-60.89,38.12,161.32,26.30,255,
60.55,-0.29,-0.87,-1.88,0.85,0.29,0.38,0.39,-0.21,-0.03,-60.75,37.21,160.83,26.30,255,
60.66,-0.53,-0.66,0.13,0.85,0.29,0.36,0.39,-0.21,-0.03,-61.57,38.61,160.86,26.30,255,
60.78,-0.79,-0.83,0.22,0.85,0.29,0.37,0.39,-0.21,-0.04,-60.94,37.99,160.35,26.30,255,
60.93,-0.59,-0.79,0.10,0.85,0.29,0.38,0.39,-0.21,-0.04,-60.75,37.86,160.25,26.30,255,
61.05,-0.58,-0.88,0.09,0.85,0.29,0.37,0.39,-0.21,-0.04,-60.90,38.04,160.20,26.30,255,
61.16,-0.53,-0.67,0.07,0.85,0.29,0.38,0.39,-0.21,-0.04,-60.72,37.32,160.48,26.30,255,
61.31,-0.53,-0.72,0.07,0.85,0.29,0.38,0.39,-0.21,-0.04,-60.77,37.67,160.23,26.30,255,
61.43,-0.75,-0.76,0.10,0.85,0.29,0.38,0.39,-0.21,-0.03,-60.83,37.75,160.42,26.30,255,
61.58,-0.27,-0.66,0.31,0.85,0.29,0.38,0.39,-0.21,-0.03,-60.80,37.70,160.39,26.30,255,
61.69,-0.53,-1.01,0.24,0.85,0.29,0.37,0.39,-0.21,-0.03,-60.96,37.93,160.26,25.98,255,
61.82,-0.67,-0.73,0.10,0.85,0.29,0.38,0.39,-0.21,-0.03,-60.92,37.80,160.63,25.98,255,
61.95,-0.66,-0.77,0.18,0.86,0.29,0.37,0.39,-0.21,-0.03,-60.97,37.96,160.90,25.98,255,
62.09,-0.65,-0.74,0.14,0.86,0.29,0.38,0.39,-0.21,-0.04,-60.93,37.89,160.52,25.98,255,
62.21,-0.71,-0.78,0.17,0.85,0.29,0.37,0.39,-0.20,-0.03,-60.98,37.76,160.78,25.98,255,
62.35,-0.83,-0.75,0.03,0.86,0.29,0.38,0.39,-0.21,-0.04,-60.97,37.43,159.89,25.98,255,
62.47,-0.34,-0.73,0.04,0.84,0.30,0.38,0.39,-0.21,-0.03,-60.26,38.32,160.47,25.98,255,
62.62,-0.43,-0.72,0.19,0.85,0.28,0.37,0.39,-0.21,-0.03,-61.50,37.56,159.96,25.98,255,
62.75,-0.94,-0.84,0.14,0.85,0.28,0.37,0.39,-0.21,-0.03,-61.35,36.72,160.64,25.98,255,
62.87,-0.95,-1.30,0.17,0.86,0.30,0.38,0.39,-0.20,-0.03,-60.69,38.30,160.93,25.98,255,
62.98,-0.75,-0.87,0.09,0.86,0.30,0.38,0.39,-0.21,-0.04,-60.36,38.36,160.88,25.98,255,
63.13,-0.64,-0.83,0.16,0.85,0.29,0.39,0.39,-0.21,-0.03,-60.15,37.40,160.31,25.98,255,
63.25,-0.52,-0.53,0.28,0.85,0.29,0.38,0.40,-0.21,-0.04,-60.44,37.75,160.60,25.98,255,
63.37,-0.70,-0.82,0.10,0.85,0.29,0.38,0.39,-0.20,-0.04,-60.61,37.76,161.24,25.98,255,
63.52,-0.58,-0.64,0.16,0.85,0.29,0.38,0.39,-0.21,-0.04,-60.87,37.44,160.70,25.98,255,
63.65,-0.31,-0.72,0.17,0.85,0.29,0.37,0.39,-0.21,-0.04,-60.97,37.91,160.64,25.98,255,
63.78,-0.37,-0.64,0.19,0.86,0.28,0.37,0.39,-0.20,-0.04,-61.36,37.42,160.88,25.98,255,
63.90,-0.52,-0.69,0.17,0.85,0.29,0.37,0.39,-0.21,-0.04,-61.11,37.70,160.58,25.98,255,
64.02,-0.67,-0.85,0.13,0.85,0.29,0.38,0.39,-0.21,-0.04,-60.96,37.52,160.46,25.98,255,
64.17,-0.70,-0.67,0.16,0.85,0.29,0.38,0.39,-0.21,-0.04,-60.71,37.84,160.48,25.98,255,
64.28,-0.66,-0.92,0.04,0.85,0.29,0.38,0.39,-0.21,-0.03,-60.75,37.64,160.54,25.98,255,
64.41,-0.97,-0.83,0.28,0.85,0.29,0.38,0.39,-0.21,-0.04,-60.85,37.60,160.41,25.98,255,
64.54,-0.72,-0.92,0.15,0.85,0.29,0.38,0.39,-0.21,-0.04,-60.84,37.58,160.36,25.98,255,
64.70,-0.49,-0.93,0.10,0.85,0.29,0.37,0.39,-0.21,-0.04,-60.81,38.14,160.38,25.98,255,
64.80,-0.66,-0.87,0.03,0.85,0.29,0.38,0.39,-0.21,-0.04,-60.72,37.67,160.25,25.98,255,
64.95,-0.63,-0.71,0.18,0.85,0.29,0.39,0.39,-0.21,-0.04,-60.19,37.35,160.13,25.98,255,
65.07,-0.50,-0.86,0.25,0.85,0.30,0.38,0.39,-0.20,-0.04,-60.44,38.36,161.03,25.98,255,
65.19,-0.31,-0.73,0.05,0.85,0.29,0.38,0.39,-0.21,-0.04,-60.63,37.64,160.34,25.98,255,
65.33,-0.21,-0.51,0.16,0.85,0.29,0.37,0.39,-0.21,-0.05,-61.10,37.53,159.81,25.98,255,
65.45,-0.58,-0.61,0.16,0.85,0.29,0.37,0.39,-0.21,-0.04,-61.06,37.57,160.23,25.98,255,
65.58,-0.87,-0.83,0.16,0.85,0.29,0.38,0.39,-0.21,-0.03,-60.73,37.58,160.20,25.98,255,
65.74,-0.63,-0.81,0.06,0.85,0.29,0.38,0.39,-0.21,-0.05,-60.84,37.41,159.94,25.98,255,
65.86,-0.34,-0.73,0.01,0.85,0.29,0.37,0.39,-0.21,-0.04,-60.83,37.93,159.96,25.98,255,
65.97,-0.80,-0.96,0.13,0.85,0.29,0.38,0.39,-0.22,-0.04,-60.87,37.79,159.54,25.98,255,
66.10,-0.69,-0.74,0.10,0.85,0.29,0.38,0.39,-0.21,-0.05,-60.81,37.79,160.03,25.98,255,
66.25,-0.64,-0.81,0.16,0.85,0.29,0.38,0.38,-0.21,-0.04,-60.85,37.39,160.11,25.98,255,
66.36,-0.71,-0.87,0.05,0.85,0.29,0.38,0.39,-0.21,-0.04,-60.55,37.59,159.74,25.98,255,
66.49,-0.73,-1.04,0.07,0.85,0.29,0.38,0.39,-0.21,-0.03,-60.68,37.91,159.57,25.98,255,
66.62,-0.79,-0.73,0.11,0.85,0.29,0.38,0.39,-0.21,-0.04,-60.59,37.74,160.06,25.98,255,
66.78,-0.20,-1.02,0.09,0.85,0.29,0.38,0.39,-0.21,-0.03,-60.81,37.87,159.99,25.98,255,
66.89,-0.47,-0.92,0.14,0.85,0.29,0.38,0.40,-0.21,-0.04,-60.73,37.50,160.80,25.98,255,
67.01,-0.79,-0.76,0.06,0.85,0.29,0.38,0.39,-0.21,-0.03,-60.64,37.43,160.87,25.98,255,
67.16,-0.41,-0.63,0.21,0.86,0.29,0.38,0.39,-0.22,-0.04,-60.77,37.90,159.34,25.98,255,
67.27,-0.61,-0.58,0.16,0.86,0.29,0.37,0.39,-0.21,-0.04,-61.15,37.63,160.39,25.98,255,
67.42,-0.55,-0.83,0.07,0.85,0.29,0.38,0.39,-0.21,-0.04,-60.96,37.60,160.30,25.98,255,
67.53,-0.87,-0.68,0.25,0.86,0.30,0.38,0.39,-0.20,-0.04,-60.92,38.42,160.72,25.98,255,
67.67,-0.46,-0.56,-0.08,0.86,0.29,0.37,0.39,-0.20,-0.04,-60.98,37.92,161.05,25.98,255,
67.79,-0.67,-0.71,0.10,0.85,0.29,0.38,0.39,-0.21,-0.05,-60.77,37.65,160.51,25.98,255,
67.92,-0.57,-0.71,0.05,0.85,0.29,0.39,0.39,-0.21,-0.04,-60.31,36.55,159.81,25.98,255,
68.05,-0.70,-0.73,0.13,0.86,0.29,0.38,0.39,-0.21,-0.04,-60.97,37.37,160.37,25.98,255,
68.21,-0.67,-1.09,0.11,0.85,0.29,0.37,0.39,-0.21,-0.04,-60.88,37.87,160.45,25.98,255,
68.30,-0.64,-0.77,0.15,0.85,0.29,0.38,0.39,-0.21,-0.03,-60.88,37.30,160.28,25.98,255,
68.46,-0.43,-0.81,0.02,0.85,0.29,0.38,0.39,-0.21,-0.04,-60.82,37.49,160.34,25.98,255,
68.58,-0.55,-1.05,0.05,0.86,0.29,0.38,0.39,-0.21,-0.04,-61.01,37.74,160.29,25.98,255,
68.69,-0.82,-0.98,0.12,0.85,0.29,0.38,0.39,-0.20,-0.04,-60.69,37.51,161.12,25.98,255,
68.85,-0.64,-1.03,0.14,0.85,0.30,0.38,0.39,-0.21,-0.04,-60.58,38.05,160.17,25.98,255,
68.98,-0.74,-0.93,0.12,0.85,0.29,0.38,0.39,-0.22,-0.04,-60.75,37.35,159.41,25.98,255,
69.10,-0.76,-0.84,0.09,0.85,0.29,0.38,0.39,-0.21,-0.04,-60.90,37.36,160.22,25.98,255,
69.23,-0.48,-0.61,-0.02,0.85,0.29,0.38,0.39,-0.21,-0.04,-60.76,37.37,159.88,25.98,255,
69.36,-0.62,-0.84,0.04,0.85,0.29,0.36,0.39,-0.21,-0.03,-61.30,38.95,159.95,25.98,255,
69.47,-0.58,-0.80,0.07,0.85,0.29,0.38,0.39,-0.21,-0.04,-60.68,37.36,160.59,25.98,255,
69.60,-0.65,-0.74,0.05,0.85,0.29,0.38,0.39,-0.22,-0.04,-60.68,37.94,159.81,25.98,255,
69.73,-0.53,-0.81,0.07,0.85,0.29,0.38,0.39,-0.21,-0.04,-60.73,37.63,160.23,25.98,255,
69.87,-0.57,-0.59,0.22,0.85,0.29,0.38,0.38,-0.21,-0.04,-60.80,37.57,160.40,25.98,255,
70.02,-0.67,-0.61,0.03,0.86,0.29,0.37,0.38,-0.21,-0.04,-61.02,37.76,159.96,25.98,255,
70.14,-0.61,-0.64,0.12,0.85,0.29,0.38,0.39,-0.20,-0.04,-60.87,37.61,160.69,25.98,255,
70.26,-0.60,-0.84,0.10,0.85,0.29,0.38,0.39,-0.21,-0.04,-60.76,37.72,160.62,25.98,255,
70.38,-0.51,-0.71,0.13,0.85,0.29,0.38,0.39,-0.21,-0.05,-60.72,37.33,159.53,25.98,255,
70.51,-0.49,-0.68,0.10,0.85,0.29,0.38,0.39,-0.21,-0.04,-60.82,37.68,160.57,25.98,255,
70.65,-0.77,-0.81,0.16,0.85,0.29,0.38,0.39,-0.20,-0.04,-60.85,37.97,160.94,25.98,255,
70.79,-0.56,-0.64,0.14,0.85,0.29,0.36,0.39,-0.21,-0.03,-61.53,38.80,160.66,25.98,255,
70.92,-0.73,-0.78,0.22,0.85,0.29,0.37,0.39,-0.21,-0.04,-60.88,37.84,159.91,25.98,255,
71.05,-0.52,-0.79,0.14,0.85,0.29,0.38,0.39,-0.21,-0.04,-60.74,37.98,160.33,25.98,255,
71.18,-0.76,-0.69,0.09,0.86,0.29,0.38,0.39,-0.20,-0.04,-60.84,37.37,160.87,25.98,255,
71.31,-0.74,-0.91,0.06,0.85,0.29,0.38,0.39,-0.21,-0.04,-60.88,37.69,160.58,25.98,255,
71.44,-0.84,-0.94,0.16,0.86,0.29,0.38,0.39,-0.21,-0.04,-60.76,37.58,160.34,25.98,255,
71.55,-0.55,-0.75,0.04,0.85,0.29,0.38,0.39,-0.20,-0.04,-60.79,37.62,160.90,25.98,255,
71.70,-0.71,-0.76,0.06,0.85,0.29,0.37,0.39,-0.21,-0.04,-61.01,37.97,160.38,25.98,255,
71.82,-0.70,-0.96,0.04,0.85,0.29,0.38,0.39,-0.21,-0.04,-60.74,37.72,160.50,25.98,255,
71.95,-0.49,-0.73,0.27,0.85,0.29,0.38,0.39,-0.21,-0.03,-60.68,37.78,160.79,25.98,255,
72.07,-0.33,-0.58,-0.05,0.85,0.29,0.38,0.39,-0.20,-0.04,-60.85,37.51,161.68,25.98,255,
72.20,-0.56,-0.90,0.20,0.85,0.29,0.38,0.39,-0.22,-0.04,-60.81,37.79,159.94,25.98,255,
72.35,-0.82,-0.82,0.10,0.85,0.29,0.38,0.39,-0.21,-0.04,-60.80,37.79,160.04,25.98,255,
72.47,-0.75,-0.81,0.04,0.85,0.29,0.38,0.39,-0.21,-0.04,-60.87,37.54,160.34,25.98,255,
72.59,-0.35,-0.81,-0.01,0.85,0.29,0.37,0.39,-0.21,-0.03,-60.86,37.74,160.62,25.98,255,
72.72,-0.55,-0.75,0.15,0.85,0.29,0.38,0.39,-0.20,-0.04,-60.78,37.63,161.01,25.98,255,
72.89,-0.68,-0.84,0.00,0.85,0.29,0.38,0.39,-0.20,-0.04,-60.79,37.82,160.93,25.98,255,
72.98,-0.58,-0.90,0.15,0.85,0.29,0.38,0.38,-0.21,-0.04,-60.91,37.54,160.18,25.98,255,
73.12,-0.34,-0.73,0.01,0.85,0.29,0.37,0.38,-0.21,-0.03,-60.71,38.17,160.00,25.98,255,
73.27,-0.51,-0.76,0.04,0.85,0.29,0.38,0.39,-0.21,-0.03,-60.80,37.74,159.87,25.98,255,
73.39,-0.38,-0.70,0.31,0.85,0.29,0.37,0.38,-0.21,-0.04,-60.93,37.85,160.18,25.98,255,
73.52,-0.76,-0.76,0.08,0.85,0.29,0.38,0.39,-0.21,-0.05,-60.88,37.25,159.92,25.98,255,
73.63,-0.42,-0.83,0.28,0.85,0.29,0.38,0.39,-0.21,-0.04,-60.72,37.48,159.99,25.98,255,
73.76,-0.75,-0.76,0.11,0.85,0.29,0.38,0.39,-0.21,-0.05,-60.71,38.02,159.78,25.98,255,
73.91,-0.55,-0.17,0.06,0.89,0.30,0.36,0.39,-0.21,-0.04,-62.15,39.12,159.87,25.98,255,
74.04,-0.01,0.07,0.01,0.87,0.28,0.36,0.39,-0.21,-0.03,-62.11,38.08,160.46,25.98,255,
74.16,-0.53,-0.40,0.04,0.85,0.27,0.37,0.39,-0.21,-0.04,-61.94,36.38,160.78,25.98,255,
74.28,-0.30,-0.39,0.15,0.85,0.28,0.37,0.39,-0.21,-0.04,-61.55,36.83,160.26,25.98,255,
74.43,-0.74,-0.97,0.27,0.85,0.28,0.37,0.38,-0.21,-0.04,-61.24,36.99,160.15,25.98,255,
74.55,-0.90,-0.93,0.18,0.85,0.29,0.37,0.39,-0.21,-0.04,-60.94,37.92,160.43,25.98,255,
74.68,-0.82,-1.03,0.03,0.85,0.29,0.38,0.39,-0.21,-0.05,-60.69,37.59,160.23,25.98,255,
74.82,-0.67,-0.93,0.02,0.85,0.29,0.38,0.38,-0.21,-0.04,-60.55,37.70,160.33,25.98,255,
74.94,-0.76,-1.08,0.11,0.85,0.29,0.38,0.39,-0.21,-0.04,-60.49,37.68,159.81,25.98,255,
75.07,-0.77,-0.64,0.01,0.85,0.30,0.38,0.39,-0.21,-0.04,-60.51,38.35,160.35,25.98,255,
75.20,-0.49,-0.72,0.15,0.85,0.29,0.38,0.39,-0.21,-0.04,-60.81,37.71,159.65,25.98,255,
75.32,-0.51,-0.90,0.17,0.85,0.29,0.38,0.38,-0.22,-0.04,-60.84,37.62,159.35,25.98,255,
75.46,-0.19,-0.97,0.07,0.86,0.29,0.38,0.38,-0.20,-0.04,-60.84,37.62,160.60,25.66,255,
75.60,-0.27,-0.84,0.20,0.86,0.31,0.38,0.39,-0.21,-0.05,-60.42,38.49,160.29,25.66,255,
75.73,-0.52,-0.60,0.07,0.86,0.29,0.38,0.39,-0.22,-0.04,-60.88,37.54,159.55,25.66,255,
75.86,-0.84,-0.75,0.29,0.85,0.29,0.38,0.39,-0.21,-0.04,-60.88,37.44,159.71,25.66,255,
75.97,-0.67,-1.11,0.15,0.85,0.29,0.39,0.39,-0.21,-0.03,-60.11,37.05,160.13,25.66,255,
76.10,-0.48,-0.73,0.12,0.85,0.29,0.38,0.39,-0.21,-0.04,-60.62,37.48,160.04,25.66,255,
76.25,-0.48,-0.84,0.04,0.85,0.29,0.38,0.39,-0.21,-0.04,-60.71,37.48,160.70,25.66,255,
76.36,-0.58,-0.94,0.11,0.85,0.29,0.38,0.39,-0.21,-0.04,-60.68,37.21,160.07,25.66,255,
76.49,-0.52,-1.26,0.07,0.84,0.29,0.38,0.39,-0.21,-0.04,-60.52,36.81,160.64,25.66,255,
76.64,-0.45,-0.81,0.09,0.86,0.29,0.38,0.39,-0.21,-0.04,-60.84,37.17,159.76,25.66,255,
76.77,-0.39,-0.95,0.18,0.85,0.28,0.38,0.39,-0.21,-0.04,-60.78,36.79,159.58,25.66,255,
76.90,-0.67,-0.80,0.13,0.85,0.29,0.38,0.38,-0.21,-0.04,-60.71,37.26,159.46,25.66,255,
77.03,-0.58,-0.90,0.04,0.85,0.29,0.38,0.39,-0.22,-0.04,-60.74,37.50,159.38,25.66,255,
77.14,-0.84,-0.61,-0.10,0.85,0.30,0.36,0.38,-0.21,-0.04,-61.17,39.49,159.95,25.66,255,
77.26,-0.43,-0.34,0.07,0.85,0.29,0.38,0.39,-0.21,-0.04,-60.40,37.15,159.56,25.66,255,
77.42,-0.43,-0.43,-0.05,0.85,0.28,0.38,0.39,-0.21,-0.04,-61.02,36.79,160.55,25.66,255,
77.55,-0.49,-0.73,-0.04,0.85,0.28,0.38,0.39,-0.21,-0.04,-60.97,36.76,159.93,25.66,255,
77.69,-0.55,-0.73,0.09,0.85,0.29,0.38,0.39,-0.21,-0.03,-60.90,36.91,159.98,25.66,255,
77.79,-0.81,-0.55,0.22,0.85,0.29,0.38,0.39,-0.21,-0.04,-61.00,37.40,160.18,25.66,255,
77.94,-0.58,-0.82,0.16,0.85,0.28,0.38,0.39,-0.21,-0.03,-61.08,36.81,160.44,25.66,255,
78.06,-0.79,-0.89,0.08,0.85,0.29,0.38,0.39,-0.20,-0.04,-60.90,37.41,160.95,25.66,255,
78.19,-0.65,-0.83,0.13,0.85,0.29,0.38,0.39,-0.21,-0.03,-60.79,37.45,159.94,25.66,255,
78.33,-0.76,-1.11,0.20,0.85,0.29,0.38,0.39,-0.21,-0.04,-60.65,37.47,160.00,25.66,255,
78.46,-0.84,-1.08,0.39,0.84,0.29,0.38,0.39,-0.21,-0.03,-60.45,37.21,160.04,25.66,255,
78.59,-0.61,-1.10,0.03,0.84,0.29,0.38,0.39,-0.21,-0.03,-60.38,37.33,160.28,25.66,255,
78.69,-0.75,-0.93,0.03,0.85,0.29,0.38,0.38,-0.21,-0.04,-60.92,37.37,160.24,25.66,255,
78.85,-0.71,-1.22,0.32,0.85,0.29,0.39,0.39,-0.22,-0.04,-60.17,37.26,159.55,25.66,255,
78.98,-0.65,-0.70,0.16,0.86,0.29,0.38,0.39,-0.21,-0.05,-60.64,37.44,160.37,25.66,255,
79.09,-0.88,-0.65,0.14,0.85,0.29,0.38,0.39,-0.21,-0.05,-60.70,37.51,160.32,25.66,255,
79.21,-0.52,-0.85,0.17,0.85,0.29,0.38,0.39,-0.21,-0.04,-60.58,37.21,160.25,25.66,255,
79.37,-0.65,-0.69,0.13,0.85,0.29,0.38,0.39,-0.21,-0.04,-60.66,37.58,159.84,25.66,255,
79.47,-0.52,-0.88,0.04,0.85,0.29,0.38,0.39,-0.21,-0.04,-60.80,37.49,159.80,25.66,255,
79.62,-0.55,-0.61,0.04,0.86,0.29,0.38,0.39,-0.21,-0.04,-61.05,37.03,159.90,25.66,255,
79.74,-0.59,-0.67,0.16,0.86,0.29,0.38,0.39,-0.21,-0.04,-60.84,37.40,160.07,25.66,255,
79.86,-0.49,-0.87,0.26,0.85,0.30,0.38,0.39,-0.21,-0.04,-60.72,38.27,160.57,25.66,255,
80.02,-0.87,-0.78,0.14,0.85,0.29,0.38,0.39,-0.21,-0.04,-60.72,37.29,160.78,25.66,255,
80.15,-0.55,-0.63,0.11,0.85,0.29,0.38,0.39,-0.21,-0.04,-60.76,37.22,160.50,25.66,255,
80.28,-0.59,-0.64,0.08,0.85,0.29,0.38,0.39,-0.20,-0.05,-60.76,37.47,160.77,25.66,255,
80.40,-0.37,-0.99,0.13,0.85,0.29,0.38,0.39,-0.21,-0.04,-60.68,37.25,160.59,25.66,255,
80.54,-0.51,-0.97,0.15,0.85,0.29,0.38,0.38,-0.21,-0.05,-60.70,37.37,160.30,25.66,255,
80.66,-0.85,-0.96,-0.01,0.85,0.29,0.38,0.39,-0.20,-0.05,-60.82,37.75,160.99,25.66,255,
80.80,-0.66,-0.67,0.05,0.85,0.29,0.38,0.38,-0.21,-0.04,-60.51,37.11,159.84,25.66,255,
80.92,-0.68,-0.76,0.07,0.85,0.29,0.38,0.38,-0.21,-0.05,-60.58,37.60,160.12,25.66,255,
81.03,-0.64,-0.71,0.03,0.86,0.29,0.38,0.39,-0.21,-0.04,-60.66,37.71,160.04,25.66,255,
81.18,-0.66,-0.76,0.12,0.85,0.29,0.38,0.38,-0.21,-0.04,-60.86,37.75,159.51,25.66,255,
81.30,-0.66,-0.88,0.16,0.85,0.29,0.38,0.38,-0.20,-0.04,-60.66,37.42,160.47,25.66,255,
81.42,-0.61,-0.57,0.15,0.85,0.29,0.38,0.38,-0.21,-0.05,-60.90,37.69,159.30,25.66,255,
81.57,-0.46,-0.90,0.09,0.85,0.29,0.38,0.39,-0.21,-0.04,-60.61,37.28,159.98,25.66,255,
81.68,-0.52,-0.61,0.13,0.85,0.29,0.38,0.38,-0.21,-0.05,-60.96,37.15,159.61,25.66,255,
81.83,-0.50,-0.76,0.23,0.86,0.29,0.38,0.39,-0.21,-0.04,-60.98,37.18,160.50,25.66,255,
81.95,-0.60,-0.87,0.16,0.85,0.29,0.38,0.39,-0.21,-0.04,-60.65,37.34,160.44,25.66,255,
82.07,-0.40,-0.76,0.14,0.85,0.29,0.38,0.39,-0.21,-0.04,-60.95,37.42,160.65,25.66,255,
82.22,-0.64,-0.67,0.19,0.85,0.29,0.38,0.39,-0.21,-0.04,-60.77,37.56,160.52,25.66,255,
82.35,-0.75,-0.84,0.22,0.86,0.29,0.38,0.39,-0.21,-0.04,-60.95,37.99,160.88,25.66,255,
82.48,-0.63,-0.74,0.40,0.85,0.29,0.38,0.39,-0.21,-0.04,-60.74,37.37,159.97,25.66,255,
82.61,-0.81,-1.08,0.20,0.85,0.30,0.38,0.39,-0.21,-0.05,-60.45,37.54,160.59,25.66,255,
82.74,-0.76,-0.80,0.22,0.85,0.30,0.39,0.39,-0.21,-0.04,-60.19,37.84,160.02,25.66,255,
82.87,-0.34,-0.67,0.08,0.85,0.29,0.38,0.39,-0.21,-0.04,-60.46,37.68,159.84,25.66,255,
82.99,-0.52,-0.56,0.05,0.85,0.29,0.38,0.39,-0.21,-0.05,-60.73,37.34,160.20,25.66,255,
83.12,-0.62,-0.70,-0.04,0.85,0.29,0.38,0.39,-0.21,-0.04,-60.85,37.31,160.12,25.66,255,
83.26,-0.81,-0.97,0.20,0.85,0.29,0.38,0.39,-0.21,-0.04,-60.71,37.08,160.59,25.66,255,
83.41,-0.47,-0.87,0.30,0.85,0.29,0.38,0.39,-0.21,-0.04,-60.89,37.31,160.66,25.66,255,
83.52,-0.52,-0.70,0.18,0.86,0.29,0.37,0.39,-0.21,-0.04,-61.06,37.73,160.73,25.66,255,
83.64,-0.70,-0.64,0.16,0.86,0.29,0.38,0.39,-0.21,-0.05,-60.99,37.46,159.70,25.66,255,
83.78,-0.67,-0.89,0.07,0.85,0.29,0.38,0.38,-0.20,-0.04,-60.93,37.60,160.30,25.66,255,
83.90,-0.56,-0.80,0.16,0.85,0.29,0.38,0.38,-0.21,-0.04,-60.52,37.58,160.41,25.66,255,
84.02,-0.49,-0.74,0.00,0.85,0.29,0.38,0.38,-0.21,-0.03,-60.78,37.24,159.66,25.66,255,
84.17,-0.70,-0.82,0.09,0.85,0.29,0.38,0.39,-0.21,-0.04,-60.84,37.28,160.48,25.66,255,
84.29,-0.51,-0.63,0.19,0.85,0.29,0.38,0.39,-0.21,-0.04,-60.83,37.15,160.45,25.66,255,
84.43,-0.87,-0.73,0.17,0.85,0.29,0.38,0.39,-0.21,-0.04,-60.50,37.15,160.53,25.66,255,
84.55,-0.89,-0.75,-0.02,0.85,0.29,0.38,0.39,-0.21,-0.04,-60.63,37.51,160.05,25.66,255,
84.69,-0.82,-0.61,0.08,0.85,0.29,0.38,0.39,-0.20,-0.04,-60.74,37.39,160.95,25.66,255,
84.82,-0.57,-0.57,0.09,0.85,0.29,0.38,0.39,-0.21,-0.04,-60.79,37.46,160.45,25.66,255,
84.95,-0.73,-0.81,0.29,0.85,0.29,0.38,0.39,-0.20,-0.04,-60.67,37.11,161.01,25.66,255,
85.08,-0.66,-0.98,0.13,0.85,0.29,0.38,0.39,-0.21,-0.05,-60.65,37.08,160.67,25.66,255,
85.20,-0.50,-0.97,0.19,0.85,0.29,0.38,0.39,-0.21,-0.05,-60.71,37.17,160.17,25.66,255,
85.33,-0.66,-0.96,0.25,0.84,0.29,0.38,0.39,-0.21,-0.04,-60.56,37.10,160.34,25.66,255,
85.46,-0.58,-0.67,0.10,0.85,0.29,0.38,0.39,-0.21,-0.05,-60.74,37.19,160.09,25.66,255,
85.60,-0.12,-0.85,0.22,0.84,0.28,0.38,0.39,-0.21,-0.05,-60.74,36.78,160.68,25.66,255,
85.72,-0.53,-0.70,0.20,0.85,0.28,0.38,0.39,-0.21,-0.04,-61.01,36.56,160.38,25.66,255,
85.87,-0.98,-0.98,0.07,0.85,0.29,0.38,0.39,-0.21,-0.04,-60.42,37.49,160.15,25.66,255,
85.97,-0.81,-0.67,0.02,0.86,0.29,0.38,0.39,-0.21,-0.04,-60.82,37.74,160.53,25.66,255,
86.10,-0.64,-0.77,0.11,0.85,0.29,0.38,0.39,-0.21,-0.04,-60.43,37.35,160.89,25.66,255,
86.23,-0.87,-0.67,0.20,0.85,0.30,0.38,0.39,-0.21,-0.04,-60.34,37.78,160.00,25.66,255,
86.36,-0.52,-0.49,0.02,0.86,0.29,0.38,0.40,-0.21,-0.05,-60.75,37.54,160.53,25.66,255,
86.51,-0.56,-0.64,0.01,0.86,0.29,0.38,0.38,-0.21,-0.05,-61.06,37.60,159.78,25.66,255,
86.63,-0.50,-0.58,0.17,0.86,0.29,0.38,0.39,-0.21,-0.05,-60.90,37.39,159.66,25.66,255,
86.77,-0.59,-0.87,0.10,0.85,0.29,0.36,0.39,-0.21,-0.04,-61.49,38.63,160.00,25.66,255,
86.90,-0.85,-0.60,0.06,0.85,0.29,0.38,0.39,-0.21,-0.05,-60.78,37.63,160.07,25.66,255,
87.04,-0.50,-0.71,0.11,0.85,0.29,0.38,0.39,-0.21,-0.05,-60.96,37.07,160.51,25.66,255,
87.16,-0.52,-0.67,0.19,0.85,0.29,0.38,0.39,-0.21,-0.04,-60.71,37.18,160.35,25.66,255,
87.28,-0.62,-0.93,0.09,0.85,0.29,0.38,0.39,-0.21,-0.04,-60.72,38.04,160.08,25.66,255,
87.40,-0.49,-0.73,0.16,0.85,0.29,0.38,0.39,-0.21,-0.04,-60.57,37.16,160.53,25.66,255,
87.53,-0.56,-0.82,0.33,0.85,0.29,0.38,0.39,-0.21,-0.04,-60.76,37.28,160.19,25.66,255,
87.67,-0.73,-0.90,0.07,0.85,0.29,0.38,0.39,-0.21,-0.04,-60.57,37.68,160.43,25.66,255,
87.79,-0.55,-0.60,0.13,0.85,0.29,0.38,0.39,-0.21,-0.04,-60.76,37.52,160.58,25.66,255,
87.94,-0.52,-0.79,0.13,0.85,0.29,0.38,0.39,-0.21,-0.05,-60.77,37.23,160.57,25.66,255,
88.06,-0.69,-0.64,0.15,0.85,0.29,0.38,0.39,-0.20,-0.04,-60.66,37.11,161.03,25.66,255,
88.21,-0.72,-0.88,0.02,0.85,0.29,0.38,0.39,-0.21,-0.04,-60.72,37.23,160.38,25.66,255,
88.31,-0.37,-0.74,0.20,0.85,0.29,0.38,0.39,-0.21,-0.05,-60.79,37.50,160.16,25.66,255,
88.43,-0.54,-0.71,0.22,0.85,0.29,0.38,0.39,-0.21,-0.04,-60.77,37.14,159.93,25.66,255,
88.57,-0.59,-0.76,0.19,0.85,0.29,0.38,0.39,-0.21,-0.04,-60.79,37.45,160.32,25.66,255,
88.71,-0.59,-0.82,0.16,0.85,0.29,0.38,0.40,-0.21,-0.04,-60.66,37.55,161.10,25.66,255,
88.84,-0.64,-0.76,0.03,0.85,0.29,0.38,0.39,-0.20,-0.04,-60.90,37.50,160.94,25.66,255,
88.96,-0.81,-0.84,0.07,0.85,0.29,0.38,0.39,-0.21,-0.04,-60.86,37.21,160.49,25.66,255,
89.10,-0.65,-0.72,0.14,0.85,0.29,0.38,0.39,-0.21,-0.04,-60.78,37.04,160.71,25.66,255,
89.23,-0.60,-0.76,0.10,0.85,0.29,0.38,0.39,-0.21,-0.04,-60.72,37.29,160.67,25.66,255,
89.36,-0.53,-0.94,0.08,0.85,0.29,0.38,0.38,-0.21,-0.04,-60.83,37.76,160.39,25.66,255,
89.49,-0.47,-0.84,0.09,0.85,0.29,0.38,0.39,-0.21,-0.04,-60.66,37.38,160.69,25.66,255,
89.61,-0.58,-0.94,0.16,0.85,0.29,0.38,0.39,-0.21,-0.03,-60.76,37.21,160.58,25.66,255,
89.76,-0.76,-0.60,0.14,0.85,0.29,0.38,0.39,-0.20,-0.03,-60.69,37.29,161.10,25.66,255,
89.88,-0.63,-0.93,0.12,0.85,0.29,0.38,0.39,-0.21,-0.04,-60.75,37.56,160.32,25.66,255,
90.01,-0.79,-0.82,0.24,0.85,0.29,0.38,0.39,-0.21,-0.04,-60.80,37.52,160.55,25.66,255,
90.13,-0.55,-0.73,0.05,0.85,0.29,0.38,0.39,-0.21,-0.04,-60.85,37.15,160.36,25.66,255,
90.27,-0.51,-0.75,0.09,0.85,0.29,0.38,0.39,-0.21,-0.03,-60.52,37.37,159.82,25.66,255,
90.38,-0.70,-0.91,0.13,0.85,0.29,0.37,0.39,-0.21,-0.04,-60.95,37.83,160.05,25.66,255,
90.54,-0.58,-0.70,0.17,0.86,0.29,0.38,0.39,-0.20,-0.04,-60.81,37.21,161.16,25.35,255,
90.67,-0.78,-0.51,0.04,0.86,0.29,0.38,0.39,-0.21,-0.04,-60.99,38.07,159.94,25.66,255,
90.77,-0.41,-0.89,-0.10,0.86,0.29,0.38,0.39,-0.21,-0.04,-60.99,37.49,160.45,25.66,255,
90.93,-0.46,-0.55,0.13,0.86,0.29,0.38,0.40,-0.21,-0.04,-60.97,37.06,161.03,25.66,255,
91.03,-0.65,-0.62,0.10,0.85,0.29,0.38,0.40,-0.21,-0.04,-60.75,37.45,160.99,25.66,255,
91.18,-0.63,-0.97,0.16,0.85,0.29,0.38,0.39,-0.21,-0.04,-60.62,37.41,160.53,25.66,255,
91.30,-0.52,-0.76,0.14,0.85,0.29,0.38,0.39,-0.21,-0.04,-60.75,37.36,160.69,25.66,255,
91.43,-0.75,-0.78,0.13,0.85,0.29,0.38,0.39,-0.21,-0.04,-60.73,37.36,160.64,25.66,255,
91.56,-0.70,-1.07,0.06,0.85,0.29,0.38,0.39,-0.20,-0.03,-60.69,36.82,161.16,25.66,255,
91.70,-0.63,-0.81,0.43,0.85,0.29,0.38,0.39,-0.21,-0.04,-60.57,37.24,160.11,25.66,255,
91.83,-0.72,-0.81,0.11,0.85,0.29,0.38,0.39,-0.21,-0.04,-60.73,37.59,160.03,25.66,255,
91.95,-0.37,-0.84,0.16,0.85,0.29,0.38,0.39,-0.22,-0.04,-60.58,37.24,159.63,25.66,255,
92.10,-0.63,-0.77,0.09,0.85,0.29,0.38,0.39,-0.21,-0.04,-60.60,37.95,160.81,25.66,255,
92.22,-0.64,-0.73,-0.01,0.85,0.29,0.38,0.39,-0.21,-0.03,-60.43,37.50,160.73,25.66,255,
92.33,-0.38,-0.51,-0.02,0.85,0.29,0.38,0.39,-0.21,-0.04,-60.70,37.62,160.47,25.66,255,
92.47,-0.37,-0.67,0.01,0.85,0.28,0.38,0.39,-0.21,-0.04,-60.70,36.56,160.81,25.66,255,
92.60,-0.50,-0.87,0.10,0.85,0.29,0.38,0.39,-0.21,-0.04,-60.66,36.98,160.47,25.66,255,
92.73,-0.70,-0.80,0.16,0.85,0.29,0.38,0.39,-0.21,-0.04,-60.72,37.63,160.02,25.66,255,
92.86,-0.32,-1.14,0.36,0.84,0.29,0.39,0.39,-0.21,-0.04,-60.13,36.62,160.13,25.66,255,
92.98,-0.40,-0.98,0.34,0.85,0.29,0.38,0.39,-0.21,-0.05,-60.41,37.33,160.47,25.66,255,
93.11,-0.40,-1.23,0.19,0.85,0.29,0.38,0.39,-0.21,-0.04,-60.48,37.68,159.90,25.66,255,
93.25,-0.42,-0.82,0.10,0.85,0.29,0.38,0.39,-0.21,-0.04,-60.65,37.33,159.77,25.66,255,
93.39,-0.37,-0.84,0.16,0.86,0.29,0.38,0.39,-0.21,-0.03,-60.81,37.49,160.45,25.66,255,
93.53,-0.51,-0.62,0.13,0.85,0.29,0.38,0.39,-0.21,-0.04,-60.89,36.97,159.84,25.66,255,
93.64,-0.53,-0.66,0.15,0.85,0.28,0.38,0.39,-0.21,-0.03,-61.04,36.93,159.56,25.66,255,
93.77,-0.65,-0.80,0.02,0.85,0.29,0.38,0.39,-0.22,-0.04,-60.74,37.41,159.78,25.66,255,
93.90,-0.43,-0.67,0.08,0.85,0.29,0.38,0.39,-0.21,-0.04,-60.68,37.09,160.00,25.66,255,
94.02,-0.57,-0.58,0.05,0.85,0.29,0.37,0.39,-0.21,-0.04,-61.02,37.58,159.96,25.66,255,
94.16,-0.53,-0.99,0.19,0.85,0.29,0.38,0.39,-0.21,-0.04,-60.97,37.19,160.04,25.66,255,
94.30,-0.68,-0.76,0.30,0.85,0.29,0.38,0.39,-0.22,-0.04,-60.79,37.33,159.71,25.66,255,
94.44,-0.57,-0.77,0.22,0.85,0.29,0.38,0.39,-0.22,-0.05,-60.78,37.10,159.85,25.66,255,
94.57,-0.76,-0.76,0.14,0.86,0.29,0.38,0.39,-0.20,-0.04,-60.94,37.55,161.43,25.66,255,
94.67,-0.68,-0.74,0.13,0.85,0.29,0.38,0.39,-0.21,-0.03,-60.72,36.99,159.78,25.66,255,
94.80,-0.66,-0.87,0.08,0.85,0.29,0.38,0.39,-0.22,-0.04,-60.51,37.39,159.21,25.66,255,
94.95,-0.72,-0.79,0.04,0.85,0.29,0.38,0.39,-0.21,-0.04,-60.80,37.40,159.72,25.66,255,
95.06,-0.60,-0.76,0.24,0.85,0.29,0.38,0.39,-0.21,-0.03,-60.79,37.67,160.22,25.66,255,
95.20,-0.53,-0.43,0.21,0.85,0.29,0.38,0.39,-0.21,-0.04,-60.60,37.78,160.07,25.66,255,
95.34,-0.42,-0.59,0.14,0.85,0.29,0.38,0.39,-0.21,-0.04,-60.69,37.27,160.38,25.66,255,
95.48,-0.52,-0.68,0.17,0.85,0.29,0.38,0.39,-0.21,-0.04,-60.69,37.53,159.81,25.66,255,
95.59,-0.70,-0.76,0.13,0.85,0.29,0.38,0.39,-0.21,-0.05,-60.82,37.49,160.48,25.66,255,
95.71,-0.52,-0.81,0.02,0.85,0.29,0.38,0.39,-0.21,-0.05,-60.53,37.20,159.96,25.66,255,
95.86,-0.59,-0.64,0.10,0.85,0.29,0.38,0.39,-0.21,-0.04,-60.56,37.27,160.61,25.66,255,
95.97,-0.46,-0.95,0.11,0.86,0.29,0.38,0.39,-0.20,-0.04,-60.84,37.33,161.11,25.66,255,
96.12,-0.50,-0.75,0.02,0.85,0.29,0.38,0.39,-0.21,-0.04,-60.81,37.51,160.52,25.66,255,
96.24,-0.44,-0.80,0.10,0.85,0.29,0.38,0.40,-0.20,-0.05,-60.70,37.13,161.40,25.66,255,
96.36,-0.80,-0.65,0.22,0.85,0.29,0.38,0.39,-0.20,-0.04,-60.86,37.64,161.21,25.66,255,
96.51,-0.40,-0.80,0.19,0.85,0.29,0.38,0.39,-0.22,-0.04,-60.74,37.40,159.73,25.66,255,
96.62,-0.71,-0.80,0.11,0.85,0.29,0.38,0.39,-0.21,-0.03,-60.72,37.40,160.49,25.66,255,
96.77,-0.67,-0.64,0.33,0.85,0.29,0.38,0.39,-0.21,-0.04,-60.71,37.23,160.28,25.66,255,
96.89,-0.70,-0.63,0.07,0.86,0.29,0.38,0.39,-0.21,-0.03,-60.79,37.36,160.22,25.66,255,
97.02,-0.88,-0.81,0.19,0.85,0.29,0.38,0.39,-0.21,-0.04,-60.76,37.31,159.93,25.66,255,
97.16,-0.64,-0.84,0.12,0.85,0.29,0.38,0.40,-0.21,-0.04,-60.83,37.62,160.67,25.66,255,
97.28,-0.58,-0.76,0.19,0.85,0.29,0.38,0.39,-0.21,-0.03,-60.62,37.49,160.66,25.66,255,
97.40,-0.60,-0.70,0.04,0.86,0.29,0.38,0.39,-0.21,-0.04,-60.91,37.39,160.15,25.66,255,
97.53,-0.55,-0.61,0.13,0.85,0.29,0.38,0.39,-0.21,-0.03,-60.80,37.49,160.65,25.66,255,
97.66,-0.49,-0.63,0.04,0.85,0.29,0.38,0.39,-0.22,-0.03,-60.86,37.39,159.53,25.66,255,
97.82,-0.45,-0.87,0.15,0.85,0.29,0.38,0.40,-0.21,-0.03,-60.85,37.35,160.69,25.66,255,
97.93,-0.57,-0.88,0.10,0.85,0.29,0.38,0.39,-0.20,-0.03,-60.54,37.38,161.14,25.66,255,
98.05,-0.43,-0.92,0.12,0.85,0.29,0.38,0.39,-0.21,-0.03,-60.88,37.59,160.07,25.66,255,
98.18,-0.78,-0.58,0.18,0.85,0.29,0.38,0.39,-0.21,-0.03,-60.87,37.41,159.83,25.66,255,
98.31,-0.56,-0.73,0.24,0.85,0.29,0.38,0.39,-0.21,-0.02,-60.58,37.56,160.64,25.66,255,
98.45,-0.57,-0.73,0.07,0.85,0.29,0.38,0.39,-0.21,-0.03,-60.53,37.31,160.49,25.66,255,
98.57,-0.40,-0.79,0.21,0.85,0.29,0.38,0.39,-0.21,-0.03,-60.71,37.27,159.88,25.66,255,
98.70,-0.69,-0.63,0.09,0.85,0.29,0.38,0.39,-0.21,-0.03,-60.63,37.67,160.23,25.66,255,
98.85,-0.55,-0.67,0.07,0.85,0.29,0.38,0.39,-0.22,-0.00,-60.59,37.61,159.45,25.66,255,
98.97,-0.57,-0.77,0.02,0.85,0.29,0.38,0.40,-0.21,-0.03,-60.76,37.07,160.84,25.66,255,
99.10,-0.56,-0.71,0.27,0.85,0.29,0.38,0.39,-0.21,-0.04,-60.85,37.28,160.24,25.66,255,
99.22,-0.31,-0.96,0.16,0.85,0.29,0.38,0.39,-0.21,-0.03,-60.73,37.50,160.17,25.66,255,
99.36,-0.58,-0.51,0.04,0.85,0.29,0.38,0.39,-0.21,-0.04,-60.82,37.30,159.66,25.66,255,
99.49,-0.40,-0.81,0.02,0.85,0.29,0.38,0.39,-0.21,-0.03,-60.88,37.60,160.20,25.66,255,
99.63,-0.74,-0.99,0.08,0.85,0.29,0.38,0.39,-0.21,-0.04,-60.90,37.50,160.34,25.66,255,
99.76,-0.33,-0.76,0.08,0.85,0.29,0.38,0.39,-0.21,-0.03,-60.76,37.22,159.78,25.66,255,
99.88,-0.55,-0.72,0.17,0.85,0.29,0.38,0.39,-0.20,-0.03,-60.64,37.06,160.99,25.66,255,
100.02,-0.92,-0.67,0.14,0.86,0.29,0.38,0.39,-0.21,-0.03,-60.77,37.58,159.95,25.66,255,
100.15,-0.62,-0.52,0.10,0.85,0.29,0.38,0.39,-0.21,-0.03,-60.76,37.50,160.33,25.66,255,
100.26,-0.57,-0.76,0.13,0.85,0.29,0.38,0.38,-0.21,-0.04,-60.80,37.58,160.07,25.66,255,
100.40,-0.55,-0.95,0.02,0.85,0.29,0.38,0.39,-0.21,-0.04,-60.50,37.32,160.58,25.66,255,
100.52,-0.54,-0.91,0.04,0.86,0.29,0.38,0.39,-0.20,-0.03,-60.97,37.53,160.95,25.66,255,
100.66,-0.39,-0.72,0.09,0.85,0.29,0.38,0.39,-0.21,-0.03,-60.84,37.38,159.98,25.66,255,
100.79,-0.58,-0.70,0.20,0.85,0.29,0.38,0.39,-0.21,-0.03,-60.77,37.67,160.35,25.66,255,
100.91,-0.71,-0.64,0.16,0.85,0.29,0.38,0.39,-0.21,-0.03,-60.75,37.01,159.82,25.66,255,
101.04,-0.58,-0.71,0.27,0.85,0.29,0.38,0.39,-0.22,-0.04,-60.86,37.53,159.66,25.66,255,
101.17,-0.46,-0.55,-0.02,0.85,0.29,0.38,0.39,-0.21,-0.04,-60.79,37.11,159.98,25.66,255,
101.32,-0.69,-0.61,0.08,0.85,0.29,0.38,0.40,-0.21,-0.04,-60.63,37.41,160.61,25.66,255,
101.44,-0.59,-0.84,0.07,0.85,0.29,0.38,0.39,-0.21,-0.03,-60.65,37.08,160.54,25.66,255,
101.55,-0.51,-0.63,0.23,0.85,0.29,0.38,0.40,-0.21,-0.03,-60.69,37.39,160.92,25.66,255,
101.70,-0.73,-0.75,0.29,0.85,0.29,0.38,0.39,-0.21,-0.04,-60.77,37.49,160.87,25.66,255,
101.82,-0.59,-0.82,0.08,0.85,0.29,0.38,0.39,-0.20,-0.03,-60.53,37.36,161.00,25.66,255,
101.96,-0.43,-0.73,0.36,0.85,0.29,0.38,0.39,-0.21,-0.03,-60.95,37.38,160.59,25.66,255,
102.08,-0.45,-0.76,0.21,0.85,0.29,0.38,0.39,-0.21,-0.03,-60.69,37.03,160.48,25.66,255,
102.23,-0.36,-0.90,0.18,0.86,0.29,0.38,0.39,-0.21,-0.04,-60.93,37.15,160.32,25.66,255,
102.35,-0.51,-0.86,0.10,0.85,0.29,0.38,0.39,-0.21,-0.04,-60.83,37.32,160.23,25.66,255,
102.46,-0.69,-0.69,0.20,0.86,0.29,0.38,0.39,-0.22,-0.04,-60.90,37.83,159.83,25.66,255,
102.59,-0.64,-0.76,0.01,0.85,0.29,0.38,0.40,-0.21,-0.04,-60.73,37.29,160.84,25.66,255,
102.72,-0.30,-0.56,0.20,0.86,0.29,0.38,0.39,-0.21,-0.03,-61.08,37.30,160.10,25.66,255,
102.85,-0.64,-0.64,0.07,0.86,0.29,0.38,0.39,-0.20,-0.03,-60.93,37.58,160.96,25.66,255,
102.98,-0.43,-0.76,0.13,0.85,0.29,0.38,0.39,-0.21,-0.03,-60.65,37.34,160.60,25.66,255,
103.11,-0.58,-0.65,0.17,0.85,0.29,0.38,0.39,-0.21,-0.03,-60.57,37.27,160.81,25.66,255,
103.25,-0.69,-0.76,0.31,0.85,0.29,0.38,0.40,-0.21,-0.04,-60.43,37.33,161.18,25.66,255,
103.38,-0.82,-0.73,0.17,0.85,0.29,0.38,0.39,-0.21,-0.04,-60.87,37.54,160.74,25.66,255,
103.50,-0.47,-0.84,0.18,0.85,0.29,0.38,0.39,-0.22,-0.04,-60.53,37.23,159.85,25.66,255,
103.65,-0.52,-0.55,0.13,0.85,0.29,0.38,0.39,-0.21,-0.03,-60.72,37.43,160.76,25.66,255,
103.76,-0.73,-0.90,0.13,0.85,0.29,0.38,0.39,-0.21,-0.03,-60.70,37.41,160.77,25.66,255,
103.91,-0.34,-0.67,0.19,0.85,0.29,0.38,0.39,-0.21,-0.04,-60.80,37.77,159.98,25.66,255,
104.03,-0.55,-0.67,0.07,0.85,0.29,0.38,0.40,-0.21,-0.03,-60.80,37.62,161.03,25.66,255,
104.18,-0.65,-0.82,0.13,0.85,0.29,0.38,0.39,-0.21,-0.04,-60.76,37.72,160.42,25.66,255,
104.30,-0.71,-0.49,0.24,0.85,0.29,0.38,0.39,-0.21,-0.03,-60.77,37.53,160.56,25.66,255,
104.42,-0.46,-0.84,0.18,0.85,0.29,0.38,0.39,-0.21,-0.03,-60.69,37.05,159.91,25.66,255,
104.54,-0.43,-0.87,0.11,0.85,0.29,0.38,0.39,-0.21,-0.03,-60.71,37.55,160.61,25.66,255,
104.68,-0.64,-0.91,0.07,0.85,0.29,0.38,0.39,-0.21,-0.03,-60.44,37.25,160.20,25.66,255,
104.80,-0.68,-0.90,0.14,0.85,0.29,0.38,0.40,-0.21,-0.03,-60.67,37.60,160.60,25.66,255,
104.93,-0.43,-0.76,0.22,0.85,0.29,0.38,0.39,-0.22,-0.04,-60.76,36.81,159.61,25.66,255,
105.06,-0.42,-0.79,0.17,0.85,0.28,0.38,0.39,-0.21,-0.03,-60.90,36.90,160.20,25.66,255,
105.20,-0.46,-0.80,0.16,0.85,0.29,0.38,0.39,-0.21,-0.03,-60.81,37.42,159.87,25.66,255,
105.32,-0.59,-0.74,0.15,0.85,0.29,0.38,0.39,-0.21,-0.03,-60.83,36.92,159.91,25.66,255,
105.45,-0.81,-0.99,0.14,0.86,0.29,0.38,0.39,-0.21,-0.04,-60.85,37.61,160.08,25.66,255,
105.58,-0.73,-0.81,0.07,0.85,0.29,0.38,0.39,-0.21,-0.03,-60.66,37.26,160.17,25.66,255,
105.71,-0.45,-0.96,0.27,0.85,0.29,0.38,0.39,-0.21,-0.03,-60.72,37.13,160.07,25.66,255,
105.85,-0.50,-0.72,0.05,0.85,0.29,0.38,0.39,-0.21,-0.03,-60.63,37.22,160.52,25.66,255,
105.99,-0.63,-0.84,0.07,0.85,0.29,0.38,0.39,-0.21,-0.03,-60.62,37.19,160.56,25.66,255,
106.11,-0.40,-0.69,0.16,0.86,0.29,0.38,0.40,-0.21,-0.04,-60.90,37.66,160.60,25.66,255,
106.26,-0.65,-0.70,0.19,0.85,0.29,0.38,0.39,-0.21,-0.03,-60.63,37.26,160.81,25.66,255,
106.37,-0.64,-0.81,0.14,0.85,0.29,0.38,0.39,-0.21,-0.04,-60.86,37.46,160.17,25.66,255,
106.49,-0.64,-0.81,0.11,0.85,0.29,0.38,0.39,-0.21,-0.03,-60.78,37.09,160.64,25.66,255,
106.64,-0.60,-0.81,0.01,0.85,0.29,0.38,0.40,-0.21,-0.03,-60.93,37.30,160.85,25.66,255,
106.75,-0.64,-0.77,0.21,0.85,0.29,0.38,0.39,-0.21,-0.03,-60.71,37.62,160.47,25.66,255,
106.88,-0.51,-0.76,0.06,0.85,0.29,0.38,0.39,-0.21,-0.03,-60.66,37.18,160.87,25.66,255,
107.01,-0.84,-0.67,0.15,0.85,0.29,0.38,0.39,-0.22,-0.04,-60.77,37.22,159.27,25.66,255,
107.15,-0.70,-0.71,0.10,0.85,0.29,0.38,0.39,-0.22,-0.04,-60.73,37.62,158.96,25.66,255,
107.27,-0.61,-0.87,0.28,0.85,0.29,0.38,0.39,-0.21,-0.04,-60.63,37.02,159.73,25.66,255,
107.42,-0.75,-0.84,0.23,0.85,0.29,0.38,0.39,-0.21,-0.04,-60.83,37.50,160.59,25.66,255,
107.53,-0.46,-0.68,0.17,0.86,0.29,0.38,0.39,-0.20,-0.03,-60.93,37.35,161.03,25.66,255,
107.66,-0.76,-0.79,0.08,0.85,0.29,0.38,0.39,-0.21,-0.04,-60.76,37.25,160.05,25.66,255,
107.80,-0.38,-0.93,0.03,0.85,0.29,0.38,0.39,-0.21,-0.03,-60.75,36.98,160.05,25.66,255,
107.92,-0.49,-0.63,0.10,0.86,0.29,0.38,0.38,-0.21,-0.04,-60.81,37.31,160.08,25.66,255,
108.05,-0.49,-0.99,0.37,0.85,0.29,0.38,0.39,-0.21,-0.04,-60.65,37.38,160.03,25.66,255,
108.18,-0.59,-0.81,0.13,0.85,0.29,0.38,0.39,-0.21,-0.03,-60.72,37.31,160.38,25.66,255,
108.31,-0.55,-0.70,0.28,0.85,0.29,0.38,0.39,-0.21,-0.04,-60.65,37.25,160.10,25.66,255,
108.44,-0.53,-0.70,0.31,0.85,0.29,0.38,0.39,-0.21,-0.03,-60.76,37.48,159.99,25.66,255,
108.60,-0.45,-0.94,0.00,0.85,0.29,0.38,0.39,-0.21,-0.04,-60.56,37.33,160.32,25.66,255,
108.71,-0.64,-0.82,0.01,0.85,0.29,0.38,0.39,-0.21,-0.03,-60.79,37.41,160.20,25.66,255,
108.83,-0.51,-0.87,0.19,0.85,0.29,0.38,0.39,-0.21,-0.03,-60.63,37.47,160.72,25.66,255,
108.98,-0.59,-0.87,0.15,0.85,0.29,0.38,0.39,-0.21,-0.03,-60.71,37.49,160.52,25.66,255,
109.09,-0.49,-0.70,0.13,0.85,0.29,0.38,0.40,-0.21,-0.03,-60.77,37.54,160.39,25.66,255,
109.23,-0.57,-0.79,0.07,0.85,0.29,0.38,0.40,-0.21,-0.03,-60.84,36.98,160.45,25.66,255,
109.35,-0.59,-0.70,0.15,0.85,0.29,0.38,0.39,-0.21,-0.04,-60.77,37.41,160.81,25.66,255,
109.48,-0.31,-0.64,0.08,0.85,0.29,0.38,0.40,-0.21,-0.02,-60.69,37.68,160.60,25.66,255,
109.61,-0.60,-0.67,0.07,0.85,0.29,0.38,0.39,-0.21,-0.04,-60.88,37.35,160.94,25.66,255,
109.73,-0.63,-0.83,0.16,0.85,0.29,0.38,0.39,-0.21,-0.04,-60.81,37.31,160.47,25.66,255,
109.87,-0.52,-0.81,0.21,0.85,0.29,0.38,0.39,-0.21,-0.03,-60.43,37.36,160.67,25.66,255,
110.00,-0.70,-0.81,0.00,0.86,0.29,0.38,0.39,-0.21,-0.04,-60.80,37.42,160.58,25.66,255,
110.12,-0.58,-0.84,0.11,0.85,0.29,0.38,0.39,-0.21,-0.04,-60.63,37.65,160.44,25.66,255,
110.25,-0.76,-0.82,0.31,0.86,0.29,0.38,0.39,-0.20,-0.04,-60.95,37.89,161.16,25.66,255,
110.39,-0.56,-0.83,0.30,0.86,0.29,0.38,0.40,-0.21,-0.04,-60.76,37.34,161.10,25.66,255,
110.53,-0.69,-0.72,0.20,0.85,0.29,0.38,0.39,-0.22,-0.03,-60.93,37.60,159.44,25.66,255,
110.65,-0.46,-0.80,0.06,0.85,0.29,0.38,0.39,-0.21,-0.04,-60.93,37.51,160.26,25.66,255,
110.80,-0.88,-0.73,-0.04,0.85,0.29,0.38,0.39,-0.20,-0.03,-60.73,37.41,161.17,25.66,255,
110.91,-0.59,-0.82,0.07,0.85,0.29,0.38,0.39,-0.22,-0.03,-60.83,37.14,159.81,25.66,255,
111.05,-0.50,-0.79,0.10,0.85,0.29,0.38,0.39,-0.21,-0.03,-60.83,37.26,160.49,25.66,255,
111.17,-0.67,-0.61,0.06,0.85,0.29,0.38,0.39,-0.21,-0.04,-60.68,37.25,160.14,25.66,255,
111.30,-0.64,-0.84,0.08,0.85,0.29,0.38,0.39,-0.21,-0.04,-60.65,37.68,160.11,25.66,255,
111.43,-0.55,-0.96,0.32,0.85,0.29,0.38,0.39,-0.21,-0.04,-60.69,37.33,160.12,25.66,255,
111.64,-0.71,-0.76,0.15,0.85,0.29,0.38,0.39,-0.21,-0.03,-60.70,37.38,160.48,25.66,255,
111.81,-0.65,-0.79,0.05,0.85,0.29,0.38,0.39,-0.21,-0.03,-60.77,37.51,159.89,25.66,255,
111.85,-0.64,-0.66,0.10,0.85,0.29,0.38,0.38,-0.21,-0.04,-60.70,37.17,160.15,25.66,255,
112.08,-0.58,-0.69,0.22,0.85,0.29,0.38,0.39,-0.20,-0.04,-60.79,37.23,161.08,25.66,255,
112.09,-0.25,-0.76,0.07,0.85,0.29,0.38,0.39,-0.21,-0.04,-60.48,37.49,160.51,25.66,255,
112.24,-0.69,-0.73,0.03,0.85,0.29,0.38,0.39,-0.21,-0.03,-60.75,37.68,160.11,25.66,255,
112.36,-0.43,-0.66,0.16,0.85,0.29,0.38,0.39,-0.21,-0.04,-60.83,37.30,160.17,25.66,255,
112.48,-0.34,-0.75,0.06,0.85,0.29,0.38,0.39,-0.21,-0.03,-60.77,37.60,159.85,25.66,255,
112.63,-0.61,-0.79,0.13,0.87,0.29,0.38,0.39,-0.21,-0.04,-61.18,37.37,159.92,25.66,255,
112.73,-0.69,-1.06,0.42,0.85,0.29,0.38,0.39,-0.21,-0.03,-60.37,37.20,160.60,25.66,255,
112.89,-0.64,-1.05,0.05,0.85,0.29,0.38,0.39,-0.21,-0.04,-60.78,37.81,159.78,25.66,255,
113.00,-0.81,-1.06,0.15,0.85,0.29,0.38,0.39,-0.21,-0.03,-60.63,36.93,159.55,25.66,255,
113.15,-0.71,-0.84,0.19,0.85,0.29,0.38,0.39,-0.22,-0.04,-60.73,37.32,159.25,25.66,255,
113.27,-0.70,-0.96,0.05,0.85,0.29,0.38,0.39,-0.21,-0.03,-60.61,37.19,159.98,25.66,255,
113.38,-0.55,-0.82,0.13,0.86,0.29,0.38,0.39,-0.22,-0.03,-60.89,37.69,159.41,25.66,255,
113.53,-0.62,-0.70,0.18,0.85,0.29,0.38,0.39,-0.22,-0.04,-60.67,37.22,159.52,25.66,255,
113.65,-0.57,-0.67,0.16,0.85,0.29,0.38,0.36,-0.21,-0.03,-60.81,37.51,157.90,25.66,255,
113.80,-0.63,-0.53,0.09,0.85,0.29,0.37,0.39,-0.21,-0.04,-60.97,37.85,160.24,25.98,255,
113.92,-0.67,-0.84,0.37,0.85,0.29,0.38,0.39,-0.21,-0.03,-60.82,37.08,159.79,25.98,255,
114.05,-0.82,-0.73,0.04,0.85,0.29,0.37,0.38,-0.20,-0.03,-60.93,37.66,160.83,25.98,255,
114.16,-0.76,-0.76,0.07,0.85,0.29,0.38,0.39,-0.21,-0.04,-60.62,37.22,160.36,25.98,255,
114.31,-0.50,-0.71,0.15,0.85,0.29,0.38,0.38,-0.22,-0.04,-60.63,37.38,159.34,25.98,255,
114.43,-0.62,-0.67,-0.04,0.85,0.29,0.38,0.39,-0.21,-0.04,-60.95,37.69,160.15,25.98,255,
114.55,-0.56,-0.61,0.18,0.85,0.29,0.38,0.39,-0.21,-0.04,-60.97,37.30,160.13,25.98,255,
114.71,-0.73,-0.77,0.18,0.85,0.29,0.38,0.39,-0.21,-0.04,-60.82,37.60,159.76,25.98,255,
114.81,-0.57,-0.90,0.10,0.85,0.29,0.38,0.39,-0.21,-0.03,-60.76,37.44,159.80,25.98,255,
114.96,-0.40,-0.81,0.13,0.85,0.29,0.38,0.39,-0.21,-0.04,-60.83,37.52,160.23,25.98,255,
115.07,-0.76,-0.59,0.16,0.85,0.29,0.38,0.39,-0.22,-0.04,-60.82,37.70,159.78,25.98,255,
115.22,-0.56,-0.74,0.16,0.85,0.29,0.38,0.39,-0.21,-0.04,-60.76,37.27,159.93,25.98,255,
115.34,-0.64,-0.84,0.25,0.85,0.29,0.38,0.39,-0.22,-0.04,-60.83,37.55,159.55,25.98,255,
115.48,-0.46,-0.57,0.14,0.85,0.29,0.38,0.39,-0.21,-0.03,-60.91,37.23,159.68,25.98,255,
115.59,-0.67,-0.81,0.11,0.85,0.29,0.38,0.39,-0.21,-0.03,-60.83,37.66,159.60,25.98,255,
115.74,-0.55,-0.74,0.21,0.85,0.29,0.38,0.39,-0.20,-0.03,-60.80,37.34,160.68,25.98,255,
115.86,-0.91,-0.87,0.08,0.85,0.29,0.39,0.38,-0.22,-0.03,-60.42,36.92,159.27,25.98,255,
115.98,-0.62,-0.85,0.19,0.85,0.29,0.38,0.39,-0.21,-0.03,-60.52,37.62,159.53,25.98,255,
116.11,-0.46,-0.73,0.05,0.85,0.29,0.38,0.39,-0.21,-0.03,-60.60,37.76,159.91,25.98,255,
116.26,-0.81,-0.99,0.25,0.85,0.29,0.38,0.38,-0.20,-0.03,-60.39,37.36,160.42,25.98,255,
116.39,-0.56,-0.70,0.22,0.85,0.29,0.38,0.39,-0.22,-0.04,-60.63,37.00,159.39,25.98,255,
116.52,-0.24,-0.79,0.32,0.86,0.28,0.38,0.39,-0.21,-0.04,-61.10,37.07,159.80,25.98,255,
116.63,-0.39,-0.44,0.16,0.86,0.28,0.37,0.39,-0.22,-0.03,-61.94,37.19,159.62,25.98,255,
116.75,-0.66,-1.02,0.27,0.85,0.28,0.38,0.39,-0.22,-0.03,-61.00,36.88,159.60,25.98,255,
116.91,-0.86,-1.08,0.07,0.85,0.30,0.38,0.39,-0.22,-0.03,-60.41,37.89,159.66,25.98,255,
117.04,-0.57,-0.94,0.14,0.85,0.29,0.38,0.39,-0.22,-0.02,-60.52,37.67,159.33,25.98,255,
117.17,-0.67,-0.75,0.28,0.85,0.29,0.38,0.39,-0.22,-0.03,-60.49,37.85,159.25,25.98,255,
117.28,-0.56,-0.60,0.07,0.85,0.29,0.37,0.39,-0.21,-0.03,-60.96,37.69,159.91,25.98,255,
117.42,-0.52,-0.77,0.07,0.85,0.29,0.38,0.39,-0.21,-0.03,-60.79,37.54,160.81,25.98,255,
117.56,-0.48,-0.35,0.10,0.86,0.29,0.37,0.39,-0.21,-0.03,-61.12,37.97,160.23,25.98,255,
117.69,-0.34,-0.64,0.07,0.85,0.29,0.38,0.39,-0.21,-0.03,-60.81,37.56,160.00,25.98,255,
117.81,-0.61,-0.55,0.28,0.85,0.29,0.37,0.39,-0.21,-0.03,-61.01,37.60,159.62,25.98,255,
117.92,-0.61,-0.70,0.07,0.85,0.29,0.38,0.39,-0.21,-0.04,-60.80,37.73,160.04,25.98,255,
118.07,-0.75,-0.68,0.12,0.86,0.29,0.38,0.39,-0.22,-0.04,-60.91,37.45,159.51,25.98,255,
118.18,-0.46,-0.48,0.15,0.86,0.28,0.37,0.38,-0.21,-0.04,-61.38,37.32,159.39,25.98,255,
118.33,-0.72,-1.05,0.10,0.85,0.28,0.37,0.38,-0.21,-0.03,-61.16,36.93,159.76,25.98,255,
118.44,-1.04,-1.26,0.31,0.86,0.30,0.38,0.39,-0.21,-0.03,-60.56,38.13,160.53,25.98,255,
118.57,-0.65,-0.78,0.18,0.86,0.30,0.38,0.39,-0.21,-0.04,-60.57,38.01,160.40,25.98,255,
118.72,-0.64,-0.78,0.07,0.86,0.29,0.38,0.39,-0.22,-0.04,-60.92,37.48,159.38,25.98,255,
118.86,-0.57,-0.56,0.13,0.86,0.29,0.37,0.39,-0.21,-0.03,-61.30,37.53,160.07,25.98,255,
118.97,-0.70,-0.96,0.17,0.85,0.29,0.38,0.39,-0.22,-0.04,-60.59,37.01,159.41,25.98,255,
119.12,-0.81,-0.63,0.07,0.86,0.30,0.37,0.39,-0.21,-0.03,-60.94,38.33,160.15,25.98,255,
119.22,-0.73,-0.72,-0.01,0.85,0.29,0.38,0.39,-0.21,-0.04,-60.41,37.22,160.09,25.98,255,
119.37,-0.58,-0.59,0.10,0.85,0.29,0.38,0.39,-0.21,-0.03,-60.59,37.66,159.64,25.98,255,
119.49,-0.71,-0.69,0.07,0.85,0.29,0.38,0.39,-0.21,-0.03,-60.57,37.73,159.60,25.98,255,
119.64,-0.39,-0.49,0.10,0.85,0.29,0.38,0.39,-0.21,-0.04,-60.78,37.53,160.16,25.98,255,
119.76,-0.25,-0.69,0.02,0.85,0.29,0.38,0.39,-0.21,-0.04,-60.84,37.00,159.72,25.98,255,
119.87,-0.40,-0.90,0.13,0.85,0.29,0.37,0.39,-0.21,-0.03,-61.00,37.56,160.19,25.98,255,
120.01,-0.64,-0.80,0.19,0.86,0.29,0.38,0.39,-0.21,-0.04,-60.70,37.75,160.40,25.98,255,
120.13,-0.60,-0.69,0.01,0.85,0.29,0.38,0.39,-0.21,-0.04,-60.62,37.91,159.96,25.98,255,
120.26,-0.73,-0.75,0.04,0.85,0.29,0.38,0.39,-0.21,-0.04,-60.93,37.65,160.25,25.98,255,
120.41,-0.46,-0.69,0.04,0.85,0.30,0.38,0.39,-0.21,-0.03,-60.62,37.98,159.63,25.98,255,
120.55,-0.34,-0.34,0.10,0.86,0.29,0.38,0.39,-0.21,-0.04,-60.79,37.91,160.75,25.98,255,
120.67,-0.27,-0.79,0.21,0.85,0.29,0.38,0.39,-0.21,-0.04,-60.87,37.10,160.42,25.98,255,
120.78,-0.55,-0.79,0.10,0.85,0.29,0.38,0.39,-0.21,-0.03,-60.88,37.49,160.20,25.98,255,
120.92,-0.72,-0.93,0.08,0.86,0.29,0.38,0.39,-0.21,-0.04,-60.77,37.70,160.05,25.98,255,
121.04,-0.54,-0.61,0.13,0.85,0.29,0.37,0.39,-0.21,-0.04,-61.08,37.55,160.34,25.98,255,
121.19,-0.73,-0.65,0.26,0.85,0.29,0.38,0.39,-0.21,-0.04,-60.82,37.41,160.56,25.98,255,
121.32,-0.51,-0.97,0.23,0.85,0.29,0.38,0.39,-0.21,-0.04,-60.76,37.10,160.78,25.98,255,
121.45,-0.43,-0.93,0.16,0.85,0.29,0.37,0.39,-0.21,-0.05,-61.02,37.92,159.99,25.98,255,
121.58,-0.65,-0.83,0.15,0.85,0.29,0.38,0.39,-0.21,-0.05,-60.92,37.15,160.00,25.98,255,
121.71,-0.87,-0.69,0.12,0.85,0.29,0.38,0.39,-0.21,-0.04,-60.67,37.47,159.98,25.98,255,
121.82,-0.88,-0.99,0.24,0.85,0.29,0.38,0.39,-0.21,-0.04,-60.67,37.30,160.36,25.98,255,
121.94,-0.85,-1.08,0.20,0.85,0.29,0.38,0.39,-0.22,-0.04,-60.50,37.51,159.96,25.98,255,
122.09,-0.82,-1.05,0.12,0.85,0.30,0.39,0.39,-0.21,-0.04,-60.24,37.76,160.47,25.98,255,
122.21,-0.63,-0.92,0.06,0.85,0.29,0.38,0.39,-0.22,-0.04,-60.42,37.60,159.81,25.98,255,
122.36,-0.40,-0.67,0.16,0.86,0.29,0.38,0.39,-0.21,-0.05,-60.84,37.42,160.37,25.98,255,
122.48,-0.49,-0.77,0.05,0.85,0.29,0.38,0.39,-0.21,-0.04,-60.81,37.14,159.95,25.98,255,
122.60,-0.81,-0.83,0.16,0.85,0.29,0.38,0.39,-0.21,-0.04,-60.79,37.81,160.77,25.98,255,
122.73,-0.57,-0.70,0.09,0.86,0.29,0.38,0.39,-0.21,-0.04,-61.08,37.62,160.29,25.98,255,
122.87,-0.52,-0.73,0.10,0.85,0.29,0.38,0.39,-0.20,-0.04,-60.48,37.68,160.84,25.98,255,
123.01,-0.59,-0.64,0.13,0.86,0.29,0.37,0.40,-0.21,-0.04,-61.21,37.41,160.34,25.98,255,
123.14,-0.57,-0.90,0.25,0.85,0.28,0.37,0.39,-0.21,-0.03,-61.19,36.97,160.45,25.98,255,
123.28,-0.73,-0.98,0.10,0.85,0.29,0.38,0.39,-0.21,-0.03,-60.91,37.52,160.31,25.98,255,
123.38,-0.96,-0.94,0.11,0.86,0.29,0.38,0.39,-0.21,-0.03,-60.88,38.00,160.94,25.98,255,
123.51,-0.68,-0.50,0.01,0.86,0.29,0.38,0.39,-0.21,-0.03,-61.12,37.58,159.81,25.98,255,
123.66,-0.72,-0.75,0.12,0.85,0.29,0.38,0.39,-0.21,-0.04,-60.72,37.49,159.86,25.98,255,
123.78,-0.79,-0.88,0.25,0.85,0.29,0.38,0.39,-0.21,-0.04,-60.62,37.48,160.81,25.98,255,
123.90,-0.54,-1.08,0.24,0.85,0.29,0.38,0.39,-0.21,-0.04,-60.81,37.34,160.05,25.98,255,
124.05,-0.36,-1.02,0.07,0.85,0.29,0.38,0.39,-0.21,-0.03,-60.69,37.34,159.64,25.98,255,
124.15,-0.49,-0.92,0.17,0.85,0.29,0.38,0.39,-0.21,-0.04,-60.59,36.90,159.94,25.98,255,
124.30,-0.79,-0.67,-1.78,0.85,0.28,0.37,0.39,-0.20,-0.03,-61.15,37.42,160.93,25.98,255,
124.42,-0.52,-0.44,-0.09,0.86,0.29,0.39,0.39,-0.21,-0.04,-60.59,36.90,160.09,25.98,255,
124.57,-0.74,-0.22,0.01,0.86,0.29,0.37,0.39,-0.21,-0.04,-61.05,37.69,160.31,25.98,255,
124.69,-0.31,-0.54,0.13,0.86,0.29,0.38,0.39,-0.21,-0.03,-61.09,37.56,160.55,25.98,255,
124.81,-0.69,-0.73,0.15,0.85,0.28,0.37,0.38,-0.21,-0.02,-61.13,37.25,159.97,25.98,255,
124.96,-0.80,-0.85,0.17,0.86,0.29,0.37,0.39,-0.22,-0.04,-61.06,37.74,159.27,25.98,255,
125.08,-0.49,-0.90,0.06,0.85,0.29,0.38,0.39,-0.21,-0.04,-60.94,37.65,160.03,25.98,255,
125.22,-0.29,-1.06,0.26,0.85,0.29,0.38,0.39,-0.21,-0.03,-60.66,37.20,159.99,25.98,255,
125.34,-0.65,-0.90,0.06,0.85,0.29,0.38,0.39,-0.20,-0.04,-60.92,37.30,160.80,25.98,255,
125.46,-0.68,-0.90,0.19,0.85,0.29,0.38,0.38,-0.21,-0.04,-60.83,37.37,160.11,25.98,255,
125.61,-0.72,-0.86,0.05,0.85,0.29,0.38,0.38,-0.21,-0.04,-60.64,37.52,159.90,25.98,255,
125.74,-0.75,-0.91,0.18,0.85,0.29,0.38,0.39,-0.22,-0.03,-60.66,37.21,159.56,25.98,255,
125.86,-0.43,-0.58,0.11,0.85,0.29,0.38,0.39,-0.21,-0.03,-60.87,37.84,160.03,25.98,255,
125.98,-0.51,-0.59,0.11,0.86,0.29,0.37,0.38,-0.20,-0.03,-61.30,37.63,160.61,25.98,255,
126.11,-0.21,-0.61,-0.05,0.85,0.29,0.37,0.39,-0.21,-0.03,-61.13,37.42,160.39,25.98,255,
126.26,-0.66,-0.64,0.16,0.85,0.29,0.38,0.39,-0.20,-0.03,-60.87,37.39,161.82,25.98,255,
126.38,-0.52,-0.79,0.10,0.85,0.29,0.37,0.39,-0.20,-0.03,-61.00,37.65,160.91,25.98,255,
126.50,-0.71,-0.89,0.22,0.85,0.28,0.38,0.39,-0.21,-0.03,-61.11,36.54,160.67,25.98,255,
126.66,-0.63,-0.86,0.31,0.84,0.29,0.38,0.39,-0.21,-0.03,-60.39,37.26,160.54,25.98,255,
126.78,-0.56,-0.71,0.02,0.85,0.29,0.38,0.39,-0.20,-0.03,-60.68,37.77,161.09,25.98,255,
126.92,-0.33,-0.53,0.21,0.86,0.29,0.38,0.39,-0.21,-0.04,-61.00,37.44,160.00,25.98,255,
127.04,-0.55,-0.61,0.30,0.85,0.29,0.38,0.39,-0.21,-0.03,-60.82,37.33,160.44,25.98,255,
127.17,-0.43,-0.75,-0.07,0.85,0.29,0.38,0.40,-0.21,-0.03,-60.90,37.43,160.33,25.98,255,
127.29,-0.34,-0.93,0.19,0.85,0.29,0.38,0.39,-0.21,-0.04,-60.94,37.03,160.52,25.98,255,
127.42,-0.52,-0.79,0.20,0.85,0.29,0.38,0.40,-0.21,-0.04,-60.58,37.58,161.08,25.98,255,
127.54,-0.49,-0.67,0.21,0.85,0.29,0.38,0.39,-0.21,-0.04,-60.89,37.13,160.32,25.98,255,
127.68,-0.42,-0.90,0.21,0.85,0.29,0.38,0.39,-0.21,-0.04,-60.89,37.52,159.83,25.98,255,
127.83,-0.57,-1.21,0.34,0.85,0.29,0.38,0.39,-0.21,-0.04,-60.62,37.54,160.65,25.98,255,
127.95,-0.90,-0.22,-0.40,0.86,0.32,0.36,0.39,-0.21,-0.04,-60.55,41.69,159.98,25.98,255,
128.06,-0.10,0.13,-0.30,0.85,0.29,0.38,0.39,-0.21,-0.04,-60.76,37.27,160.06,25.98,255,
128.19,-0.14,-0.05,-0.01,0.86,0.27,0.37,0.39,-0.20,-0.03,-61.80,36.72,160.96,25.98,255,
128.32,-0.58,-0.65,0.10,0.85,0.28,0.37,0.39,-0.22,-0.04,-61.23,37.16,159.34,25.98,255,
128.45,-0.55,-0.87,0.15,0.86,0.29,0.37,0.39,-0.21,-0.04,-61.23,37.75,160.58,25.98,255,
128.58,0.03,-1.02,0.25,0.85,0.28,0.38,0.39,-0.21,-0.04,-61.04,36.74,160.32,25.98,255,
128.74,-0.34,-1.07,0.31,0.85,0.28,0.37,0.39,-0.21,-0.03,-61.35,36.79,160.45,25.98,255,
128.86,-0.79,-1.04,0.36,0.85,0.28,0.38,0.39,-0.21,-0.04,-60.83,36.70,160.14,25.98,255,
129.00,-0.79,-0.90,0.16,0.85,0.30,0.38,0.39,-0.21,-0.04,-60.66,38.21,160.05,25.98,255,
129.10,-0.68,-0.83,0.35,0.85,0.29,0.38,0.39,-0.21,-0.03,-60.51,37.45,160.46,25.98,255,
129.26,-0.54,-0.63,0.21,0.85,0.29,0.38,0.39,-0.21,-0.04,-60.93,37.72,160.28,25.66,255,
129.39,-0.40,-0.77,0.05,0.85,0.29,0.38,0.39,-0.21,-0.04,-60.85,37.43,160.06,25.66,255,
129.51,-0.46,-0.78,0.13,0.85,0.29,0.38,0.39,-0.21,-0.04,-60.76,37.60,160.33,25.66,255,
129.62,-0.45,-0.79,0.10,0.85,0.29,0.38,0.39,-0.21,-0.04,-60.65,37.27,160.28,25.35,255,
129.75,0.47,-0.41,0.19,0.86,0.29,0.39,0.39,-0.21,-0.04,-60.57,37.00,160.01,25.03,255,
129.91,1.56,3.45,1.38,0.85,0.30,0.37,0.39,-0.21,-0.04,-60.75,38.38,160.57,23.45,255,
