===================== 
Scenario = 1
Instrument = ophthalmoscope
This is a header line 
===================== 
0.00,7,
0.05,-0.65,-0.63,0.28,0.85,0.29,0.37,0.51,-0.29,-0.02,-60.81,38.10,158.95,48.48,5,
0.09,-0.22,-0.62,0.07,0.85,0.29,0.38,0.51,-0.33,-0.02,-60.61,37.85,156.04,48.48,5,
0.13,-0.46,-0.59,-0.04,0.85,0.29,0.38,0.51,-0.33,-0.02,-60.73,37.97,155.86,48.48,8,
0.17,-0.40,-0.50,-0.16,0.85,0.29,0.38,0.51,-0.33,-0.02,-60.65,37.96,155.85,48.48,5,
0.19,-0.50,-0.66,0.07,0.85,0.29,0.37,0.51,-0.33,-0.03,-60.69,38.10,156.03,48.48,9,
0.21,-0.44,-0.65,0.02,0.85,0.29,0.38,0.51,-0.33,-0.02,-60.72,37.92,156.04,48.48,8,
0.23,-0.46,-0.61,-0.05,0.85,0.29,0.38,0.52,-0.33,-0.02,-60.73,37.93,156.00,48.48,6,
0.26,-0.38,-0.84,-0.07,0.85,0.29,0.37,0.52,-0.32,-0.02,-60.81,37.92,156.41,48.48,4,
0.28,-0.36,-0.71,-0.07,0.85,0.29,0.38,0.52,-0.33,-0.02,-60.60,37.73,155.90,48.48,6,
0.32,-0.49,-0.49,0.06,0.85,0.29,0.37,0.51,-0.33,-0.01,-60.77,37.98,156.09,48.48,7,
0.36,-0.23,-0.50,0.11,0.85,0.29,0.37,0.52,-0.33,-0.01,-60.76,37.98,155.76,48.48,6,
0.40,-0.25,-0.74,0.16,0.85,0.29,0.38,0.51,-0.33,-0.02,-60.69,37.96,155.60,48.48,8,
0.43,-0.48,-0.83,0.02,0.85,0.29,0.37,0.51,-0.33,-0.01,-60.78,37.92,155.44,48.48,7,
0.47,-0.49,-0.93,0.08,0.85,0.29,0.37,0.52,-0.33,-0.02,-60.78,38.06,155.82,48.48,6,
0.49,-0.20,-0.59,0.01,0.85,0.29,0.37,0.52,-0.33,-0.01,-60.70,38.16,156.15,48.48,7,
0.51,-0.59,-0.74,0.31,0.85,0.29,0.38,0.52,-0.33,-0.02,-60.72,37.96,155.91,48.48,5,
0.54,-0.39,-0.64,0.19,0.85,0.29,0.37,0.52,-0.32,-0.01,-60.84,38.04,156.62,48.48,7,
0.56,-0.24,-0.67,0.04,0.85,0.29,0.38,0.52,-0.33,-0.02,-60.79,37.76,155.71,48.48,7,
0.58,-0.27,-0.61,-0.07,0.85,0.29,0.38,0.51,-0.32,-0.02,-60.83,37.67,156.40,48.48,7,
0.60,-0.62,-0.64,0.16,0.85,0.29,0.37,0.52,-0.33,-0.02,-60.72,38.23,156.34,48.48,10,
0.63,-0.20,-0.74,-0.01,0.85,0.29,0.37,0.51,-0.32,-0.02,-60.81,38.03,156.54,48.48,9,
0.65,-0.53,-0.67,-0.19,0.85,0.29,0.38,0.51,-0.33,-0.01,-60.55,37.95,155.95,48.48,7,
0.67,-0.21,-0.55,0.19,0.85,0.29,0.37,0.52,-0.33,-0.02,-60.89,38.19,156.17,48.48,8,
0.69,-0.39,-0.61,0.13,0.85,0.29,0.38,0.53,-0.32,-0.01,-60.60,37.77,157.08,48.48,7,
0.71,-0.35,-0.67,0.07,0.85,0.29,0.38,0.52,-0.33,-0.03,-60.57,37.94,155.80,48.48,6,
0.74,-0.28,-0.42,0.09,0.85,0.29,0.38,0.51,-0.32,-0.02,-60.67,37.65,156.39,48.48,9,
0.76,-0.22,-0.61,0.11,0.85,0.29,0.38,0.52,-0.33,-0.03,-60.77,37.68,156.18,48.48,8,
0.78,-0.37,-0.54,0.15,0.85,0.29,0.37,0.52,-0.33,-0.01,-60.77,37.94,155.95,48.48,5,
0.80,-0.49,-0.74,0.10,0.85,0.29,0.38,0.51,-0.33,-0.02,-60.68,37.79,155.99,48.48,7,
0.83,-0.40,-0.64,0.07,0.85,0.29,0.37,0.51,-0.33,-0.02,-60.80,38.02,156.10,48.48,5,
0.85,-0.22,-0.79,-0.13,0.85,0.29,0.38,0.52,-0.34,-0.02,-60.73,37.80,155.45,48.48,6,
0.87,-0.36,-0.45,0.05,0.85,0.29,0.37,0.51,-0.33,-0.01,-60.68,38.37,155.76,48.48,5,
0.89,-0.32,-0.43,0.25,0.85,0.30,0.38,0.52,-0.33,-0.02,-60.56,38.13,155.94,48.48,4,
0.92,-0.41,-0.58,-0.18,0.85,0.29,0.38,0.51,-0.33,-0.02,-60.67,37.71,155.75,48.48,6,
0.94,-0.34,-0.52,0.18,0.85,0.29,0.38,0.52,-0.33,-0.01,-60.78,37.94,156.28,48.48,4,
0.96,-0.59,-0.66,-0.01,0.85,0.29,0.37,0.51,-0.33,-0.02,-60.68,38.09,155.68,48.48,4,
0.98,-0.46,-0.61,0.01,0.85,0.29,0.38,0.51,-0.32,-0.01,-60.48,37.72,156.36,48.48,6,
1.00,-0.43,-0.58,-0.01,0.85,0.29,0.38,0.52,-0.34,-0.02,-60.68,37.98,155.54,48.48,7,
1.03,-0.53,-0.75,0.10,0.85,0.29,0.37,0.51,-0.32,-0.03,-60.73,38.32,156.40,48.48,6,
1.05,-0.23,-0.71,0.17,0.85,0.29,0.37,0.52,-0.33,-0.02,-60.64,38.11,155.77,48.48,7,
1.07,-0.34,-0.51,-0.18,0.85,0.29,0.37,0.51,-0.33,-0.02,-60.80,37.87,156.07,48.48,6,
1.10,-0.49,-0.72,0.12,0.85,0.29,0.37,0.52,-0.33,-0.02,-60.77,37.82,156.14,48.48,7,
1.12,-0.33,-0.56,-0.10,0.85,0.29,0.38,0.51,-0.32,-0.01,-60.73,37.93,156.27,48.48,5,
1.25,-0.47,-0.56,-0.02,0.85,0.29,0.38,0.52,-0.33,-0.02,-60.71,37.73,156.24,48.48,6,
1.37,-0.37,-0.72,0.13,0.85,0.29,0.38,0.52,-0.32,-0.02,-60.71,37.78,156.38,48.48,7,
1.49,-0.31,-0.58,0.11,0.85,0.29,0.37,0.52,-0.32,-0.02,-60.77,38.06,156.82,48.48,7,
1.62,-0.53,-0.54,-0.16,0.85,0.29,0.37,0.52,-0.33,-0.03,-60.75,38.17,155.97,48.48,7,
1.76,-0.45,-0.68,-0.08,0.85,0.29,0.37,0.52,-0.33,-0.03,-60.66,38.11,156.21,48.48,7,
1.90,-0.37,-0.64,0.03,0.85,0.29,0.37,0.52,-0.33,-0.03,-60.73,38.17,155.81,48.48,5,
2.03,-0.31,-0.74,-0.10,0.85,0.29,0.37,0.52,-0.32,-0.02,-60.77,38.04,156.58,48.48,6,
2.14,-0.35,-0.61,-0.22,0.85,0.29,0.37,0.52,-0.33,-0.02,-60.83,38.16,156.00,48.48,5,
2.27,-0.37,-0.58,0.13,0.85,0.29,0.38,0.51,-0.32,-0.02,-60.71,37.96,156.59,48.48,5,
2.41,-0.25,-0.66,0.07,0.85,0.29,0.37,0.52,-0.33,-0.02,-60.79,38.03,156.06,48.48,5,
2.53,-0.38,-0.64,-0.01,0.85,0.29,0.37,0.52,-0.33,-0.01,-60.80,38.13,156.19,48.48,7,
2.68,-0.38,-0.58,-0.22,0.85,0.29,0.37,0.51,-0.33,-0.02,-60.84,37.89,156.09,48.48,6,
2.79,-0.56,-0.81,0.07,0.85,0.29,0.37,0.52,-0.33,-0.03,-60.85,38.09,156.36,48.48,5,
2.94,-0.46,-0.73,0.07,0.85,0.29,0.37,0.52,-0.33,-0.02,-60.77,38.08,156.32,48.48,7,
3.07,-0.47,-0.66,0.25,0.85,0.29,0.37,0.52,-0.33,-0.02,-60.72,38.12,156.08,48.48,6,
3.18,-0.40,-0.61,0.03,0.85,0.29,0.38,0.52,-0.33,-0.02,-60.61,37.78,156.29,48.48,8,
3.31,-0.16,-0.72,0.09,0.85,0.30,0.37,0.52,-0.33,-0.02,-60.70,38.34,156.19,48.48,8,
3.44,-0.45,-0.47,0.10,0.85,0.29,0.38,0.52,-0.33,-0.02,-60.69,37.79,156.44,48.48,6,
3.57,-0.38,-0.64,0.04,0.85,0.30,0.37,0.52,-0.33,-0.02,-60.62,38.27,155.72,48.48,4,
3.70,-0.48,-0.61,-0.10,0.85,0.29,0.37,0.51,-0.33,-0.02,-60.80,37.74,155.84,48.48,4,
3.84,-0.34,-0.65,0.19,0.85,0.30,0.38,0.52,-0.33,-0.02,-60.55,38.02,156.33,48.48,7,
3.96,-0.16,-0.54,0.11,0.85,0.29,0.38,0.52,-0.33,-0.02,-60.67,38.09,156.47,48.48,6,
4.10,-0.25,-0.44,-0.06,0.85,0.29,0.37,0.52,-0.33,-0.02,-60.77,38.10,156.47,48.48,5,
4.23,-0.58,-0.60,0.13,0.85,0.29,0.38,0.52,-0.33,-0.02,-60.51,37.71,156.57,48.48,7,
4.35,-0.28,-0.58,0.09,0.85,0.29,0.37,0.51,-0.33,-0.02,-60.75,38.11,156.12,48.48,8,
4.48,-0.58,-0.45,-0.13,0.85,0.29,0.37,0.52,-0.33,-0.02,-60.75,37.94,155.86,48.48,8,
4.60,-0.37,-0.55,-0.25,0.85,0.29,0.38,0.52,-0.33,-0.02,-60.60,38.03,156.11,48.48,6,
4.76,-0.24,-0.72,0.11,0.85,0.29,0.38,0.52,-0.33,-0.02,-60.69,37.95,155.88,48.48,5,
4.87,-0.41,-0.66,0.22,0.85,0.29,0.38,0.51,-0.33,-0.01,-60.76,37.83,155.98,48.48,7,
5.02,-0.43,-0.61,-0.02,0.85,0.29,0.37,0.51,-0.34,-0.02,-60.76,38.15,155.27,48.48,9,
5.13,-0.50,-0.57,0.09,0.85,0.29,0.39,0.52,-0.33,-0.03,-60.13,37.04,155.87,48.48,7,
5.26,-0.53,-0.59,0.12,0.85,0.29,0.37,0.52,-0.33,-0.02,-60.75,38.08,156.03,48.48,6,
5.39,-0.42,-0.53,0.04,0.85,0.29,0.38,0.51,-0.33,-0.03,-60.63,38.00,155.69,48.48,7,
5.52,-0.55,-0.81,0.04,0.85,0.29,0.37,0.51,-0.32,-0.02,-60.77,38.00,156.36,48.48,7,
5.64,-0.38,-0.65,-0.07,0.85,0.29,0.37,0.52,-0.33,-0.02,-60.79,37.75,156.17,48.48,7,
5.78,-0.55,-0.72,0.13,0.85,0.29,0.37,0.51,-0.33,-0.02,-60.86,38.20,156.06,48.48,8,
5.90,-0.42,-0.71,0.09,0.85,0.29,0.37,0.51,-0.33,-0.02,-60.67,38.03,156.14,48.48,6,
6.06,-0.28,-0.70,-0.07,0.85,0.29,0.37,0.51,-0.32,-0.02,-60.65,38.09,156.16,48.48,8,
6.17,-0.37,-0.64,0.16,0.85,0.29,0.38,0.52,-0.33,-0.02,-60.62,38.10,155.88,48.48,4,
6.32,-0.14,-0.40,0.19,0.85,0.29,0.38,0.52,-0.33,-0.02,-60.75,37.76,156.53,48.48,5,
6.43,-0.45,-0.73,0.17,0.85,0.29,0.37,0.52,-0.33,-0.02,-60.78,38.12,156.39,48.48,5,
6.58,-0.43,-0.70,0.17,0.85,0.29,0.37,0.52,-0.32,-0.03,-60.82,38.30,156.56,48.48,5,
6.70,-0.46,-0.80,-0.07,0.85,0.29,0.37,0.52,-0.32,-0.03,-60.71,38.26,156.77,48.48,6,
6.82,-0.19,-0.72,0.19,0.85,0.29,0.37,0.52,-0.33,-0.01,-60.80,37.94,156.29,48.48,8,
6.94,-0.43,-0.64,-0.07,0.85,0.29,0.37,0.51,-0.32,-0.01,-60.76,37.95,156.42,48.48,8,
7.08,-0.40,-0.58,0.10,0.85,0.29,0.38,0.52,-0.33,-0.03,-60.62,38.05,156.03,48.48,6,
7.20,-0.39,-0.76,1.75,0.85,0.29,0.37,0.52,-0.33,-0.02,-60.82,38.00,156.26,48.48,9,
7.33,-0.43,-0.58,0.04,0.85,0.29,0.38,0.52,-0.33,-0.02,-60.71,37.80,155.89,48.48,8,
7.48,-0.51,-0.55,0.07,0.85,0.29,0.38,0.51,-0.33,-0.02,-60.78,37.84,156.03,48.48,8,
7.60,-0.12,-0.49,-0.05,0.85,0.29,0.38,0.51,-0.33,-0.02,-60.71,37.64,155.91,48.48,8,
7.72,-0.45,-0.76,0.09,0.85,0.29,0.38,0.51,-0.33,-0.02,-60.71,38.01,155.62,48.48,5,
7.86,-0.58,-0.59,-0.22,0.85,0.29,0.37,0.51,-0.33,-0.02,-60.73,37.92,155.69,48.48,6,
7.98,-0.60,-0.58,0.01,0.85,0.29,0.37,0.52,-0.33,-0.02,-60.75,38.00,156.00,48.48,5,
8.11,-0.47,-0.69,0.18,0.85,0.29,0.38,0.52,-0.33,-0.01,-60.73,38.14,156.02,48.48,6,
8.24,-0.37,-0.55,0.08,0.85,0.29,0.38,0.51,-0.33,-0.03,-60.72,37.91,155.58,48.48,8,
8.38,-0.37,-0.62,0.11,0.85,0.29,0.37,0.52,-0.32,-0.02,-60.73,38.07,156.45,48.48,6,
8.50,-0.31,-0.65,0.24,0.85,0.29,0.37,0.52,-0.33,-0.02,-60.69,38.18,155.73,48.48,6,
8.65,-0.43,-0.67,0.15,0.85,0.29,0.37,0.51,-0.33,-0.02,-60.73,38.25,156.19,48.48,8,
8.76,-0.25,-0.64,0.19,0.85,0.30,0.37,0.52,-0.33,-0.02,-60.75,38.30,155.66,48.48,8,
8.89,-0.22,-0.70,0.10,0.85,0.29,0.38,0.51,-0.33,-0.02,-60.69,37.77,155.94,48.48,5,
9.03,-0.25,-0.58,0.31,0.85,0.29,0.37,0.53,-0.33,-0.02,-60.80,37.99,156.38,48.48,6,
9.15,-0.35,-0.55,-0.17,0.85,0.29,0.37,0.52,-0.33,-0.02,-60.75,37.93,156.20,48.48,8,
9.28,-0.17,-0.58,0.08,0.85,0.29,0.37,0.52,-0.32,-0.02,-60.81,38.07,156.56,48.48,7,
9.41,-0.58,-0.67,0.30,0.85,0.29,0.39,0.52,-0.32,-0.03,-60.11,36.93,156.66,48.48,8,
9.54,-0.51,-0.78,0.11,0.85,0.29,0.38,0.52,-0.32,-0.02,-60.58,37.81,156.52,48.48,9,
9.67,-0.28,-0.65,0.22,0.85,0.29,0.37,0.52,-0.33,-0.02,-60.71,38.19,156.15,48.48,9,
9.80,-0.21,-0.57,0.31,0.85,0.29,0.39,0.51,-0.33,-0.02,-60.24,36.89,156.03,48.48,6,
9.93,-0.34,-0.63,0.04,0.85,0.29,0.37,0.51,-0.32,-0.02,-60.72,37.98,156.27,48.48,9,
10.06,-0.33,-0.52,0.17,0.85,0.29,0.38,0.52,-0.32,-0.02,-60.75,37.49,156.57,48.48,7,
10.19,-0.34,-0.63,0.20,0.85,0.29,0.37,0.52,-0.33,-0.02,-60.77,38.00,156.12,48.48,7,
10.32,-0.34,-0.69,0.01,0.85,0.29,0.37,0.52,-0.33,-0.02,-60.89,38.19,156.23,48.48,6,
10.47,-0.25,-0.71,-0.10,0.85,0.29,0.37,0.52,-0.32,-0.02,-60.77,38.23,156.82,48.48,5,
10.58,-0.56,-0.61,-0.01,0.85,0.29,0.38,0.51,-0.33,-0.03,-60.62,37.89,156.15,48.48,8,
10.70,-0.32,-0.67,-0.15,0.85,0.29,0.38,0.51,-0.32,-0.02,-60.69,37.74,156.37,48.48,6,
10.84,-0.46,-0.50,0.17,0.85,0.29,0.38,0.51,-0.33,-0.03,-60.62,37.92,155.65,48.48,8,
10.96,-0.33,-0.33,-0.07,0.85,0.29,0.38,0.52,-0.32,-0.02,-60.75,37.73,156.62,48.48,7,
11.11,-0.31,-0.72,0.19,0.85,0.29,0.38,0.51,-0.33,-0.02,-60.75,37.82,155.57,48.48,8,
11.25,-0.31,-0.72,0.28,0.85,0.29,0.37,0.51,-0.32,-0.02,-60.79,38.17,156.25,48.48,8,
11.38,-0.31,-0.50,0.31,0.85,0.29,0.37,0.52,-0.33,-0.02,-60.76,38.30,156.06,48.48,4,
11.49,-0.36,-0.52,0.10,0.85,0.29,0.37,0.52,-0.32,-0.02,-60.65,38.03,156.77,48.48,8,
11.62,-0.34,-0.64,-0.06,0.85,0.29,0.37,0.52,-0.33,-0.03,-60.78,37.97,156.17,48.48,8,
11.78,-0.28,-0.64,-0.11,0.85,0.29,0.37,0.52,-0.33,-0.03,-60.71,38.05,156.27,48.48,5,
11.90,-0.28,-0.70,0.23,0.85,0.29,0.38,0.52,-0.33,-0.03,-60.61,37.55,156.48,48.48,8,
12.03,-0.36,-0.56,0.27,0.85,0.29,0.37,0.51,-0.34,-0.03,-60.80,38.21,155.17,48.48,7,
12.16,-0.47,-0.75,-0.07,0.85,0.29,0.37,0.51,-0.33,-0.01,-60.61,38.21,155.94,48.48,9,
12.30,-0.32,-0.90,0.10,0.85,0.29,0.37,0.52,-0.33,-0.02,-60.76,38.06,155.82,48.48,4,
12.39,-0.36,-0.69,0.00,0.85,0.29,0.37,0.51,-0.33,-0.02,-60.76,38.21,156.24,48.48,7,
12.55,-0.27,-0.67,0.43,0.85,0.29,0.38,0.51,-0.33,-0.02,-60.69,37.96,155.80,48.48,6,
12.66,-0.42,-0.87,0.22,0.85,0.29,0.38,0.51,-0.33,-0.02,-60.84,37.54,155.89,48.48,7,
12.81,-0.35,-0.37,-0.09,0.85,0.29,0.38,0.51,-0.33,-0.02,-60.67,37.99,155.62,48.48,7,
12.93,-0.33,-0.55,0.16,0.85,0.29,0.37,0.51,-0.33,-0.02,-60.79,37.84,156.13,48.48,6,
13.04,-0.11,-0.69,0.01,0.85,0.29,0.37,0.51,-0.33,-0.02,-60.84,38.22,155.95,48.48,6,
13.20,-0.43,-0.51,-0.04,0.85,0.29,0.38,0.51,-0.32,-0.01,-60.64,37.85,156.38,48.48,7,
13.33,-0.34,-0.60,-0.04,0.85,0.29,0.37,0.52,-0.33,-0.02,-60.83,38.10,156.33,48.48,9,
13.45,-0.57,-0.66,0.16,0.85,0.29,0.38,0.51,-0.33,-0.02,-60.69,37.62,156.17,48.48,7,
13.56,-0.45,-0.53,0.10,0.85,0.29,0.37,0.51,-0.32,-0.02,-60.71,38.18,156.65,48.48,8,
13.69,-0.43,-0.77,-0.11,0.85,0.29,0.37,0.52,-0.33,-0.02,-60.79,37.98,155.93,48.48,6,
13.85,-0.27,-0.64,0.11,0.85,0.29,0.39,0.51,-0.33,-0.01,-60.09,37.06,156.00,48.48,8,
13.99,-0.37,-0.68,0.16,0.85,0.29,0.38,0.52,-0.33,-0.02,-60.65,38.04,155.98,48.48,5,
14.08,-0.28,-0.79,-0.17,0.84,0.29,0.38,0.52,-0.32,-0.01,-60.55,37.93,156.65,48.48,7,
14.21,-0.29,-0.64,0.01,0.85,0.30,0.37,0.51,-0.33,-0.02,-60.61,38.21,156.31,48.48,7,
14.34,-0.44,-0.70,-0.05,0.85,0.29,0.38,0.51,-0.32,-0.02,-60.68,37.82,156.42,48.48,5,
14.47,-0.41,-0.61,-0.09,0.85,0.29,0.37,0.52,-0.33,-0.02,-60.75,37.92,156.34,48.48,6,
14.60,-0.34,-0.75,-0.13,0.84,0.29,0.38,0.52,-0.33,-0.02,-60.64,37.67,156.33,48.48,8,
14.75,-0.40,-0.72,0.25,0.85,0.29,0.38,0.52,-0.32,-0.02,-60.62,38.06,157.00,48.48,6,
14.86,-0.49,-0.85,0.16,0.85,0.29,0.37,0.52,-0.33,-0.03,-60.84,37.97,156.28,48.48,6,
14.99,-0.37,-0.69,-0.29,0.85,0.30,0.37,0.51,-0.33,-0.02,-60.77,38.24,156.22,48.48,8,
15.14,-0.14,-0.71,0.21,0.85,0.29,0.38,0.52,-0.33,-0.02,-60.68,37.78,156.15,48.48,6,
15.25,-0.46,-0.71,-0.01,0.85,0.29,0.37,0.52,-0.32,-0.02,-60.79,38.06,156.94,48.48,8,
15.40,-0.33,-0.70,0.07,0.85,0.29,0.38,0.52,-0.33,-0.02,-60.68,37.76,155.84,48.48,5,
15.52,-0.23,-0.56,-0.06,0.85,0.29,0.37,0.51,-0.33,-0.01,-60.88,38.19,156.00,48.48,8,
15.64,-0.59,-0.68,0.16,0.85,0.29,0.37,0.52,-0.33,-0.02,-60.74,38.14,156.35,48.48,8,
15.79,-0.22,-0.79,-0.10,0.85,0.29,0.38,0.51,-0.32,-0.02,-60.63,37.91,156.20,48.48,9,
15.91,-0.30,-0.64,0.24,0.85,0.29,0.37,0.52,-0.32,-0.01,-60.80,38.13,156.45,48.48,7,
16.06,-0.30,-0.65,0.10,0.85,0.29,0.38,0.52,-0.32,-0.02,-60.61,37.83,156.56,48.48,7,
16.17,-0.41,-0.64,0.19,0.85,0.29,0.38,0.52,-0.33,-0.01,-60.67,37.84,156.41,48.48,7,
16.32,-0.30,-0.70,-0.28,0.85,0.29,0.37,0.51,-0.33,-0.02,-60.91,37.97,155.72,48.48,7,
16.44,-0.45,-0.64,0.07,0.85,0.29,0.37,0.51,-0.32,-0.02,-60.67,38.00,156.45,48.48,8,
16.55,-0.31,-0.61,0.05,0.85,0.29,0.38,0.52,-0.33,-0.02,-60.80,37.73,156.45,48.48,7,
16.67,-0.25,-0.72,0.06,0.85,0.29,0.37,0.51,-0.32,-0.01,-60.67,38.20,156.51,48.48,7,
16.83,-0.55,-0.83,-0.04,0.85,0.29,0.38,0.52,-0.33,-0.02,-60.70,37.73,156.11,48.48,8,
16.95,-0.43,-0.63,0.30,0.85,0.29,0.38,0.52,-0.32,-0.01,-60.71,37.84,156.67,48.48,7,
17.07,-0.47,-0.54,0.08,0.85,0.29,0.37,0.52,-0.33,-0.01,-60.74,38.06,156.34,48.48,7,
17.22,-0.43,-0.55,-0.19,0.85,0.29,0.38,0.51,-0.33,-0.02,-60.84,37.95,156.21,48.48,5,
17.35,-0.29,-0.65,0.20,0.85,0.29,0.37,0.52,-0.33,-0.02,-60.60,38.13,156.00,48.48,5,
17.46,-0.21,-0.61,0.31,0.85,0.29,0.37,0.51,-0.33,-0.02,-60.75,37.94,155.93,48.48,7,
17.59,-0.32,-0.46,0.00,0.85,0.29,0.37,0.52,-0.33,-0.02,-60.79,37.98,156.11,48.48,5,
17.74,-0.29,-0.65,0.03,0.85,0.30,0.37,0.51,-0.33,-0.02,-60.77,38.37,155.94,48.48,8,
17.86,-0.17,-0.81,0.41,0.85,0.29,0.37,0.51,-0.33,-0.01,-60.72,38.09,156.17,48.48,8,
17.97,-0.26,-0.58,0.10,0.85,0.29,0.38,0.52,-0.33,-0.03,-60.73,37.89,155.88,48.48,7,
18.10,-0.32,-0.53,0.37,0.85,0.29,0.37,0.52,-0.33,-0.02,-60.82,38.12,156.25,48.48,7,
18.25,-0.42,-0.67,-0.05,0.85,0.29,0.37,0.52,-0.33,-0.02,-60.77,37.98,155.94,48.48,6,
18.37,-0.47,-0.78,0.10,0.85,0.29,0.37,0.51,-0.32,-0.02,-60.72,38.00,156.43,48.48,9,
18.52,-0.67,-0.64,0.24,0.84,0.29,0.38,0.51,-0.33,-0.02,-60.67,37.72,155.83,48.48,7,
18.64,-0.36,-0.50,0.25,0.85,0.30,0.37,0.51,-0.33,-0.02,-60.60,38.33,156.16,48.48,8,
18.76,-0.69,-0.75,-0.01,0.85,0.29,0.38,0.52,-0.33,-0.02,-60.65,37.82,156.37,48.48,7,
18.90,-0.48,-0.74,-0.16,0.85,0.29,0.39,0.51,-0.33,-0.02,-60.06,36.92,156.15,48.48,7,
19.02,-0.21,-0.66,-0.01,0.85,0.29,0.38,0.52,-0.32,-0.03,-60.75,37.67,156.70,48.48,7,
19.17,-0.46,-0.58,0.18,0.85,0.29,0.38,0.52,-0.33,-0.02,-60.75,37.90,155.88,48.48,7,
19.27,-0.44,-0.98,0.09,0.85,0.30,0.37,0.51,-0.33,-0.02,-60.61,38.29,156.04,48.48,9,
19.42,-0.39,-0.60,-0.01,0.85,0.29,0.38,0.52,-0.33,-0.02,-60.66,38.07,156.05,48.48,8,
19.54,-0.28,-0.61,-0.15,0.85,0.29,0.38,0.51,-0.33,-0.01,-60.72,37.81,156.16,48.48,7,
19.67,-0.27,-0.58,-0.01,0.85,0.29,0.38,0.52,-0.33,-0.01,-60.77,37.80,156.14,48.48,9,
19.80,-0.32,-0.73,0.27,0.85,0.29,0.38,0.51,-0.32,-0.02,-60.67,38.08,156.06,48.48,5,
19.95,-0.19,-0.60,0.32,0.85,0.29,0.37,0.52,-0.33,-0.01,-60.87,37.82,156.16,48.48,6,
20.08,-0.64,-0.69,-0.11,0.85,0.29,0.38,0.51,-0.33,-0.02,-60.71,37.76,156.01,48.48,8,
20.19,-0.37,-0.76,0.14,0.85,0.29,0.38,0.51,-0.33,-0.01,-60.68,37.80,155.92,48.48,8,
20.31,-0.51,-0.56,0.10,0.85,0.29,0.37,0.52,-0.33,-0.02,-60.87,38.00,155.75,48.48,7,
20.46,-0.47,-0.65,0.03,0.85,0.29,0.38,0.51,-0.32,-0.01,-60.57,37.95,156.21,48.48,6,
20.57,-0.37,-0.73,0.02,0.85,0.29,0.37,0.52,-0.33,-0.02,-60.73,38.03,155.91,48.48,8,
20.72,-0.37,-0.57,0.02,0.85,0.29,0.38,0.52,-0.32,-0.02,-60.77,37.71,156.97,48.48,9,
20.83,-0.46,-0.61,0.06,0.85,0.29,0.37,0.51,-0.34,-0.02,-60.75,37.92,155.50,48.48,5,
20.96,-0.36,-0.78,-0.09,0.85,0.29,0.37,0.51,-0.32,-0.02,-60.70,38.04,156.26,48.48,8,
21.10,-0.42,-0.73,0.19,0.85,0.29,0.38,0.52,-0.33,-0.03,-60.62,37.99,156.08,48.48,6,
21.25,-0.49,-0.74,0.03,0.85,0.29,0.38,0.51,-0.33,-0.02,-60.63,37.95,155.39,48.48,6,
21.37,-0.33,-0.65,0.04,0.85,0.29,0.37,0.51,-0.33,-0.02,-60.78,38.14,155.84,48.48,7,
21.49,-0.40,-0.70,0.22,0.85,0.29,0.37,0.50,-0.33,-0.02,-60.78,38.00,155.49,48.48,8,
21.64,-0.21,-0.78,0.16,0.85,0.29,0.37,0.52,-0.33,-0.02,-60.82,37.95,156.12,48.48,7,
21.76,-0.13,-0.65,0.31,0.85,0.29,0.38,0.52,-0.33,-0.03,-60.63,37.86,156.03,48.48,7,
21.88,-0.50,-0.64,0.10,0.85,0.29,0.38,0.52,-0.33,-0.02,-60.68,37.75,156.29,48.48,8,
22.02,-0.74,-0.64,0.15,0.85,0.29,0.37,0.51,-0.33,-0.03,-60.75,38.02,155.93,48.48,9,
22.13,-0.42,-0.59,-0.08,0.85,0.29,0.38,0.52,-0.32,-0.02,-60.72,37.84,156.43,48.48,10,
22.26,-0.28,-0.70,0.11,0.85,0.29,0.37,0.52,-0.32,-0.02,-60.84,38.06,156.67,48.48,6,
22.41,-0.43,-0.78,-0.09,0.85,0.29,0.37,0.51,-0.32,-0.02,-60.86,38.15,156.76,48.48,6,
22.53,-0.16,-0.58,-0.14,0.85,0.29,0.36,0.52,-0.33,-0.01,-61.27,39.17,156.22,48.48,7,
22.68,-0.25,-0.76,-0.04,0.85,0.29,0.38,0.51,-0.32,-0.02,-60.70,37.69,156.53,48.48,6,
22.79,-0.28,-0.59,0.16,0.85,0.29,0.37,0.52,-0.32,-0.01,-60.80,38.19,156.89,48.48,8,
22.91,-0.43,-0.49,0.01,0.84,0.29,0.37,0.52,-0.33,-0.02,-60.66,38.26,156.05,48.48,6,
23.04,-0.43,-0.53,0.16,0.85,0.29,0.38,0.52,-0.33,-0.02,-60.69,37.69,156.58,48.48,8,
23.19,-0.60,-0.76,0.30,0.85,0.30,0.37,0.51,-0.33,-0.02,-60.73,38.42,156.24,48.48,8,
23.32,-0.58,-0.67,0.18,0.85,0.29,0.38,0.52,-0.32,-0.01,-60.68,37.87,156.73,48.48,6,
23.43,-0.56,-0.58,0.12,0.85,0.29,0.38,0.52,-0.33,-0.03,-60.51,37.86,156.39,48.48,6,
23.58,-0.24,-0.68,0.19,0.85,0.29,0.38,0.51,-0.32,-0.01,-60.76,37.66,156.39,48.48,7,
23.71,-0.26,-0.54,0.07,0.85,0.29,0.37,0.52,-0.33,-0.02,-60.76,37.78,155.75,48.48,5,
23.83,-0.64,-0.64,0.07,0.85,0.29,0.37,0.52,-0.33,-0.02,-60.85,38.14,156.27,48.48,4,
23.98,-0.47,-0.81,0.02,0.85,0.29,0.38,0.52,-0.33,-0.01,-60.75,37.95,156.05,48.48,6,
24.09,-0.40,-0.71,-0.10,0.85,0.29,0.37,0.52,-0.32,-0.03,-60.68,38.24,156.48,48.48,8,
24.22,-0.52,-0.76,0.24,0.85,0.29,0.38,0.52,-0.33,-0.02,-60.68,38.00,156.19,48.48,7,
24.36,-0.43,-0.67,-0.22,0.85,0.29,0.39,0.51,-0.33,-0.01,-60.05,36.95,156.03,48.48,6,
24.49,-0.40,-0.51,0.21,0.85,0.29,0.37,0.51,-0.32,-0.02,-60.88,38.02,156.25,48.48,5,
24.60,-0.37,-0.68,-0.07,0.85,0.29,0.37,0.52,-0.34,-0.02,-60.74,38.26,155.52,48.48,5,
24.75,-0.43,-0.80,0.10,0.85,0.30,0.37,0.51,-0.32,-0.02,-60.63,38.30,156.24,48.48,8,
24.86,-0.34,-0.55,-0.10,0.85,0.29,0.38,0.51,-0.33,-0.02,-60.74,37.93,156.26,48.48,5,
25.01,-0.28,-0.75,0.20,0.85,0.29,0.38,0.51,-0.32,-0.02,-60.78,37.92,156.80,48.48,7,
25.14,-0.58,-0.61,-0.13,0.85,0.29,0.38,0.52,-0.33,-0.01,-60.66,37.99,156.44,48.48,5,
25.26,-0.22,-0.71,0.17,0.85,0.29,0.37,0.51,-0.32,-0.01,-60.65,38.23,156.34,48.48,5,
25.38,-0.24,-0.79,0.31,0.85,0.29,0.37,0.51,-0.33,-0.01,-60.70,38.19,155.78,48.48,7,
25.53,-0.27,-0.53,0.05,0.85,0.29,0.37,0.51,-0.33,-0.02,-60.84,38.35,156.00,48.48,7,
25.66,-0.47,-0.55,-0.16,0.85,0.29,0.37,0.52,-0.32,-0.02,-60.86,38.32,156.73,48.48,8,
25.78,-0.37,-0.57,0.11,0.85,0.29,0.37,0.52,-0.33,-0.02,-60.77,38.41,156.01,48.48,5,
25.90,-0.44,-0.56,0.04,0.85,0.29,0.37,0.52,-0.33,-0.01,-60.76,38.20,156.32,48.48,6,
26.05,-0.54,-0.73,0.07,0.85,0.29,0.37,0.52,-0.33,-0.02,-60.75,38.00,155.87,48.48,6,
26.18,-0.59,-0.76,0.22,0.85,0.29,0.38,0.52,-0.33,-0.01,-60.66,37.82,156.23,48.48,7,
26.28,-0.46,-0.65,0.19,0.85,0.29,0.38,0.52,-0.33,-0.01,-60.76,37.78,155.93,48.48,7,
26.43,-0.42,-0.72,-0.04,0.85,0.29,0.38,0.51,-0.33,-0.01,-60.62,38.10,155.93,48.48,8,
26.54,-0.31,-0.62,0.09,0.85,0.29,0.38,0.52,-0.33,-0.02,-60.71,37.77,156.11,48.48,7,
26.67,-0.77,-0.65,-0.21,0.85,0.29,0.38,0.51,-0.34,-0.02,-60.63,37.98,155.39,48.48,7,
26.83,-0.52,-0.81,-0.07,0.85,0.29,0.38,0.52,-0.33,-0.01,-60.64,37.98,156.52,48.48,4,
26.96,-0.21,-0.55,0.24,0.85,0.29,0.38,0.52,-0.33,-0.01,-60.53,37.93,155.90,48.48,7,
27.08,-0.25,-0.38,0.06,0.85,0.29,0.37,0.52,-0.32,-0.01,-60.81,37.92,156.63,48.48,8,
27.19,-0.40,-0.55,0.03,0.85,0.29,0.37,0.52,-0.33,-0.02,-60.76,38.37,155.80,48.48,5,
27.35,-0.29,-0.82,0.15,0.85,0.29,0.38,0.52,-0.33,-0.01,-60.65,37.95,156.31,48.48,7,
27.47,-0.36,-0.65,0.18,0.85,0.30,0.38,0.52,-0.33,-0.02,-60.54,38.12,155.86,48.48,9,
27.60,-0.64,-0.64,0.37,0.85,0.29,0.37,0.52,-0.32,-0.02,-60.63,38.28,156.82,48.48,7,
27.72,-0.46,-0.51,0.23,0.85,0.29,0.37,0.52,-0.33,-0.01,-60.78,38.24,156.11,48.48,7,
27.84,-0.42,-0.68,0.07,0.85,0.29,0.38,0.51,-0.32,-0.01,-60.75,37.69,156.39,48.48,7,
28.00,-0.42,-0.69,0.22,0.85,0.29,0.36,0.52,-0.33,-0.01,-61.27,39.15,156.05,48.48,8,
28.11,-0.58,-0.76,-0.02,0.85,0.30,0.37,0.51,-0.33,-0.02,-60.61,38.27,155.68,48.48,5,
28.26,-0.44,-0.78,0.01,0.85,0.29,0.38,0.52,-0.32,-0.01,-60.76,37.83,156.65,48.48,8,
28.38,-0.40,-0.68,0.01,0.85,0.29,0.37,0.52,-0.33,-0.02,-60.85,38.06,156.34,48.48,5,
28.50,-0.38,-0.70,0.06,0.85,0.29,0.37,0.52,-0.32,-0.02,-60.67,38.13,156.61,48.48,7,
28.62,-0.43,-0.67,0.25,0.85,0.29,0.37,0.52,-0.33,-0.02,-60.90,38.33,155.73,48.48,8,
28.78,-0.16,-0.83,0.06,0.85,0.29,0.37,0.51,-0.32,-0.01,-60.74,38.06,156.49,48.48,7,
28.88,-0.46,-0.67,-0.02,0.85,0.29,0.37,0.52,-0.33,-0.01,-60.77,37.94,156.14,48.48,8,
29.01,-0.53,-0.72,1.86,0.85,0.29,0.38,0.51,-0.33,-0.01,-60.60,37.94,156.13,48.48,10,
29.14,-0.40,-0.76,0.33,0.85,0.29,0.38,0.52,-0.34,-0.01,-60.67,37.89,155.55,48.48,8,
29.28,-0.18,-0.73,0.34,0.85,0.29,0.38,0.52,-0.32,-0.01,-60.67,37.70,156.56,48.48,6,
29.43,-0.50,-0.71,-0.16,0.85,0.29,0.37,0.52,-0.33,-0.02,-60.82,37.96,155.98,48.48,7,
29.53,-0.41,-0.65,0.20,0.85,0.29,0.37,0.52,-0.33,-0.01,-60.81,38.25,156.36,48.48,5,
29.68,-0.47,-0.58,-0.04,0.85,0.29,0.38,0.52,-0.33,-0.01,-60.66,38.06,156.54,48.48,6,
29.81,-0.24,-0.75,0.14,0.85,0.29,0.37,0.52,-0.33,-0.03,-60.72,38.32,155.91,48.48,7,
29.94,-0.40,-0.60,-0.05,0.85,0.29,0.37,0.52,-0.33,-0.02,-60.91,37.88,156.25,48.48,8,
