2017-03-07-18-56-34
0
ophthalmoscope
D
0.00,34.85,255,
0.00,-2.09,-1.28,-1.16,0.84,-0.40,0.26,0.37,0.24,-0.34,-60.40,-56.84,221.66,34.85,255,
0.01,-2.09,-1.32,-1.01,0.84,-0.40,0.26,0.37,0.24,-0.33,-60.34,-56.94,221.11,34.85,255,
0.01,-1.99,-1.19,-1.08,0.84,-0.40,0.26,0.37,0.24,-0.34,-60.39,-57.04,222.01,34.85,255,
0.02,-2.27,-1.39,-1.07,0.84,-0.40,0.26,0.37,0.24,-0.34,-60.33,-57.25,221.29,34.85,255,
0.02,-2.27,-1.26,-1.05,0.84,-0.40,0.26,0.37,0.25,-0.34,-60.47,-57.02,222.54,34.85,255,
0.03,-1.97,-1.39,-1.20,0.84,-0.40,0.26,0.37,0.24,-0.34,-60.28,-56.91,222.24,34.85,255,
0.03,-2.13,-1.41,-1.18,0.84,-0.40,0.26,0.36,0.24,-0.34,-60.41,-56.99,222.01,34.85,255,
0.04,-2.24,-1.24,-1.03,0.84,-0.40,0.26,0.37,0.24,-0.33,-60.30,-57.34,221.78,34.85,255,
0.04,-2.24,-1.34,-1.35,0.84,-0.40,0.26,0.37,0.24,-0.34,-60.44,-57.18,221.53,34.85,255,
0.05,-2.09,-1.49,-1.12,0.84,-0.40,0.26,0.36,0.24,-0.34,-60.33,-57.02,222.32,34.85,255,
0.05,-2.30,-1.20,-1.14,0.84,-0.40,0.26,0.36,0.25,-0.33,-60.30,-56.93,222.48,34.85,255,
0.06,-2.05,-1.29,-1.17,0.84,-0.40,0.26,0.37,0.25,-0.33,-60.44,-57.15,222.78,34.85,255,
0.06,-1.95,-1.40,-0.83,0.84,-0.40,0.26,0.37,0.24,-0.33,-60.54,-57.28,221.88,34.85,255,
0.07,-2.22,-1.25,-1.14,0.84,-0.40,0.26,0.36,0.25,-0.33,-60.53,-57.43,222.87,34.85,255,
0.07,-1.97,-1.20,-0.86,0.84,-0.40,0.26,0.37,0.24,-0.34,-60.33,-57.27,221.69,34.85,255,
0.08,-1.90,-1.18,-0.94,0.84,-0.40,0.26,0.37,0.24,-0.34,-60.42,-56.68,221.61,34.85,255,
0.08,-2.00,-1.31,-1.23,0.84,-0.40,0.26,0.36,0.24,-0.34,-60.47,-56.76,222.12,34.85,255,
0.09,-2.24,-1.23,-1.02,0.84,-0.40,0.26,0.37,0.24,-0.34,-60.40,-57.13,221.81,34.85,255,
0.09,-1.85,-1.26,-1.11,0.84,-0.40,0.26,0.37,0.25,-0.33,-60.36,-57.00,222.40,34.85,255,
0.10,-1.94,-1.14,-1.11,0.84,-0.40,0.26,0.37,0.25,-0.34,-60.34,-56.80,223.03,34.85,255,
0.10,-2.10,-1.20,-1.08,0.84,-0.40,0.26,0.36,0.25,-0.34,-60.51,-57.03,222.65,34.85,255,
0.11,-2.19,-1.00,-0.84,0.84,-0.40,0.26,0.37,0.25,-0.33,-60.42,-57.61,222.36,34.85,255,
0.11,-2.31,-1.21,-0.92,0.84,-0.40,0.25,0.37,0.24,-0.33,-60.53,-57.63,221.23,34.85,255,
0.12,-1.97,-1.27,-1.12,0.84,-0.40,0.26,0.37,0.23,-0.34,-60.40,-56.87,220.67,34.85,255,
0.12,-2.00,-1.38,-1.29,0.84,-0.40,0.26,0.37,0.24,-0.33,-60.45,-57.14,221.37,34.85,255,
0.13,-2.19,-1.20,-1.01,0.84,-0.40,0.26,0.37,0.24,-0.34,-60.39,-57.38,222.02,34.85,255,
0.13,-2.06,-1.33,-1.10,0.84,-0.40,0.26,0.36,0.25,-0.34,-60.45,-56.80,222.57,34.85,255,
0.19,-2.11,-1.39,-1.23,0.84,-0.40,0.26,0.37,0.25,-0.34,-60.32,-56.76,222.36,34.85,255,
0.31,-2.09,-1.47,-1.24,0.84,-0.40,0.26,0.37,0.25,-0.34,-60.44,-57.17,222.25,34.85,255,
0.46,-2.24,-1.42,-1.08,0.84,-0.40,0.26,0.36,0.24,-0.34,-60.26,-57.00,221.66,34.85,255,
0.59,-1.99,-1.17,-0.98,0.84,-0.40,0.26,0.37,0.24,-0.34,-60.41,-57.01,221.07,34.85,255,
0.71,-2.12,-1.25,-1.32,0.84,-0.40,0.26,0.37,0.24,-0.34,-60.17,-57.14,221.96,34.85,255,
0.85,-2.14,-1.29,-1.18,0.84,-0.40,0.26,0.37,0.24,-0.33,-60.35,-57.24,221.98,34.85,255,
0.96,-2.09,-1.36,-1.33,0.84,-0.40,0.26,0.37,0.24,-0.33,-60.36,-57.38,221.59,34.85,255,
1.09,-2.10,-1.43,-1.20,0.84,-0.40,0.26,0.37,0.24,-0.34,-60.27,-56.71,222.23,34.85,255,
1.24,-2.27,-1.48,-1.10,0.84,-0.40,0.25,0.37,0.25,-0.33,-60.54,-58.09,222.43,34.85,255,
1.35,-1.97,-1.34,-1.29,0.84,-0.40,0.26,0.37,0.24,-0.33,-60.30,-56.79,222.27,34.85,255,
1.50,-2.18,-1.36,-1.35,0.84,-0.40,0.26,0.37,0.24,-0.34,-60.44,-57.05,222.14,34.85,255,
1.61,-2.27,-1.37,-0.81,0.84,-0.40,0.26,0.36,0.24,-0.35,-60.33,-57.37,221.72,34.85,255,
1.76,-2.11,-1.22,-0.95,0.84,-0.40,0.26,0.37,0.24,-0.35,-60.46,-57.34,222.36,34.85,255,
1.87,-2.34,-1.35,-1.44,0.84,-0.40,0.26,0.37,0.25,-0.33,-60.48,-56.75,222.51,34.85,255,
2.01,-2.10,-1.53,-1.18,0.84,-0.40,0.26,0.37,0.24,-0.34,-60.38,-57.18,221.74,34.85,255,
2.13,-2.17,-1.28,-1.06,0.84,-0.41,0.26,0.37,0.24,-0.34,-60.03,-56.97,222.07,34.85,255,
2.29,-2.25,-1.53,-1.19,0.84,-0.40,0.26,0.37,0.24,-0.34,-60.54,-56.99,221.86,34.85,255,
2.39,-2.21,-1.32,-0.92,0.84,-0.40,0.26,0.37,0.25,-0.34,-60.46,-57.40,222.22,34.85,255,
2.52,-1.94,-1.32,-0.96,0.84,-0.40,0.26,0.37,0.24,-0.34,-60.42,-56.94,221.64,34.85,255,
2.65,-2.04,-1.11,-1.16,0.84,-0.40,0.26,0.36,0.24,-0.34,-60.37,-56.93,222.34,34.85,255,
2.81,-2.20,-1.40,-1.50,0.84,-0.40,0.26,0.37,0.24,-0.33,-60.40,-57.08,221.75,34.85,255,
2.91,-2.03,-1.41,-1.02,0.84,-0.40,0.26,0.36,0.24,-0.34,-60.41,-57.46,222.24,34.85,255,
3.04,-2.27,-1.53,-1.09,0.84,-0.40,0.26,0.37,0.24,-0.33,-60.35,-56.66,222.20,34.85,255,
3.18,-2.17,-1.35,-0.99,0.84,-0.40,0.26,0.37,0.25,-0.33,-60.31,-57.16,222.72,34.85,255,
3.33,-1.94,-1.34,-1.09,0.84,-0.40,0.26,0.37,0.25,-0.33,-60.35,-56.91,222.43,34.85,255,
3.44,-2.15,-1.38,-1.26,0.84,-0.40,0.26,0.37,0.24,-0.34,-60.18,-56.87,221.97,34.85,255,
3.56,-1.99,-1.23,-1.11,0.84,-0.40,0.26,0.37,0.24,-0.34,-60.44,-57.15,221.84,34.85,255,
3.71,-2.05,-1.51,-1.02,0.84,-0.40,0.26,0.37,0.24,-0.34,-60.34,-56.65,221.21,34.85,255,
3.84,-1.90,-1.32,-0.98,0.84,-0.40,0.26,0.37,0.24,-0.33,-60.16,-56.89,221.78,34.85,255,
3.97,-2.00,-1.27,-1.28,0.84,-0.40,0.26,0.37,0.24,-0.34,-60.32,-57.23,221.39,34.85,255,
4.10,-2.33,-1.38,-1.17,0.84,-0.40,0.26,0.37,0.24,-0.34,-60.31,-57.19,221.44,34.85,255,
4.23,-2.18,-1.40,-1.12,0.84,-0.40,0.26,0.37,0.24,-0.33,-60.37,-56.99,221.68,34.85,255,
4.36,-2.03,-1.32,-1.32,0.84,-0.40,0.26,0.37,0.25,-0.33,-60.46,-57.33,222.24,34.85,255,
4.48,-2.30,-1.33,-1.14,0.84,-0.40,0.26,0.37,0.24,-0.33,-60.29,-57.50,221.56,34.85,255,
4.62,-1.98,-1.37,-0.90,0.84,-0.40,0.26,0.37,0.25,-0.34,-60.27,-56.73,222.16,34.85,255,
4.75,-2.12,-1.35,-1.17,0.84,-0.40,0.26,0.37,0.24,-0.33,-60.44,-57.39,221.68,34.85,255,
4.88,-1.95,-1.35,-1.10,0.84,-0.40,0.26,0.37,0.24,-0.34,-60.34,-56.94,220.96,34.85,255,
5.02,-2.30,-1.35,-1.05,0.84,-0.40,0.26,0.37,0.24,-0.34,-60.38,-57.17,221.54,34.85,255,
5.13,-2.26,-1.46,-1.20,0.84,-0.40,0.26,0.36,0.24,-0.33,-60.37,-57.12,222.50,34.85,255,
5.28,-2.18,-1.32,-1.15,0.84,-0.40,0.26,0.37,0.24,-0.34,-60.25,-57.00,222.00,34.85,255,
5.39,-2.17,-1.24,-1.19,0.84,-0.40,0.26,0.37,0.24,-0.34,-60.33,-56.64,221.83,34.85,255,
5.53,-2.26,-1.55,-1.05,0.84,-0.40,0.26,0.37,0.24,-0.34,-60.37,-57.38,221.47,34.85,255,
5.66,-2.19,-1.46,-1.47,0.84,-0.40,0.26,0.37,0.24,-0.33,-60.50,-57.33,221.30,34.85,255,
5.77,-2.08,-1.24,-1.28,0.84,-0.40,0.26,0.37,0.24,-0.33,-60.59,-57.24,221.32,34.85,255,
5.90,-2.03,-1.26,-1.09,0.84,-0.40,0.26,0.37,0.25,-0.34,-60.39,-57.30,222.34,34.85,255,
6.05,-1.96,-1.35,-0.94,0.84,-0.40,0.26,0.37,0.24,-0.33,-60.47,-57.36,221.93,34.85,255,
6.16,-2.00,-1.35,-1.25,0.84,-0.40,0.26,0.37,0.23,-0.33,-60.40,-57.19,220.79,34.85,255,
6.32,-2.14,-1.31,-1.09,0.84,-0.40,0.26,0.37,0.24,-0.33,-60.48,-57.19,221.42,34.85,255,
6.45,-2.12,-1.39,-1.08,0.84,-0.40,0.26,0.37,0.24,-0.34,-60.39,-57.50,221.58,34.85,255,
6.55,-1.97,-1.30,-1.06,0.84,-0.40,0.26,0.37,0.24,-0.34,-60.44,-57.22,222.11,34.85,255,
6.70,-2.28,-1.56,-1.23,0.84,-0.40,0.26,0.37,0.24,-0.34,-60.48,-57.40,221.85,34.85,255,
6.83,-2.20,-1.35,-1.08,0.84,-0.40,0.26,0.37,0.23,-0.34,-60.38,-56.99,220.82,34.85,255,
6.96,-2.18,-1.32,-1.05,0.84,-0.40,0.26,0.37,0.23,-0.34,-60.40,-56.86,221.03,34.85,255,
7.08,-1.98,-1.47,-0.93,0.84,-0.40,0.26,0.37,0.24,-0.34,-60.40,-57.13,221.35,34.85,255,
7.23,-2.27,-1.35,-1.25,0.84,-0.40,0.26,0.37,0.24,-0.34,-60.37,-57.34,221.26,34.85,255,
7.36,-2.07,-1.50,-1.03,0.84,-0.40,0.26,0.36,0.24,-0.33,-60.48,-57.50,221.95,34.85,255,
7.46,-2.10,-1.30,-0.91,0.84,-0.40,0.26,0.36,0.24,-0.34,-60.26,-57.07,222.16,34.85,255,
7.61,-2.15,-1.31,-1.13,0.84,-0.40,0.27,0.37,0.24,-0.33,-60.20,-56.64,221.80,34.85,255,
7.73,-1.98,-1.38,-1.22,0.84,-0.40,0.26,0.37,0.24,-0.34,-60.32,-57.12,221.14,34.85,255,
7.86,-1.86,-1.20,-1.03,0.84,-0.40,0.26,0.36,0.24,-0.33,-60.37,-57.28,222.22,34.85,255,
7.98,-2.16,-1.26,-1.07,0.84,-0.40,0.26,0.37,0.24,-0.33,-60.41,-56.94,222.16,34.85,255,
8.13,-2.09,-1.24,-1.24,0.84,-0.40,0.26,0.37,0.24,-0.34,-60.44,-57.14,221.77,34.85,255,
8.27,-2.12,-1.47,-1.11,0.84,-0.40,0.26,0.37,0.24,-0.34,-60.31,-57.10,221.57,34.85,255,
8.39,-2.10,-1.56,-1.12,0.84,-0.40,0.26,0.37,0.24,-0.34,-60.46,-57.43,222.29,34.85,255,
8.52,-2.09,-1.29,-1.11,0.84,-0.40,0.26,0.37,0.24,-0.34,-60.30,-56.86,221.38,34.85,255,
8.64,-2.21,-1.36,-1.28,0.84,-0.40,0.26,0.36,0.24,-0.34,-60.46,-57.16,221.95,34.85,255,
8.78,-2.10,-1.56,-1.23,0.84,-0.40,0.26,0.37,0.24,-0.34,-60.54,-56.73,221.38,34.85,255,
8.92,-2.14,-1.54,-1.16,0.84,-0.40,0.26,0.36,0.24,-0.34,-60.30,-56.89,222.14,34.85,255,
9.04,-2.21,-1.57,-1.20,0.84,-0.40,0.26,0.37,0.24,-0.35,-60.27,-56.88,221.71,34.85,255,
9.15,-2.01,-1.43,-1.00,0.84,-0.40,0.26,0.36,0.23,-0.34,-60.38,-56.85,221.05,34.85,255,
9.30,-2.30,-1.34,-1.17,0.84,-0.40,0.26,0.36,0.25,-0.33,-60.43,-56.88,222.89,34.85,255,
9.41,-2.42,-1.22,-1.16,0.84,-0.41,0.26,0.37,0.24,-0.34,-60.04,-57.10,221.96,34.85,255,
9.56,-2.01,-1.52,-1.10,0.84,-0.40,0.26,0.37,0.24,-0.34,-60.53,-57.47,222.12,34.85,255,
9.67,-2.12,-1.50,-1.06,0.84,-0.40,0.26,0.37,0.24,-0.34,-60.33,-57.16,221.57,34.85,255,
9.81,-2.10,-1.47,-0.94,0.84,-0.40,0.26,0.37,0.24,-0.34,-60.44,-57.25,221.23,34.85,255,
9.94,-2.36,-1.37,-1.35,0.84,-0.40,0.26,0.37,0.25,-0.33,-60.33,-57.04,222.45,34.85,255,
10.06,-2.33,-1.41,-1.17,0.84,-0.40,0.26,0.37,0.24,-0.34,-60.45,-57.24,221.83,34.85,255,
10.21,-2.28,-1.64,-1.05,0.84,-0.40,0.26,0.36,0.24,-0.34,-60.44,-57.18,222.17,34.85,255,
10.33,-2.13,-1.32,-1.14,0.84,-0.40,0.26,0.38,0.24,-0.33,-60.43,-57.38,220.72,34.85,255,
10.45,-2.09,-1.48,-1.12,0.84,-0.40,0.26,0.37,0.24,-0.35,-60.40,-57.16,221.20,34.85,255,
10.61,-2.41,-1.37,-1.32,0.84,-0.40,0.26,0.36,0.24,-0.34,-60.47,-56.83,221.94,34.53,255,
10.73,-1.97,-1.45,-1.05,0.84,-0.40,0.26,0.37,0.24,-0.34,-60.44,-57.04,221.67,34.85,255,
10.86,-1.93,-1.35,-0.99,0.84,-0.40,0.26,0.37,0.24,-0.34,-60.44,-57.36,221.95,34.85,255,
10.98,-2.21,-1.35,-1.17,0.84,-0.40,0.26,0.37,0.24,-0.34,-60.25,-56.93,221.87,34.85,255,
11.11,-2.03,-1.35,-1.12,0.84,-0.40,0.26,0.36,0.24,-0.34,-60.44,-57.17,222.45,34.85,255,
11.24,-2.13,-1.56,-0.96,0.84,-0.40,0.26,0.37,0.24,-0.34,-60.35,-57.50,221.34,34.85,255,
11.36,-2.27,-1.50,-1.27,0.84,-0.40,0.26,0.37,0.24,-0.34,-60.33,-57.18,221.32,34.85,255,
11.51,-2.00,-1.21,-1.18,0.84,-0.40,0.26,0.36,0.24,-0.34,-60.38,-57.06,221.46,34.85,255,
11.62,-2.14,-1.32,-1.08,0.84,-0.40,0.26,0.37,0.24,-0.34,-60.28,-57.17,221.94,34.85,255,
11.77,-1.95,-1.17,-1.17,0.84,-0.40,0.26,0.36,0.24,-0.34,-60.40,-57.58,222.31,34.85,255,
11.90,-2.08,-1.44,-1.23,0.84,-0.40,0.26,0.37,0.23,-0.34,-60.34,-57.33,220.67,34.85,255,
12.03,-2.09,-1.23,-1.15,0.84,-0.40,0.26,0.37,0.24,-0.34,-60.39,-57.24,221.21,34.85,255,
12.15,-2.22,-1.35,-1.00,0.84,-0.40,0.26,0.37,0.24,-0.34,-60.38,-57.18,221.55,34.85,255,
12.30,-1.97,-1.32,-1.05,0.84,-0.40,0.26,0.37,0.24,-0.34,-60.46,-57.09,222.06,34.85,255,
12.42,-2.02,-1.41,-1.07,0.84,-0.40,0.26,0.37,0.24,-0.34,-60.38,-57.16,221.39,34.85,255,
12.54,-2.25,-1.26,-0.93,0.84,-0.40,0.26,0.37,0.25,-0.34,-60.47,-56.18,222.48,34.85,255,
12.68,-2.27,-1.29,-1.26,0.84,-0.40,0.26,0.37,0.24,-0.34,-60.29,-57.07,221.47,34.85,255,
12.79,-2.07,-1.37,-0.86,0.84,-0.40,0.27,0.37,0.24,-0.34,-60.17,-56.48,221.54,34.85,255,
12.95,-2.09,-1.17,-0.96,0.84,-0.40,0.26,0.36,0.25,-0.34,-60.53,-57.11,222.54,34.85,255,
13.08,-2.16,-1.32,-0.87,0.84,-0.40,0.26,0.37,0.24,-0.34,-60.29,-57.58,221.74,34.85,255,
13.19,-2.20,-1.41,-1.06,0.84,-0.40,0.26,0.37,0.25,-0.34,-60.32,-56.74,222.17,34.85,255,
13.31,-2.21,-1.02,-1.08,0.84,-0.40,0.26,0.37,0.24,-0.34,-60.45,-56.91,221.71,34.85,255,
13.44,-2.13,-1.38,-1.29,0.84,-0.40,0.25,0.37,0.25,-0.34,-60.49,-57.53,222.09,34.85,255,
13.57,-2.09,-1.47,-1.32,0.84,-0.40,0.26,0.37,0.24,-0.35,-60.37,-57.29,221.37,34.85,255,
13.71,-2.01,-1.47,-0.98,0.84,-0.40,0.26,0.37,0.24,-0.34,-60.38,-57.14,221.62,34.85,255,
13.85,-2.21,-1.26,-1.05,0.84,-0.40,0.26,0.37,0.24,-0.33,-60.29,-57.20,221.89,34.85,255,
13.98,-2.28,-1.19,-1.24,0.84,-0.40,0.26,0.37,0.25,-0.34,-60.47,-57.16,222.29,34.85,255,
14.09,-2.41,-1.29,-1.20,0.84,-0.40,0.26,0.37,0.24,-0.33,-60.32,-57.31,222.00,34.85,255,
14.25,-2.36,-1.50,-1.15,0.84,-0.40,0.26,0.37,0.24,-0.35,-60.38,-56.46,221.56,34.85,255,
14.38,-2.13,-1.37,-1.29,0.84,-0.40,0.26,0.37,0.25,-0.34,-60.51,-57.11,222.45,34.85,255,
14.51,-2.21,-1.41,-1.20,0.84,-0.40,0.26,0.37,0.24,-0.33,-60.24,-56.60,221.69,34.85,255,
14.62,-2.11,-1.44,-1.27,0.84,-0.40,0.26,0.37,0.24,-0.35,-60.40,-57.23,221.71,34.85,255,
15.01,-2.34,-1.44,-1.05,0.84,-0.40,0.26,0.37,0.24,-0.34,-60.34,-56.89,221.61,34.85,255,
15.20,-2.18,-1.41,-1.22,0.84,-0.40,0.26,0.37,0.23,-0.34,-60.44,-57.25,221.01,34.85,255,
15.22,-2.11,-1.48,-0.89,0.84,-0.40,0.26,0.37,0.23,-0.34,-60.30,-57.27,220.83,34.85,255,
15.26,-2.15,-1.20,-1.27,0.84,-0.40,0.26,0.37,0.23,-0.34,-60.36,-57.11,220.83,34.85,255,
15.29,-2.42,-1.33,-1.21,0.84,-0.40,0.26,0.36,0.24,-0.35,-60.49,-57.00,221.87,34.85,255,
15.40,-2.34,-1.39,-1.41,0.84,-0.40,0.26,0.37,0.24,-0.34,-60.46,-56.90,221.84,34.85,255,
15.52,-2.18,-1.35,-1.38,0.84,-0.40,0.26,0.37,0.24,-0.35,-60.34,-57.49,221.96,34.85,255,
15.66,-2.21,-1.38,-1.25,0.84,-0.40,0.26,0.37,0.24,-0.34,-60.42,-57.27,222.00,34.85,255,
15.81,-2.09,-0.99,-0.85,0.84,-0.40,0.26,0.37,0.24,-0.34,-60.31,-57.34,222.13,34.53,255,
15.91,-2.06,-1.50,-1.05,0.84,-0.40,0.26,0.37,0.25,-0.34,-60.28,-57.12,222.59,34.85,255,
16.07,-2.30,-1.28,-1.18,0.84,-0.40,0.26,0.36,0.25,-0.34,-60.45,-57.30,222.81,34.85,255,
16.18,-2.07,-1.30,-1.01,0.84,-0.40,0.26,0.37,0.24,-0.35,-60.26,-57.27,221.90,34.85,255,
16.31,-2.14,-1.35,-1.18,0.84,-0.40,0.26,0.37,0.24,-0.34,-60.36,-57.08,220.97,34.85,255,
16.43,-2.04,-1.25,-1.12,0.84,-0.40,0.26,0.37,0.24,-0.34,-60.46,-57.01,221.97,34.85,255,
16.56,-1.97,-1.17,-1.20,0.84,-0.40,0.26,0.36,0.24,-0.34,-60.42,-57.33,221.99,34.85,255,
16.69,-2.15,-1.41,-1.23,0.84,-0.40,0.26,0.37,0.24,-0.35,-60.37,-57.24,221.93,34.85,255,
16.82,-2.26,-1.34,-1.11,0.84,-0.40,0.26,0.37,0.24,-0.34,-60.27,-57.06,221.78,34.85,255,
16.97,-2.27,-1.39,-0.88,0.84,-0.40,0.26,0.36,0.24,-0.34,-60.29,-57.17,222.21,34.85,255,
17.10,-2.25,-1.35,-1.06,0.84,-0.40,0.26,0.36,0.25,-0.34,-60.37,-57.18,222.87,34.85,255,
17.21,-2.24,-1.38,-0.95,0.84,-0.40,0.26,0.37,0.24,-0.34,-60.39,-56.79,221.42,34.85,255,
17.34,-2.14,-1.38,-1.08,0.84,-0.40,0.26,0.36,0.24,-0.35,-60.42,-57.18,221.90,34.85,255,
17.47,-2.34,-1.33,-1.22,0.84,-0.40,0.26,0.37,0.24,-0.34,-60.53,-57.24,222.12,34.85,255,
17.60,-2.19,-1.47,-1.18,0.84,-0.40,0.26,0.36,0.25,-0.33,-60.31,-57.04,222.80,34.85,255,
17.74,-2.28,-1.29,-1.35,0.84,-0.40,0.26,0.37,0.24,-0.35,-60.41,-56.98,221.13,34.85,255,
17.86,-2.19,-1.36,-0.86,0.84,-0.40,0.26,0.37,0.24,-0.34,-60.40,-57.10,221.80,34.85,255,
17.99,-2.03,-1.51,-1.14,0.84,-0.40,0.26,0.37,0.24,-0.34,-60.36,-56.81,221.41,34.85,255,
18.13,-2.13,-1.46,-1.17,0.84,-0.40,0.26,0.37,0.24,-0.34,-60.39,-57.21,221.88,34.85,255,
18.25,-2.10,-1.46,-1.30,0.84,-0.40,0.26,0.37,0.24,-0.34,-60.41,-57.21,221.40,34.85,255,
18.40,-1.96,-1.30,-1.31,0.84,-0.40,0.26,0.37,0.24,-0.34,-60.28,-57.13,221.63,34.85,255,
18.51,-2.17,-1.42,-1.20,0.84,-0.40,0.26,0.37,0.24,-0.34,-60.40,-57.18,221.59,34.85,255,
18.65,-2.21,-1.23,-1.26,0.84,-0.40,0.26,0.37,0.25,-0.34,-60.39,-56.98,222.59,34.85,255,
18.77,-2.24,-1.30,-1.11,0.84,-0.40,0.26,0.37,0.24,-0.34,-60.30,-57.33,221.99,34.85,255,
18.92,-2.28,-1.32,-1.20,0.84,-0.40,0.26,0.37,0.24,-0.34,-60.43,-57.08,221.83,34.85,255,
19.03,-2.17,-1.43,-1.23,0.84,-0.40,0.26,0.37,0.24,-0.34,-60.32,-56.89,221.69,34.85,255,
19.17,-2.00,-1.31,-1.14,0.84,-0.40,0.26,0.37,0.24,-0.34,-60.06,-57.12,221.51,34.85,255,
19.30,-2.16,-1.42,-1.08,0.84,-0.40,0.26,0.37,0.24,-0.34,-60.34,-57.17,221.97,34.85,255,
19.43,-2.25,-1.29,-1.13,0.84,-0.40,0.26,0.37,0.23,-0.34,-60.36,-57.11,221.14,34.85,255,
19.56,-2.17,-1.57,-1.26,0.84,-0.40,0.26,0.37,0.24,-0.34,-60.39,-57.35,221.23,34.85,255,
19.68,-2.09,-1.29,-0.97,0.84,-0.40,0.26,0.37,0.24,-0.34,-60.33,-56.76,221.52,34.85,255,
19.83,-2.07,-1.24,-1.07,0.84,-0.40,0.26,0.37,0.25,-0.34,-60.23,-57.27,222.55,34.85,255,
19.97,-2.06,-1.30,-1.11,0.84,-0.40,0.26,0.37,0.24,-0.34,-60.56,-57.14,221.20,34.85,255,
20.07,-2.23,-1.36,-1.23,0.84,-0.40,0.26,0.37,0.24,-0.34,-60.26,-57.14,221.61,34.85,255,
20.21,-2.11,-1.35,-1.17,0.84,-0.40,0.26,0.37,0.24,-0.34,-60.30,-57.03,221.25,34.85,255,
20.36,-2.24,-1.56,-0.97,0.84,-0.40,0.26,0.37,0.24,-0.34,-60.49,-57.41,221.68,34.85,255,
20.47,-2.39,-1.56,-1.21,0.84,-0.40,0.25,0.37,0.24,-0.34,-60.56,-57.45,221.23,34.85,255,
20.62,-2.23,-1.31,-1.08,0.84,-0.40,0.26,0.37,0.24,-0.34,-60.29,-57.02,221.32,34.85,255,
20.73,-2.40,-1.44,-1.38,0.84,-0.40,0.26,0.37,0.24,-0.34,-60.43,-57.19,221.35,34.85,255,
20.85,-2.21,-1.50,-0.99,0.84,-0.41,0.26,0.37,0.24,-0.34,-60.09,-57.36,221.24,34.85,255,
20.98,-2.27,-1.45,-1.04,0.84,-0.40,0.26,0.36,0.24,-0.34,-60.37,-57.34,221.92,34.85,255,
21.13,-2.19,-1.35,-1.05,0.84,-0.40,0.26,0.37,0.24,-0.34,-60.43,-57.60,221.42,34.85,255,
21.25,-2.17,-1.26,-1.15,0.84,-0.40,0.27,0.37,0.23,-0.35,-60.35,-56.49,220.69,34.85,255,
21.37,-2.27,-1.32,-1.03,0.84,-0.40,0.25,0.37,0.23,-0.34,-60.49,-57.64,220.74,34.85,255,
21.51,-2.27,-1.37,-1.18,0.84,-0.40,0.26,0.37,0.23,-0.34,-60.48,-56.99,220.99,34.85,255,
21.64,-2.09,-1.22,-1.13,0.84,-0.40,0.26,0.36,0.25,-0.34,-60.44,-57.38,222.60,34.85,255,
21.76,-2.35,-1.25,-0.98,0.84,-0.40,0.26,0.37,0.24,-0.34,-60.39,-57.05,221.61,34.85,255,
21.89,-2.28,-1.47,-1.05,0.84,-0.40,0.26,0.37,0.25,-0.33,-60.49,-56.82,222.36,34.85,255,
22.04,-2.19,-1.35,-0.99,0.84,-0.40,0.26,0.37,0.24,-0.33,-60.38,-57.04,222.04,34.85,255,
22.15,-1.98,-1.29,-0.96,0.84,-0.40,0.26,0.36,0.24,-0.34,-60.45,-57.26,221.97,34.85,255,
22.29,-2.27,-1.20,-1.10,0.84,-0.40,0.26,0.37,0.24,-0.34,-60.42,-57.28,221.85,34.85,255,
22.43,-2.02,-1.33,-1.02,0.84,-0.40,0.26,0.37,0.24,-0.33,-60.37,-57.06,221.69,34.85,255,
22.54,-2.21,-1.57,-1.10,0.84,-0.40,0.26,0.37,0.24,-0.33,-60.37,-57.33,221.73,34.85,255,
22.70,-2.43,-1.46,-1.08,0.84,-0.40,0.26,0.37,0.24,-0.33,-60.41,-56.86,222.18,34.85,255,
22.81,-2.06,-1.30,-1.32,0.84,-0.40,0.26,0.37,0.24,-0.34,-60.41,-57.09,222.15,34.85,255,
22.96,-1.86,-1.28,-0.93,0.84,-0.40,0.26,0.37,0.24,-0.34,-60.35,-56.95,222.01,34.85,255,
23.07,-2.27,-1.56,-1.22,0.84,-0.40,0.26,0.37,0.25,-0.33,-60.49,-57.50,222.55,34.85,255,
23.19,-2.18,-1.42,-1.18,0.84,-0.40,0.26,0.37,0.24,-0.34,-60.45,-57.43,221.72,34.85,255,
23.33,-2.28,-1.37,-1.23,0.84,-0.40,0.26,0.37,0.24,-0.34,-60.40,-57.28,221.83,34.85,255,
23.45,-1.93,-1.51,-1.01,0.84,-0.40,0.26,0.37,0.23,-0.34,-60.49,-57.03,220.88,34.85,255,
23.60,-2.21,-1.13,-1.17,0.84,-0.40,0.26,0.37,0.24,-0.33,-60.54,-57.17,221.50,34.85,255,
23.72,-2.36,-1.45,-1.16,0.84,-0.40,0.26,0.37,0.24,-0.34,-60.42,-56.76,221.53,34.85,255,
23.85,-2.24,-1.47,-1.26,0.84,-0.40,0.25,0.37,0.24,-0.33,-60.53,-57.62,221.57,34.85,255,
23.98,-2.12,-1.28,-1.29,0.84,-0.40,0.26,0.37,0.24,-0.34,-60.52,-57.14,221.40,34.85,255,
24.10,-2.25,-1.32,-1.17,0.84,-0.40,0.26,0.37,0.24,-0.33,-60.43,-57.25,221.55,34.85,255,
24.26,-2.28,-1.47,-1.11,0.84,-0.40,0.26,0.37,0.24,-0.34,-60.42,-57.06,221.48,34.85,255,
24.38,-2.16,-1.47,-1.09,0.84,-0.40,0.26,0.37,0.24,-0.33,-60.39,-57.35,221.73,34.85,255,
24.52,-2.24,-1.35,-0.92,0.84,-0.40,0.26,0.37,0.24,-0.35,-60.37,-57.33,221.66,34.85,255,
24.63,-2.09,-1.41,-0.83,0.84,-0.40,0.26,0.37,0.24,-0.34,-60.42,-57.01,221.68,34.85,255,
24.76,-2.12,-1.32,-1.06,0.84,-0.40,0.26,0.37,0.24,-0.34,-60.39,-57.12,222.25,34.85,255,
24.88,-2.25,-1.39,-0.99,0.84,-0.40,0.26,0.37,0.24,-0.34,-60.30,-57.09,222.04,34.85,255,
25.03,-2.10,-1.38,-1.23,0.84,-0.40,0.26,0.37,0.24,-0.34,-60.30,-57.20,221.31,34.85,255,
25.14,-2.26,-1.56,-1.23,0.84,-0.40,0.26,0.37,0.24,-0.33,-60.53,-57.06,221.74,34.85,255,
25.29,-2.17,-1.55,-1.01,0.84,-0.40,0.26,0.37,0.24,-0.34,-60.45,-57.10,221.26,34.85,255,
25.42,-2.33,-1.38,-0.98,0.84,-0.40,0.26,0.37,0.24,-0.33,-60.26,-57.24,221.17,34.85,255,
25.53,-2.01,-1.32,-1.12,0.84,-0.40,0.26,0.38,0.24,-0.34,-60.48,-57.25,220.78,34.85,255,
25.66,-2.33,-1.41,-1.26,0.84,-0.40,0.26,0.37,0.24,-0.34,-60.31,-57.19,221.92,34.85,255,
25.82,-2.19,-1.50,-1.20,0.84,-0.40,0.26,0.37,0.24,-0.33,-60.24,-56.69,221.08,34.85,255,
25.95,-2.30,-1.59,-0.87,0.84,-0.40,0.26,0.37,0.24,-0.33,-60.40,-57.01,221.40,34.85,255,
26.06,-2.21,-1.26,-1.30,0.84,-0.40,0.26,0.37,0.24,-0.34,-60.55,-57.17,222.15,34.85,255,
26.21,-2.17,-1.20,-1.08,0.84,-0.40,0.26,0.37,0.24,-0.34,-60.32,-57.11,221.55,34.85,255,
26.32,-2.05,-1.35,-1.18,0.84,-0.40,0.26,0.37,0.23,-0.34,-60.29,-57.11,220.72,34.85,255,
26.45,-2.00,-1.39,-0.99,0.84,-0.40,0.26,0.37,0.24,-0.34,-60.42,-56.80,221.71,34.85,255,
26.58,-2.09,-1.43,-1.02,0.84,-0.40,0.26,0.37,0.24,-0.34,-60.29,-57.04,222.13,34.85,255,
26.71,-2.11,-1.34,-1.17,0.84,-0.40,0.26,0.37,0.24,-0.34,-60.36,-57.23,221.67,34.85,255,
26.84,-2.04,-1.19,-1.11,0.84,-0.40,0.26,0.37,0.23,-0.34,-60.36,-56.94,220.64,34.85,255,
26.96,-2.31,-1.53,-1.19,0.84,-0.40,0.26,0.37,0.24,-0.35,-60.26,-57.07,221.56,34.85,255,
27.10,-2.36,-1.40,-1.20,0.84,-0.40,0.26,0.36,0.24,-0.34,-60.36,-56.87,221.56,34.85,255,
27.25,-2.10,-1.45,-1.01,0.84,-0.40,0.26,0.37,0.24,-0.34,-60.31,-57.01,221.74,34.85,255,
27.38,-2.17,-1.35,-1.27,0.84,-0.40,0.26,0.37,0.24,-0.33,-60.38,-57.15,221.85,34.85,255,
27.49,-2.15,-1.35,-1.09,0.84,-0.40,0.26,0.37,0.25,-0.34,-60.43,-56.91,222.38,34.85,255,
27.62,-2.30,-1.54,-1.23,0.84,-0.40,0.26,0.37,0.25,-0.34,-60.42,-57.09,222.25,34.85,255,
27.77,-2.27,-1.17,-1.13,0.84,-0.40,0.26,0.37,0.25,-0.34,-60.58,-57.08,222.27,34.53,255,
27.88,-2.22,-1.36,-1.37,0.84,-0.40,0.26,0.36,0.24,-0.34,-60.34,-57.37,222.18,34.85,255,
28.01,-2.22,-1.28,-1.11,0.84,-0.40,0.26,0.37,0.24,-0.34,-60.42,-57.02,221.17,34.85,255,
28.14,-2.17,-1.31,-1.14,0.84,-0.40,0.26,0.36,0.24,-0.33,-60.42,-57.18,221.96,34.85,255,
28.27,-2.09,-1.50,-1.01,0.84,-0.40,0.26,0.37,0.24,-0.34,-60.47,-57.01,221.69,34.85,255,
28.40,-2.27,-1.36,-1.04,0.84,-0.40,0.26,0.37,0.25,-0.34,-60.48,-57.08,222.26,34.85,255,
28.52,-2.33,-1.50,-1.04,0.84,-0.40,0.26,0.37,0.24,-0.34,-60.23,-57.05,221.44,34.85,255,
28.66,-2.15,-1.14,-0.91,0.84,-0.40,0.26,0.37,0.24,-0.34,-60.35,-57.04,221.77,34.85,255,
28.81,-2.14,-1.32,-1.22,0.84,-0.40,0.26,0.37,0.24,-0.34,-60.37,-57.26,221.58,34.85,255,
28.94,-2.27,-1.20,-1.14,0.84,-0.40,0.26,0.36,0.24,-0.34,-60.49,-56.97,221.71,34.85,255,
29.07,-2.29,-1.17,-0.90,0.84,-0.40,0.26,0.37,0.24,-0.34,-60.52,-57.25,221.75,34.85,255,
29.20,-2.10,-1.28,-1.39,0.84,-0.40,0.26,0.37,0.24,-0.34,-60.46,-57.27,221.79,34.85,255,
29.33,-2.03,-1.21,-1.02,0.84,-0.40,0.26,0.37,0.24,-0.33,-60.50,-57.19,221.98,34.85,255,
29.46,-2.22,-1.26,-1.17,0.84,-0.40,0.26,0.37,0.24,-0.34,-60.41,-57.52,221.48,34.85,255,
29.58,-1.99,-1.36,-0.95,0.84,-0.40,0.26,0.37,0.24,-0.33,-60.33,-57.10,222.06,34.85,255,
29.70,-1.94,-1.27,-1.20,0.84,-0.40,0.26,0.37,0.24,-0.34,-60.32,-57.23,221.82,34.85,255,
29.83,-2.09,-1.56,-1.13,0.84,-0.40,0.26,0.37,0.24,-0.34,-60.39,-57.03,221.70,34.85,255,
29.98,-2.38,-1.11,-0.96,0.84,-0.40,0.26,0.37,0.24,-0.34,-60.28,-57.03,221.73,34.85,255,
30.11,-2.06,-1.35,-0.92,0.84,-0.40,0.26,0.37,0.24,-0.33,-60.35,-57.62,221.49,34.85,255,
30.24,-2.07,-1.44,-1.09,0.84,-0.40,0.27,0.38,0.23,-0.34,-60.15,-56.49,220.58,34.85,255,
30.37,-2.19,-1.34,-0.90,0.84,-0.40,0.26,0.36,0.24,-0.33,-60.48,-57.14,221.95,34.85,255,
30.49,-1.97,-1.52,-1.06,0.84,-0.40,0.26,0.37,0.24,-0.34,-60.21,-56.70,221.45,34.85,255,
30.61,-2.25,-1.30,-0.81,0.84,-0.40,0.26,0.37,0.24,-0.34,-60.43,-57.25,221.34,34.85,255,
30.76,-2.16,-1.35,-1.11,0.84,-0.40,0.26,0.37,0.24,-0.34,-60.50,-56.77,221.33,34.85,255,
30.89,-2.23,-1.50,-1.20,0.84,-0.40,0.26,0.37,0.23,-0.34,-60.34,-57.02,220.72,34.85,255,
31.02,-2.16,-1.48,-1.19,0.84,-0.40,0.26,0.37,0.24,-0.33,-60.48,-57.15,221.97,34.85,255,
31.14,-2.18,-1.40,-1.19,0.84,-0.40,0.26,0.37,0.24,-0.34,-60.37,-57.00,221.05,34.85,255,
31.26,-2.16,-1.37,-1.22,0.84,-0.40,0.26,0.37,0.24,-0.34,-60.39,-57.13,221.00,34.85,255,
31.39,-2.33,-1.40,-1.14,0.84,-0.40,0.26,0.37,0.24,-0.33,-60.36,-57.01,221.08,34.85,255,
31.52,-2.14,-1.56,-0.93,0.84,-0.40,0.26,0.37,0.24,-0.34,-60.46,-57.35,221.73,34.85,255,
31.67,-2.37,-1.54,-1.11,0.84,-0.40,0.26,0.37,0.24,-0.33,-60.47,-57.33,222.08,34.85,255,
31.79,-2.19,-1.45,-0.96,0.84,-0.40,0.26,0.37,0.24,-0.34,-60.34,-57.24,221.50,34.85,255,
31.90,-2.14,-1.31,-1.20,0.84,-0.40,0.26,0.37,0.24,-0.33,-60.41,-57.03,221.06,34.85,255,
32.05,-2.25,-1.59,-1.32,0.84,-0.40,0.26,0.37,0.24,-0.33,-60.34,-56.82,221.41,34.85,255,
32.18,-2.50,-1.65,-1.59,0.84,-0.40,0.26,0.36,0.24,-0.33,-60.29,-56.96,221.74,34.85,255,
32.30,-2.30,-1.21,-1.28,0.84,-0.40,0.26,0.37,0.24,-0.33,-60.42,-57.04,221.95,34.85,255,
32.45,-2.24,-1.47,-0.97,0.84,-0.40,0.26,0.37,0.23,-0.34,-60.35,-56.86,220.60,34.85,255,
32.57,-2.05,-1.43,-1.23,0.84,-0.40,0.26,0.37,0.23,-0.34,-60.18,-56.66,221.05,34.85,255,
32.71,-2.09,-1.54,-1.03,0.84,-0.40,0.26,0.37,0.24,-0.34,-60.39,-57.46,221.23,34.85,255,
32.83,-2.27,-1.50,-1.20,0.84,-0.40,0.26,0.37,0.24,-0.33,-60.31,-57.20,221.43,34.85,255,
32.97,-2.19,-1.55,-1.03,0.84,-0.40,0.26,0.37,0.24,-0.34,-60.42,-57.10,221.55,34.85,255,
33.09,-2.27,-1.47,-1.33,0.84,-0.40,0.26,0.36,0.24,-0.34,-60.42,-57.18,222.21,34.85,255,
33.20,-2.42,-1.44,-1.07,0.84,-0.40,0.26,0.36,0.24,-0.34,-60.36,-57.31,221.47,34.85,255,
33.33,-2.37,-1.42,-1.16,0.84,-0.40,0.26,0.37,0.24,-0.33,-60.24,-57.16,221.33,34.85,255,
33.48,-2.18,-1.25,-1.01,0.84,-0.40,0.26,0.37,0.24,-0.34,-60.38,-57.09,221.75,34.85,255,
33.61,-2.27,-1.32,-0.95,0.84,-0.40,0.26,0.37,0.24,-0.33,-60.41,-56.90,221.54,34.85,255,
33.73,-2.34,-1.36,-1.14,0.84,-0.40,0.26,0.37,0.24,-0.34,-60.33,-57.18,221.61,34.85,255,
33.88,-2.21,-1.44,-1.08,0.84,-0.40,0.25,0.37,0.24,-0.33,-60.42,-57.97,221.74,34.85,255,
34.00,-2.21,-1.29,-1.08,0.84,-0.40,0.25,0.36,0.24,-0.33,-60.54,-57.55,222.09,34.85,255,
34.14,-2.39,-1.40,-1.20,0.84,-0.40,0.26,0.37,0.24,-0.33,-60.32,-56.31,221.78,34.85,255,
34.26,-2.15,-1.50,-0.96,0.84,-0.40,0.26,0.36,0.24,-0.34,-60.47,-57.13,222.01,34.85,255,
34.39,-2.27,-1.35,-1.11,0.84,-0.40,0.26,0.36,0.24,-0.34,-60.35,-57.10,222.26,34.85,255,
34.51,-2.06,-1.29,-1.05,0.84,-0.40,0.26,0.36,0.24,-0.33,-60.40,-57.09,222.53,34.85,255,
34.66,-2.14,-1.21,-1.05,0.84,-0.40,0.26,0.36,0.24,-0.34,-60.44,-57.37,221.97,34.85,255,
34.78,-2.24,-1.37,-1.21,0.84,-0.40,0.26,0.37,0.24,-0.33,-60.48,-57.12,221.93,34.85,255,
34.92,-2.04,-1.27,-0.85,0.84,-0.40,0.26,0.36,0.25,-0.33,-60.37,-57.12,223.08,34.85,255,
35.02,-2.12,-1.25,-1.06,0.84,-0.40,0.26,0.36,0.24,-0.34,-60.35,-57.15,221.89,34.85,255,
35.18,-2.19,-1.32,-1.08,0.84,-0.40,0.26,0.37,0.24,-0.34,-60.37,-57.32,221.71,34.85,255,
35.31,-2.35,-1.41,-0.99,0.84,-0.40,0.26,0.37,0.24,-0.33,-60.36,-57.20,221.42,34.85,255,
35.43,-2.17,-1.35,-0.99,0.84,-0.40,0.26,0.36,0.24,-0.33,-60.49,-57.36,221.58,34.85,255,
35.54,-2.28,-1.38,-1.11,0.84,-0.40,0.26,0.37,0.24,-0.33,-60.32,-57.30,222.31,34.85,255,
35.69,-2.20,-1.46,-1.24,0.84,-0.40,0.26,0.37,0.24,-0.34,-60.52,-57.05,221.77,34.85,255,
35.81,-2.24,-1.55,-1.08,0.84,-0.40,0.26,0.37,0.24,-0.34,-60.35,-57.19,221.73,34.85,255,
35.96,-2.20,-1.38,-1.27,0.84,-0.40,0.26,0.37,0.24,-0.34,-60.41,-56.80,221.62,34.85,255,
36.06,-2.24,-1.38,-1.16,0.84,-0.40,0.26,0.37,0.24,-0.33,-60.36,-57.27,222.03,34.85,255,
36.22,-2.33,-1.50,-1.37,0.84,-0.40,0.25,0.37,0.24,-0.34,-60.93,-57.63,221.49,34.85,255,
36.34,-2.02,-1.41,-0.91,0.84,-0.40,0.26,0.37,0.24,-0.34,-60.42,-57.05,221.89,34.85,255,
36.48,-2.43,-1.27,-1.08,0.84,-0.40,0.26,0.37,0.24,-0.34,-60.46,-57.17,222.02,34.85,255,
36.60,-2.18,-1.35,-1.35,0.84,-0.40,0.26,0.37,0.24,-0.34,-60.21,-57.11,221.69,34.85,255,
36.71,-2.36,-1.59,-1.29,0.84,-0.40,0.26,0.37,0.25,-0.34,-60.45,-57.16,222.32,34.85,255,
36.87,-2.30,-1.23,-1.17,0.84,-0.40,0.26,0.37,0.24,-0.34,-60.37,-57.00,221.48,34.85,255,
36.99,-2.27,-1.51,-1.24,0.84,-0.40,0.26,0.37,0.24,-0.34,-60.29,-57.17,221.70,34.85,255,
37.13,-2.30,-1.37,-1.02,0.84,-0.40,0.26,0.37,0.24,-0.34,-60.30,-56.83,221.34,34.85,255,
37.24,-2.35,-1.35,-1.01,0.84,-0.40,0.26,0.37,0.24,-0.33,-60.39,-57.10,221.69,34.85,255,
37.38,-2.12,-1.45,-0.84,0.84,-0.40,0.26,0.37,0.24,-0.33,-60.51,-57.07,222.04,34.85,255,
37.50,-2.15,-1.43,-1.00,0.84,-0.40,0.26,0.37,0.24,-0.34,-60.71,-56.95,221.53,34.85,255,
37.65,-2.25,-1.48,-0.90,0.84,-0.40,0.26,0.37,0.24,-0.34,-60.32,-57.25,221.30,34.85,255,
37.76,-2.16,-1.46,-1.14,0.84,-0.40,0.26,0.37,0.24,-0.34,-60.39,-57.11,221.79,34.85,255,
37.88,-2.15,-1.43,-1.36,0.84,-0.40,0.26,0.37,0.24,-0.34,-60.49,-57.08,222.14,34.85,255,
38.03,-2.36,-1.32,-1.28,0.84,-0.40,0.26,0.37,0.24,-0.34,-60.29,-56.75,221.40,34.85,255,
38.16,-2.25,-1.45,-1.08,0.84,-0.40,0.26,0.37,0.24,-0.33,-60.36,-57.01,222.08,34.85,255,
38.27,-2.27,-1.42,-1.38,0.84,-0.40,0.26,0.36,0.24,-0.34,-60.35,-57.21,222.18,34.85,255,
38.42,-2.17,-1.30,-1.28,0.84,-0.40,0.26,0.37,0.24,-0.34,-60.48,-56.67,221.23,34.85,255,
38.56,-2.23,-1.23,-1.20,0.84,-0.40,0.26,0.37,0.24,-0.33,-60.06,-56.95,221.31,34.85,255,
38.68,-2.20,-1.26,-0.90,0.84,-0.40,0.26,0.37,0.24,-0.34,-60.59,-57.49,221.64,34.85,255,
38.83,-2.12,-1.40,-1.15,0.84,-0.40,0.26,0.37,0.24,-0.33,-60.51,-57.44,221.43,34.85,255,
38.93,-2.20,-1.29,-0.86,0.84,-0.41,0.26,0.37,0.24,-0.34,-60.23,-57.61,221.18,34.85,255,
39.06,-2.08,-1.31,-1.21,0.84,-0.40,0.26,0.36,0.24,-0.34,-60.32,-56.96,221.86,34.85,255,
39.21,-2.45,-1.43,-1.07,0.84,-0.40,0.26,0.37,0.24,-0.34,-60.39,-57.43,221.88,34.85,255,
39.33,-2.21,-1.35,-0.94,0.84,-0.40,0.26,0.36,0.24,-0.34,-60.22,-56.84,222.17,34.85,255,
39.45,-2.30,-1.29,-1.29,0.84,-0.40,0.26,0.37,0.24,-0.34,-60.50,-57.21,221.75,34.85,255,
39.60,-2.24,-1.40,-1.12,0.84,-0.40,0.26,0.37,0.24,-0.33,-60.31,-56.90,221.30,34.85,255,
39.72,-2.37,-1.53,-0.99,0.84,-0.40,0.26,0.37,0.24,-0.33,-60.55,-57.23,221.61,34.85,255,
39.83,-2.19,-1.14,-1.04,0.84,-0.40,0.26,0.37,0.24,-0.34,-60.35,-56.76,221.20,34.85,255,
39.98,-2.30,-1.29,-0.96,0.84,-0.40,0.26,0.37,0.24,-0.34,-60.47,-57.22,221.87,34.85,255,
40.10,-2.12,-1.34,-1.22,0.84,-0.40,0.26,0.37,0.24,-0.34,-60.50,-57.01,221.76,34.85,255,
40.25,-2.22,-1.53,-1.23,0.84,-0.40,0.26,0.37,0.24,-0.34,-60.42,-57.02,222.04,34.85,255,
40.39,-2.20,-1.29,-1.02,0.84,-0.40,0.26,0.37,0.24,-0.33,-60.56,-57.20,221.46,34.85,255,
40.49,-2.06,-1.52,-1.06,0.84,-0.40,0.26,0.37,0.24,-0.34,-60.41,-57.43,222.40,34.85,255,
40.64,-2.10,-1.33,-0.97,0.84,-0.40,0.26,0.37,0.24,-0.34,-60.43,-56.86,221.27,34.85,255,
40.78,-2.24,-1.43,-1.20,0.84,-0.40,0.26,0.36,0.24,-0.33,-60.37,-56.99,222.17,34.85,255,
40.87,-2.21,-1.29,-1.14,0.84,-0.40,0.26,0.37,0.23,-0.33,-60.37,-57.38,221.16,34.85,255,
41.01,-2.24,-1.47,-1.08,0.84,-0.40,0.26,0.37,0.23,-0.34,-60.40,-56.83,220.99,34.53,255,
41.17,-2.36,-1.30,-1.17,0.84,-0.40,0.26,0.37,0.24,-0.33,-60.42,-57.20,221.79,34.53,255,
41.28,-2.28,-1.46,-1.17,0.84,-0.40,0.26,0.37,0.23,-0.33,-60.33,-56.57,221.00,34.53,255,
41.40,-2.30,-1.57,-1.27,0.84,-0.40,0.26,0.37,0.24,-0.33,-60.47,-57.06,221.34,34.85,255,
41.53,-2.50,-1.31,-1.01,0.84,-0.40,0.26,0.37,0.24,-0.34,-60.30,-57.07,220.95,34.85,255,
41.67,-2.30,-1.44,-1.29,0.84,-0.40,0.26,0.37,0.24,-0.34,-60.38,-57.20,221.34,34.85,255,
41.79,-2.38,-1.56,-1.18,0.84,-0.40,0.26,0.37,0.23,-0.34,-60.32,-56.90,220.66,34.85,255,
41.91,-2.11,-1.37,-1.30,0.84,-0.40,0.26,0.37,0.24,-0.33,-60.28,-57.12,221.16,34.85,255,
42.06,-1.97,-1.15,-1.17,0.84,-0.40,0.26,0.37,0.24,-0.34,-60.31,-56.78,221.05,34.85,255,
42.18,-2.21,-1.37,-0.87,0.84,-0.40,0.26,0.38,0.23,-0.34,-60.45,-57.11,220.43,32.95,255,
42.33,-2.12,-1.28,-1.45,0.84,-0.40,0.26,0.37,0.23,-0.34,-60.36,-56.99,220.57,31.68,255,
42.44,-2.18,-1.41,-1.22,0.84,-0.40,0.26,0.37,0.24,-0.33,-60.37,-57.50,221.25,30.73,255,
42.56,-2.01,-1.37,-1.00,0.84,-0.40,0.26,0.37,0.24,-0.33,-60.37,-57.39,221.19,30.42,255,
42.70,-2.18,-1.35,-1.03,0.84,-0.40,0.26,0.37,0.24,-0.33,-60.28,-56.87,221.10,30.73,255,
42.83,-2.12,-1.41,-1.12,0.84,-0.40,0.26,0.37,0.24,-0.33,-60.38,-57.36,221.37,31.05,255,
42.96,-2.23,-1.48,-1.02,0.84,-0.40,0.26,0.36,0.24,-0.33,-60.32,-56.72,222.31,31.05,255,
43.09,-2.27,-1.24,-1.12,0.84,-0.40,0.26,0.37,0.24,-0.33,-60.38,-57.10,221.41,30.73,255,
43.23,-2.37,-1.58,-1.21,0.84,-0.40,0.26,0.37,0.23,-0.33,-60.22,-57.00,220.57,30.42,255,
43.37,-2.20,-1.38,-1.04,0.84,-0.40,0.26,0.37,0.24,-0.33,-60.39,-57.37,221.69,30.10,255,
43.49,-2.21,-1.23,-1.27,0.84,-0.40,0.26,0.37,0.24,-0.33,-60.55,-57.29,221.50,29.47,255,
43.61,-2.28,-1.67,-1.23,0.84,-0.40,0.26,0.37,0.24,-0.33,-60.33,-56.88,221.65,29.15,255,
43.73,-2.12,-1.27,-1.19,0.84,-0.40,0.26,0.37,0.24,-0.33,-60.32,-56.68,221.75,29.15,255,
43.87,-2.33,-1.41,-1.18,0.84,-0.40,0.26,0.37,0.24,-0.33,-60.36,-57.03,222.22,29.78,255,
44.02,-2.11,-1.41,-1.08,0.84,-0.40,0.26,0.37,0.24,-0.34,-60.34,-57.16,221.26,31.05,255,
44.15,-2.08,-1.64,-1.08,0.84,-0.40,0.26,0.37,0.24,-0.33,-60.38,-56.72,222.15,33.58,255,
44.28,-2.06,-1.22,-1.20,0.84,-0.40,0.26,0.37,0.24,-0.33,-60.56,-57.30,222.25,34.53,255,
44.40,-2.21,-1.44,-1.02,0.84,-0.40,0.26,0.37,0.24,-0.33,-60.42,-56.79,221.10,34.85,255,
44.51,-2.19,-1.30,-1.08,0.84,-0.40,0.26,0.37,0.23,-0.34,-60.29,-57.36,220.79,34.85,255,
44.65,-2.32,-1.56,-1.32,0.84,-0.40,0.26,0.37,0.24,-0.33,-60.36,-56.93,221.71,34.85,255,
44.80,-2.25,-1.34,-1.00,0.84,-0.40,0.26,0.37,0.23,-0.34,-60.26,-57.49,220.47,34.85,255,
44.91,-2.55,-1.41,-1.22,0.84,-0.40,0.26,0.36,0.24,-0.33,-60.25,-56.69,222.79,34.85,255,
45.06,-2.25,-1.44,-1.29,0.84,-0.40,0.26,0.37,0.24,-0.33,-60.44,-57.18,221.41,33.58,255,
45.18,-2.18,-1.17,-0.99,0.84,-0.40,0.26,0.37,0.24,-0.34,-60.45,-56.96,221.13,34.85,255,
45.32,-2.17,-1.23,-1.01,0.84,-0.40,0.26,0.37,0.24,-0.34,-60.36,-56.96,221.51,34.85,255,
45.44,-2.15,-1.43,-1.18,0.84,-0.40,0.26,0.37,0.23,-0.33,-60.45,-57.18,221.09,34.53,255,
45.58,-2.15,-1.51,-1.26,0.84,-0.40,0.25,0.37,0.24,-0.33,-60.55,-57.54,221.57,34.53,255,
45.70,-2.24,-1.58,-1.20,0.84,-0.40,0.26,0.36,0.24,-0.33,-60.40,-57.18,222.38,34.53,255,
45.81,-2.30,-1.53,-1.04,0.84,-0.40,0.26,0.37,0.24,-0.33,-60.44,-57.35,221.12,34.53,255,
45.94,-2.16,-1.58,-1.10,0.84,-0.40,0.26,0.37,0.23,-0.34,-60.35,-57.30,220.71,34.85,255,
46.10,-2.42,-1.37,-1.14,0.84,-0.40,0.26,0.37,0.24,-0.34,-60.34,-56.97,221.74,34.85,255,
46.20,-2.25,-1.54,-1.25,0.84,-0.40,0.26,0.37,0.23,-0.34,-60.27,-56.88,220.88,34.85,255,
46.36,-2.27,-1.51,-1.04,0.84,-0.40,0.26,0.37,0.24,-0.33,-60.31,-57.55,221.80,34.85,255,
46.47,-2.16,-1.50,-1.10,0.84,-0.40,0.26,0.37,0.24,-0.34,-60.41,-57.19,221.43,34.85,255,
46.60,-2.32,-1.61,-1.38,0.84,-0.40,0.26,0.37,0.24,-0.33,-60.32,-57.10,221.10,34.85,255,
46.72,-2.05,-1.32,-1.22,0.84,-0.40,0.26,0.37,0.24,-0.33,-60.36,-56.90,221.18,34.85,255,
46.88,-2.10,-1.41,-0.90,0.84,-0.40,0.26,0.37,0.24,-0.34,-60.26,-57.38,221.63,34.85,255,
46.98,-2.43,-1.59,-1.18,0.84,-0.40,0.26,0.37,0.24,-0.34,-60.47,-56.71,221.63,34.85,255,
47.12,-2.03,-1.47,-1.19,0.84,-0.40,0.26,0.37,0.24,-0.34,-60.37,-57.12,221.83,34.85,255,
47.27,-2.33,-1.51,-1.17,0.84,-0.40,0.26,0.37,0.23,-0.34,-60.42,-56.91,220.76,34.85,255,
47.38,-2.42,-1.29,-1.26,0.84,-0.40,0.26,0.37,0.24,-0.34,-60.44,-57.12,220.90,34.85,255,
47.51,-2.18,-1.56,-1.20,0.84,-0.40,0.26,0.37,0.24,-0.34,-60.60,-57.27,221.04,34.85,255,
47.66,-2.24,-1.37,-1.23,0.84,-0.40,0.26,0.37,0.24,-0.34,-60.48,-57.14,221.51,34.85,255,
47.79,-2.15,-1.45,-1.17,0.84,-0.40,0.26,0.37,0.23,-0.34,-60.23,-57.09,220.72,34.85,255,
47.92,-2.21,-1.31,-1.16,0.84,-0.40,0.26,0.37,0.24,-0.33,-60.49,-57.36,220.91,34.85,255,
48.04,-2.27,-1.52,-1.16,0.84,-0.40,0.26,0.36,0.25,-0.33,-60.40,-57.15,222.67,34.85,255,
48.17,-2.18,-1.48,-0.90,0.84,-0.40,0.26,0.37,0.24,-0.33,-60.44,-56.99,221.60,34.85,255,
48.30,-2.06,-1.50,-1.11,0.84,-0.40,0.26,0.37,0.24,-0.33,-60.29,-57.16,221.75,34.85,255,
48.42,-2.12,-1.47,-1.26,0.84,-0.40,0.26,0.37,0.24,-0.33,-60.47,-57.31,221.50,34.85,255,
48.57,-2.19,-1.32,-1.30,0.84,-0.40,0.26,0.37,0.24,-0.33,-60.39,-57.39,221.94,34.85,255,
48.70,-2.09,-1.37,-0.98,0.84,-0.40,0.26,0.37,0.24,-0.33,-60.53,-57.38,221.73,34.85,255,
48.81,-2.29,-1.38,-1.11,0.84,-0.40,0.26,0.37,0.24,-0.33,-60.34,-56.49,221.19,34.85,255,
48.94,-2.06,-1.59,-1.30,0.84,-0.40,0.26,0.37,0.24,-0.33,-60.44,-57.57,221.75,34.85,255,
49.09,-2.19,-1.55,-1.23,0.84,-0.40,0.26,0.37,0.24,-0.34,-60.30,-56.92,222.03,34.85,255,
49.22,-2.29,-1.34,-1.26,0.84,-0.40,0.26,0.37,0.25,-0.33,-60.44,-57.10,221.89,34.85,255,
49.34,-2.21,-1.35,-1.17,0.84,-0.40,0.26,0.37,0.25,-0.32,-60.33,-57.10,222.63,34.85,255,
49.47,-2.19,-1.29,-0.95,0.84,-0.40,0.26,0.37,0.24,-0.33,-60.48,-57.15,221.65,34.85,255,
49.59,-2.23,-1.26,-1.03,0.84,-0.40,0.26,0.37,0.24,-0.34,-60.32,-56.99,221.61,34.85,255,
49.74,-2.13,-1.35,-1.21,0.84,-0.40,0.26,0.37,0.24,-0.33,-60.43,-56.81,221.25,34.85,255,
49.87,-1.85,-1.40,-0.94,0.84,-0.40,0.26,0.37,0.24,-0.33,-60.39,-57.41,220.98,34.85,255,
49.99,-2.27,-1.50,-1.24,0.84,-0.40,0.26,0.36,0.24,-0.33,-60.38,-57.00,222.41,34.85,255,
50.13,-1.92,-1.32,-0.97,0.84,-0.40,0.26,0.37,0.24,-0.34,-60.32,-57.23,221.89,34.85,255,
50.25,-2.19,-1.53,-0.94,0.84,-0.40,0.25,0.37,0.24,-0.34,-60.37,-57.81,221.78,34.85,255,
50.39,-2.24,-1.45,-1.11,0.84,-0.40,0.26,0.37,0.24,-0.34,-60.20,-57.37,222.22,34.85,255,
50.51,-2.40,-1.44,-1.19,0.84,-0.40,0.26,0.37,0.24,-0.33,-60.48,-57.18,221.74,34.85,255,
50.63,-2.06,-1.51,-1.05,0.84,-0.40,0.27,0.38,0.24,-0.33,-60.27,-56.38,221.20,34.85,255,
50.78,-2.42,-1.44,-1.09,0.84,-0.40,0.25,0.37,0.24,-0.33,-60.40,-57.72,221.89,34.85,255,
50.90,-2.17,-1.37,-1.27,0.84,-0.40,0.26,0.37,0.24,-0.32,-60.44,-56.86,222.10,34.85,255,
51.04,-2.17,-1.25,-1.18,0.84,-0.40,0.26,0.37,0.24,-0.33,-60.44,-57.16,221.52,34.85,255,
51.15,-1.97,-1.35,-1.04,0.84,-0.40,0.26,0.37,0.24,-0.33,-60.27,-56.94,221.67,34.85,255,
51.30,-2.31,-1.47,-1.23,0.84,-0.40,0.26,0.37,0.24,-0.33,-60.34,-57.13,221.24,34.85,255,
51.43,-2.34,-1.41,-0.99,0.84,-0.40,0.26,0.37,0.24,-0.33,-60.51,-57.23,221.63,34.85,255,
51.58,-2.12,-1.37,-1.09,0.84,-0.40,0.26,0.37,0.24,-0.33,-60.39,-57.08,221.43,34.85,255,
51.67,-2.21,-1.40,-1.17,0.84,-0.40,0.26,0.37,0.24,-0.33,-60.26,-57.03,221.39,34.85,255,
51.81,-2.30,-1.39,-1.05,0.84,-0.40,0.26,0.37,0.24,-0.33,-60.53,-57.24,221.43,34.85,255,
51.95,-2.00,-1.26,-1.06,0.84,-0.40,0.26,0.37,0.24,-0.33,-60.29,-56.96,221.26,34.85,255,
52.07,-2.34,-1.37,-1.07,0.84,-0.40,0.26,0.36,0.24,-0.32,-60.34,-57.14,221.96,34.53,255,
52.20,-2.19,-1.34,-1.14,0.84,-0.40,0.26,0.37,0.24,-0.32,-60.29,-57.08,221.09,34.85,255,
52.32,-2.15,-1.54,-1.14,0.84,-0.40,0.26,0.37,0.24,-0.33,-60.54,-57.18,222.30,34.85,255,
52.47,-2.12,-1.21,-0.94,0.84,-0.40,0.26,0.37,0.24,-0.32,-60.37,-57.20,221.09,34.85,255,
52.59,-2.21,-1.53,-1.28,0.84,-0.40,0.26,0.37,0.24,-0.34,-60.44,-57.27,221.00,34.85,255,
52.74,-2.32,-1.41,-1.12,0.84,-0.40,0.26,0.37,0.24,-0.34,-60.22,-56.54,222.16,34.85,255,
52.84,-2.20,-1.32,-1.03,0.84,-0.40,0.25,0.37,0.24,-0.33,-60.72,-57.58,221.78,34.85,255,
52.98,-2.54,-1.29,-1.32,0.84,-0.40,0.25,0.37,0.24,-0.33,-60.69,-57.61,221.70,34.85,255,
53.12,-2.28,-1.44,-0.95,0.84,-0.40,0.26,0.37,0.24,-0.33,-60.56,-57.25,222.00,34.85,255,
53.24,-2.29,-1.22,-1.14,0.84,-0.40,0.26,0.37,0.24,-0.33,-60.26,-57.00,221.63,34.85,255,
53.38,-2.19,-1.41,-1.20,0.84,-0.40,0.26,0.37,0.24,-0.34,-60.54,-56.68,221.98,34.85,255,
53.49,-2.27,-1.39,-1.16,0.84,-0.40,0.26,0.36,0.24,-0.34,-60.61,-56.97,221.74,34.85,255,
53.62,-2.14,-1.20,-1.26,0.84,-0.40,0.26,0.36,0.23,-0.34,-60.35,-57.25,221.35,34.85,255,
53.75,-2.24,-1.26,-1.10,0.84,-0.40,0.26,0.36,0.24,-0.34,-60.39,-56.89,222.20,34.85,255,
53.88,-2.20,-1.22,-0.99,0.84,-0.40,0.26,0.37,0.24,-0.34,-60.39,-56.72,221.01,34.85,255,
54.03,-2.28,-1.41,-1.34,0.84,-0.40,0.26,0.38,0.24,-0.33,-60.49,-56.96,221.23,34.85,255,
54.16,-2.30,-1.30,-1.16,0.84,-0.40,0.26,0.38,0.24,-0.33,-60.31,-57.36,221.51,34.85,255,
54.27,-2.04,-1.33,-0.99,0.84,-0.40,0.26,0.37,0.24,-0.33,-60.49,-56.34,220.90,34.85,255,
54.40,-2.33,-1.51,-1.20,0.84,-0.40,0.26,0.37,0.24,-0.33,-60.47,-57.26,221.59,34.85,255,
54.52,-2.11,-1.61,-1.28,0.84,-0.40,0.25,0.37,0.24,-0.34,-60.59,-57.38,221.90,34.85,255,
54.68,-2.23,-1.47,-1.28,0.84,-0.40,0.25,0.37,0.24,-0.32,-60.50,-57.85,222.16,34.85,255,
54.79,-2.15,-1.26,-1.05,0.84,-0.40,0.26,0.37,0.24,-0.33,-60.53,-57.19,221.71,34.85,255,
54.93,-2.30,-1.50,-1.08,0.84,-0.40,0.26,0.37,0.24,-0.33,-60.31,-57.72,222.04,34.85,255,
55.07,-2.18,-1.39,-1.21,0.84,-0.40,0.26,0.37,0.24,-0.33,-60.23,-57.01,222.03,34.85,255,
55.18,-2.25,-1.51,-1.14,0.84,-0.41,0.26,0.37,0.25,-0.33,-60.23,-57.53,222.40,34.85,255,
55.31,-2.22,-1.22,-1.00,0.84,-0.40,0.26,0.37,0.25,-0.33,-60.66,-57.12,222.06,34.85,255,
55.44,-2.37,-1.42,-1.10,0.84,-0.40,0.26,0.37,0.24,-0.33,-60.20,-56.96,222.05,34.85,255,
55.59,-2.40,-1.26,-1.08,0.84,-0.40,0.26,0.37,0.25,-0.32,-60.40,-57.06,222.21,34.85,255,
55.72,-2.20,-1.53,-1.06,0.84,-0.40,0.26,0.37,0.24,-0.33,-60.35,-57.14,221.94,34.85,255,
55.85,-2.09,-1.31,-0.99,0.84,-0.40,0.26,0.37,0.24,-0.32,-60.38,-57.35,222.10,34.85,255,
55.98,-2.36,-1.32,-1.07,0.84,-0.40,0.26,0.37,0.24,-0.33,-60.51,-56.92,222.00,34.85,255,
56.09,-2.15,-1.47,-0.69,0.84,-0.40,0.26,0.38,0.24,-0.33,-60.46,-57.10,221.61,34.85,255,
56.22,-2.22,-1.40,-1.30,0.84,-0.40,0.26,0.37,0.24,-0.33,-60.30,-57.24,221.32,34.85,255,
56.36,-2.35,-1.52,-1.22,0.84,-0.40,0.26,0.37,0.24,-0.34,-60.35,-57.03,221.86,34.85,255,
56.48,-2.49,-1.50,-1.17,0.84,-0.40,0.26,0.37,0.25,-0.33,-60.34,-57.38,222.37,34.85,255,
56.63,-1.95,-1.37,-0.96,0.84,-0.40,0.26,0.37,0.24,-0.33,-60.38,-57.59,222.04,34.85,255,
56.75,-2.06,-1.46,-1.14,0.84,-0.40,0.26,0.37,0.24,-0.33,-60.32,-56.86,221.09,34.85,255,
56.89,-2.18,-1.31,-1.05,0.84,-0.40,0.26,0.37,0.24,-0.34,-60.45,-57.26,221.72,34.85,255,
57.02,-2.15,-1.21,-1.03,0.84,-0.40,0.26,0.37,0.25,-0.33,-60.42,-57.32,222.56,34.85,255,
57.13,-2.27,-1.29,-0.93,0.84,-0.40,0.26,0.38,0.24,-0.33,-60.40,-57.20,221.21,34.85,255,
57.26,-2.05,-1.35,-1.23,0.84,-0.40,0.26,0.38,0.24,-0.33,-60.38,-57.43,221.67,34.85,255,
57.41,-2.31,-1.46,-1.20,0.84,-0.40,0.26,0.37,0.24,-0.34,-60.41,-57.17,221.71,34.85,255,
57.54,-2.23,-1.47,-1.29,0.84,-0.40,0.26,0.37,0.25,-0.32,-60.30,-57.37,222.34,34.85,255,
57.67,-2.24,-1.47,-1.16,0.84,-0.40,0.26,0.37,0.24,-0.32,-60.34,-57.06,221.53,34.85,255,
57.80,-2.09,-1.35,-0.96,0.84,-0.40,0.26,0.37,0.24,-0.33,-60.26,-56.85,221.89,34.85,255,
57.92,-2.23,-1.37,-0.97,0.84,-0.40,0.26,0.37,0.25,-0.33,-60.35,-57.08,222.66,34.85,255,
58.04,-2.28,-1.37,-1.05,0.84,-0.40,0.26,0.37,0.24,-0.33,-60.53,-57.38,221.77,34.85,255,
58.17,-2.31,-1.45,-1.06,0.84,-0.40,0.26,0.37,0.24,-0.32,-60.28,-57.12,221.87,34.85,255,
58.32,-2.24,-1.53,-1.09,0.84,-0.40,0.26,0.37,0.24,-0.32,-60.34,-57.33,221.72,34.85,255,
58.45,-1.96,-1.41,-1.04,0.84,-0.40,0.26,0.37,0.25,-0.33,-60.45,-57.29,222.02,34.85,255,
58.58,-2.18,-1.50,-1.18,0.84,-0.40,0.25,0.37,0.24,-0.32,-60.48,-58.35,221.82,34.85,255,
58.69,-2.28,-1.41,-1.20,0.83,-0.40,0.25,0.37,0.24,-0.33,-60.60,-58.01,221.35,34.85,255,
58.84,-2.25,-1.33,-0.99,0.84,-0.40,0.26,0.37,0.24,-0.32,-60.32,-57.43,221.75,34.85,255,
58.97,-2.30,-1.40,-1.16,0.84,-0.40,0.26,0.37,0.24,-0.34,-60.40,-57.58,220.97,34.85,255,
59.08,-2.15,-1.35,-1.37,0.84,-0.40,0.26,0.37,0.24,-0.33,-60.43,-57.23,221.75,34.85,255,
59.22,-2.39,-1.28,-1.14,0.84,-0.40,0.26,0.36,0.24,-0.32,-60.46,-57.19,221.98,34.85,255,
59.36,-2.15,-1.44,-0.90,0.84,-0.40,0.26,0.37,0.25,-0.32,-60.33,-57.25,222.23,34.53,255,
59.49,-2.21,-1.29,-0.87,0.84,-0.40,0.26,0.37,0.24,-0.33,-60.29,-57.15,221.33,30.73,255,
59.62,-2.32,-1.50,-1.14,0.84,-0.40,0.26,0.37,0.24,-0.33,-60.40,-57.43,221.08,26.61,255,
59.73,-2.28,-1.47,-1.06,0.84,-0.40,0.26,0.37,0.24,-0.32,-60.31,-56.95,221.59,22.18,255,
59.88,-2.24,-1.50,-0.88,0.84,-0.40,0.26,0.37,0.24,-0.32,-60.47,-57.29,221.66,14.57,255,
60.00,-2.25,-1.34,-0.90,0.84,-0.40,0.26,0.37,0.24,-0.33,-60.39,-57.18,221.77,17.74,255,
60.12,-2.22,-1.28,-1.04,0.84,-0.40,0.26,0.36,0.24,-0.33,-60.41,-57.11,222.49,22.81,255,
60.27,-2.33,-0.07,-1.82,0.85,-0.41,0.25,0.37,0.24,-0.33,-60.51,-57.90,222.09,26.93,255,
60.39,-2.20,-1.52,-1.65,0.82,-0.41,0.26,0.37,0.24,-0.33,-59.33,-57.86,221.48,31.37,255,
60.51,-2.13,-1.23,-0.84,0.83,-0.39,0.26,0.37,0.24,-0.33,-60.45,-56.57,221.98,34.53,255,
60.64,-2.21,-1.50,-1.05,0.84,-0.40,0.26,0.37,0.24,-0.34,-60.37,-56.57,221.75,34.53,255,
60.77,-2.28,-1.57,-1.14,0.84,-0.40,0.26,0.38,0.24,-0.34,-60.54,-56.85,221.09,34.53,255,
60.93,-2.41,-1.49,-1.20,0.84,-0.40,0.26,0.37,0.25,-0.33,-60.40,-57.14,222.42,34.53,255,
61.05,-2.18,-1.40,-1.22,0.84,-0.40,0.26,0.37,0.24,-0.33,-60.48,-57.21,221.69,34.22,255,
61.17,-2.59,-1.50,-1.35,0.84,-0.40,0.26,0.37,0.24,-0.33,-60.20,-57.15,221.81,34.22,255,
61.29,-2.17,-1.44,-1.23,0.84,-0.40,0.26,0.37,0.24,-0.33,-60.49,-57.41,221.83,34.22,255,
61.44,-2.15,-1.42,-0.90,0.84,-0.40,0.26,0.37,0.24,-0.34,-60.39,-56.86,220.96,34.22,255,
61.55,-2.15,-1.53,-1.12,0.83,-0.40,0.26,0.37,0.24,-0.33,-60.10,-56.97,221.69,34.22,255,
61.70,-2.09,-1.51,-1.23,0.84,-0.40,0.26,0.37,0.24,-0.33,-60.46,-57.38,221.47,34.22,255,
61.81,-2.15,-1.45,-1.14,0.84,-0.40,0.26,0.37,0.25,-0.32,-60.25,-57.08,222.19,34.22,255,
61.94,-2.26,-1.27,-1.14,0.84,-0.40,0.26,0.37,0.24,-0.33,-60.23,-57.05,222.00,34.22,255,
62.07,-2.30,-1.37,-1.01,0.84,-0.40,0.26,0.37,0.24,-0.33,-60.48,-56.90,221.56,34.22,255,
62.20,-2.15,-1.47,-1.10,0.84,-0.40,0.25,0.37,0.24,-0.33,-60.51,-57.82,221.05,34.22,255,
62.35,-2.37,-1.43,-1.11,0.84,-0.40,0.26,0.37,0.24,-0.34,-60.23,-56.93,221.02,34.22,255,
62.48,-2.36,-1.46,-1.15,0.84,-0.40,0.26,0.37,0.24,-0.33,-60.43,-56.73,221.30,34.22,255,
62.59,-2.19,-1.50,-1.16,0.85,-0.40,0.26,0.37,0.24,-0.33,-60.77,-56.99,221.87,34.22,255,
62.72,-2.11,-1.61,-0.90,0.85,-0.40,0.26,0.37,0.24,-0.33,-60.85,-57.24,221.95,33.90,255,
62.86,-2.39,-1.29,-1.14,0.85,-0.40,0.27,0.37,0.24,-0.33,-60.52,-55.98,221.63,34.22,255,
62.98,-2.30,-1.41,-1.04,0.84,-0.40,0.25,0.37,0.24,-0.33,-60.43,-57.87,221.44,34.22,255,
63.11,-2.21,-1.48,-1.37,0.83,-0.41,0.26,0.37,0.24,-0.33,-59.87,-57.09,221.26,34.22,255,
63.26,-2.24,-1.59,-1.16,0.84,-0.40,0.26,0.37,0.24,-0.34,-60.16,-56.86,221.36,34.53,255,
63.38,-2.25,-1.51,-1.08,0.84,-0.40,0.26,0.37,0.24,-0.33,-60.28,-57.30,221.69,34.85,255,
63.52,-2.22,-1.52,-1.11,0.84,-0.40,0.26,0.37,0.24,-0.32,-60.42,-56.79,221.33,34.85,255,
63.63,-2.44,-1.61,-1.08,0.84,-0.40,0.26,0.38,0.24,-0.33,-60.38,-56.98,220.98,34.85,255,
63.76,-2.15,-1.27,-1.00,0.84,-0.40,0.24,0.37,0.25,-0.33,-60.89,-59.08,221.89,34.85,255,
63.90,-2.21,-1.30,-1.02,0.84,-0.40,0.27,0.37,0.24,-0.33,-60.29,-56.28,221.72,34.85,255,
64.02,-2.26,-1.36,-1.20,0.84,-0.40,0.25,0.37,0.24,-0.33,-60.54,-57.67,221.04,34.85,255,
64.15,-2.18,-1.41,-0.76,0.84,-0.40,0.26,0.38,0.24,-0.33,-60.32,-56.87,220.78,34.85,255,
64.28,-2.21,-1.46,-1.21,0.84,-0.40,0.26,0.37,0.24,-0.33,-60.19,-57.50,221.70,34.85,255,
64.41,-2.02,-1.24,-1.10,0.84,-0.40,0.26,0.37,0.24,-0.34,-60.33,-57.72,221.29,34.85,255,
64.55,-2.39,-1.24,-1.10,0.84,-0.40,0.26,0.37,0.24,-0.33,-60.20,-56.91,221.40,34.85,255,
64.67,-2.19,-1.43,-1.05,0.84,-0.40,0.25,0.37,0.24,-0.34,-60.48,-57.65,221.34,34.85,255,
64.81,-2.14,-1.61,-1.29,0.84,-0.40,0.25,0.37,0.24,-0.34,-60.37,-57.90,221.69,34.85,255,
64.94,-2.39,-1.47,-1.41,0.84,-0.40,0.26,0.37,0.24,-0.34,-60.34,-57.58,221.07,34.85,255,
65.06,-1.97,-1.70,-1.37,0.83,-0.41,0.26,0.38,0.24,-0.34,-59.73,-57.80,220.80,34.53,255,
65.22,-2.20,-1.70,-1.22,0.84,-0.41,0.26,0.38,0.24,-0.33,-60.22,-57.07,220.79,34.53,255,
65.35,-2.12,-1.46,-0.86,0.84,-0.40,0.26,0.37,0.24,-0.33,-60.18,-57.05,221.29,34.53,255,
65.46,-2.15,-1.42,-0.91,0.84,-0.40,0.26,0.37,0.24,-0.34,-60.16,-56.93,221.37,34.53,255,
65.58,-2.04,-1.35,-1.06,0.84,-0.40,0.26,0.37,0.24,-0.34,-60.13,-57.09,221.33,34.85,255,
65.74,-2.36,-1.41,-1.22,0.84,-0.40,0.26,0.37,0.24,-0.33,-60.18,-56.79,221.55,34.53,255,
65.85,-2.28,-1.38,-1.02,0.84,-0.40,0.26,0.37,0.24,-0.33,-60.32,-56.68,221.32,34.85,255,
65.99,-2.20,-1.32,-0.78,0.84,-0.40,0.26,0.37,0.24,-0.33,-60.40,-57.33,221.32,34.53,255,
66.10,-2.27,-1.43,-1.11,0.84,-0.40,0.27,0.37,0.24,-0.33,-60.06,-56.41,221.56,34.22,255,
66.25,-2.23,-1.41,-0.99,0.84,-0.40,0.26,0.37,0.24,-0.34,-60.47,-56.97,221.03,34.53,255,
66.36,-2.18,-1.36,-0.62,0.87,-0.40,0.25,0.37,0.24,-0.34,-61.77,-58.42,221.04,34.85,255,
66.49,-2.30,-1.11,-0.91,0.85,-0.40,0.26,0.37,0.24,-0.33,-60.66,-56.97,221.60,34.85,255,
66.62,-1.77,-1.44,-1.20,0.84,-0.41,0.26,0.37,0.24,-0.33,-60.27,-57.85,221.39,34.53,255,
66.75,-2.13,-1.35,-0.79,0.84,-0.40,0.26,0.37,0.23,-0.33,-60.47,-57.46,220.82,34.85,255,
66.89,-2.30,-1.31,-0.67,0.84,-0.40,0.26,0.37,0.24,-0.33,-60.46,-57.18,222.01,34.85,255,
67.03,-2.09,-1.25,-0.93,0.82,-0.40,0.27,0.37,0.24,-0.33,-59.51,-55.25,221.09,34.85,255,
67.16,-2.21,-1.45,-0.81,0.84,-0.40,0.25,0.37,0.24,-0.33,-60.64,-57.58,221.66,34.85,255,
67.28,-2.12,-1.37,-1.16,0.85,-0.40,0.26,0.37,0.24,-0.33,-60.58,-57.29,221.96,34.85,255,
67.40,-2.11,-1.51,-1.02,0.84,-0.40,0.26,0.36,0.24,-0.33,-60.33,-56.98,222.03,34.85,255,
67.55,-2.16,-1.38,-0.78,0.84,-0.40,0.26,0.37,0.23,-0.33,-60.42,-57.31,221.00,34.85,255,
67.66,-2.20,-1.42,-1.01,0.84,-0.40,0.26,0.37,0.24,-0.33,-60.54,-57.36,221.98,34.85,255,
67.80,-2.30,-1.53,-1.28,0.84,-0.40,0.26,0.37,0.24,-0.34,-60.29,-56.97,221.85,34.85,255,
67.92,-2.10,-1.42,-0.96,0.84,-0.40,0.26,0.37,0.24,-0.34,-60.35,-57.20,221.93,34.85,255,
68.05,-2.41,-1.49,-1.35,0.84,-0.41,0.27,0.37,0.23,-0.33,-59.90,-56.93,220.83,34.85,255,
68.20,-2.59,-1.37,-1.11,0.83,-0.39,0.27,0.37,0.23,-0.34,-60.47,-55.02,220.82,34.85,255,
68.32,-2.30,-1.29,-0.97,0.84,-0.40,0.26,0.37,0.24,-0.34,-60.52,-56.80,221.28,34.85,255,
68.47,-2.20,-1.46,-1.17,0.84,-0.40,0.26,0.37,0.24,-0.34,-60.21,-57.25,221.42,34.85,255,
68.58,-2.33,-1.45,-1.27,0.84,-0.40,0.26,0.37,0.24,-0.34,-60.35,-57.17,221.76,34.85,255,
68.71,-2.35,-1.50,-1.29,0.84,-0.40,0.26,0.37,0.24,-0.34,-60.35,-56.89,221.63,34.85,255,
68.83,-2.20,-1.37,-1.11,0.84,-0.40,0.26,0.36,0.24,-0.33,-60.40,-57.12,222.39,34.85,255,
68.99,-2.36,-1.53,-1.03,0.84,-0.40,0.26,0.37,0.25,-0.33,-60.34,-56.95,222.40,34.85,255,
69.09,-2.47,-1.46,-1.09,0.84,-0.40,0.26,0.37,0.24,-0.34,-60.29,-56.86,220.96,34.85,255,
69.24,-2.22,-1.37,-0.98,0.84,-0.40,0.26,0.37,0.24,-0.34,-60.39,-57.22,221.68,34.85,255,
69.36,-2.01,-1.50,-0.96,0.84,-0.40,0.26,0.37,0.24,-0.33,-60.36,-56.67,221.96,34.85,255,
69.48,-2.24,-1.38,-0.96,0.84,-0.40,0.26,0.37,0.24,-0.33,-60.39,-57.44,221.45,34.85,255,
69.63,-2.18,-1.51,-1.01,0.84,-0.40,0.26,0.37,0.24,-0.34,-60.22,-57.15,221.41,34.85,255,
69.74,-2.24,-1.60,-1.23,0.84,-0.40,0.26,0.37,0.24,-0.34,-60.41,-57.23,221.76,34.85,255,
69.89,-2.14,-1.33,-0.99,0.84,-0.40,0.26,0.37,0.24,-0.34,-60.32,-57.28,221.67,34.85,255,
70.00,-2.27,-1.59,-1.26,0.84,-0.40,0.26,0.37,0.24,-0.34,-60.40,-56.75,221.39,34.85,255,
70.14,-2.27,-1.56,-1.23,0.84,-0.40,0.26,0.37,0.24,-0.33,-60.33,-56.81,221.62,34.85,255,
70.26,-2.41,-1.52,-0.90,0.84,-0.40,0.26,0.37,0.24,-0.33,-60.43,-57.38,222.05,34.85,255,
70.40,-2.24,-1.50,-1.33,0.84,-0.40,0.26,0.37,0.24,-0.33,-60.52,-57.00,221.17,34.85,255,
70.52,-2.23,-1.40,-0.93,0.84,-0.40,0.25,0.37,0.24,-0.33,-60.65,-58.00,221.38,34.85,255,
70.66,-2.12,-1.41,-1.26,0.84,-0.40,0.26,0.37,0.24,-0.34,-60.51,-56.98,221.54,34.85,255,
70.81,-2.37,-1.43,-1.27,0.84,-0.40,0.26,0.37,0.24,-0.33,-60.52,-57.28,221.65,34.85,255,
70.91,-2.05,-1.47,-1.41,0.84,-0.40,0.26,0.37,0.24,-0.33,-60.29,-56.97,221.06,34.85,255,
71.04,-2.32,-1.47,-1.28,0.84,-0.40,0.26,0.37,0.24,-0.34,-60.45,-57.43,221.55,34.85,255,
71.19,-2.12,-1.62,-1.08,0.84,-0.40,0.26,0.37,0.23,-0.33,-60.19,-57.67,220.89,34.85,255,
71.30,-2.32,-1.49,-1.02,0.84,-0.40,0.26,0.37,0.24,-0.34,-60.41,-56.88,221.10,34.85,255,
71.46,-2.47,-1.49,-1.11,0.84,-0.40,0.26,0.37,0.24,-0.33,-60.40,-57.40,221.18,34.85,255,
71.57,-2.38,-1.43,-1.04,0.84,-0.40,0.26,0.37,0.24,-0.33,-60.42,-57.33,221.27,34.85,255,
71.69,-2.39,-1.47,-0.91,0.84,-0.40,0.26,0.37,0.24,-0.33,-60.58,-57.21,222.06,34.85,255,
71.84,-2.03,-1.41,-1.23,0.84,-0.40,0.26,0.37,0.25,-0.33,-60.48,-57.44,222.15,34.85,255,
71.95,-2.26,-1.60,-1.07,0.84,-0.40,0.26,0.37,0.24,-0.33,-60.36,-56.91,222.25,34.85,255,
72.08,-2.18,-1.53,-1.29,0.84,-0.40,0.25,0.37,0.24,-0.34,-60.48,-57.55,221.52,34.85,255,
72.23,-2.44,-1.46,-1.14,0.84,-0.40,0.26,0.37,0.25,-0.33,-60.31,-57.47,222.24,34.85,255,
72.34,-2.18,-1.27,-0.95,0.84,-0.40,0.26,0.37,0.24,-0.33,-60.42,-57.09,221.70,34.53,255,
72.47,-2.21,-1.35,-0.88,0.84,-0.40,0.26,0.37,0.24,-0.33,-60.46,-57.03,222.32,34.22,255,
72.62,-2.38,-1.46,-1.12,0.84,-0.40,0.26,0.37,0.24,-0.33,-60.49,-57.17,221.60,34.22,255,
72.74,-2.34,-1.26,-1.05,0.84,-0.40,0.26,0.37,0.24,-0.34,-60.20,-57.40,221.75,34.53,255,
72.86,-2.21,-1.50,-1.08,0.84,-0.40,0.26,0.37,0.24,-0.33,-60.54,-57.47,221.78,34.85,255,
73.02,-2.21,-1.53,-1.17,0.84,-0.40,0.26,0.37,0.24,-0.34,-60.30,-56.89,221.36,34.85,255,
73.12,-2.26,-1.60,-1.06,0.84,-0.40,0.26,0.36,0.24,-0.34,-59.98,-56.88,221.72,34.85,255,
73.28,-2.28,-1.27,-1.17,0.84,-0.40,0.27,0.36,0.24,-0.34,-60.14,-56.44,222.01,32.63,255,
73.40,-2.36,-1.44,-1.02,0.84,-0.40,0.26,0.37,0.24,-0.33,-60.50,-57.00,221.42,23.13,255,
73.51,-2.18,-1.36,-1.08,0.84,-0.40,0.26,0.37,0.24,-0.33,-60.40,-57.10,222.02,14.57,255,
73.66,-2.39,-1.37,-1.20,0.83,-0.40,0.26,0.37,0.25,-0.33,-60.26,-57.16,222.35,16.16,255,
73.77,-2.12,-1.40,-1.07,0.84,-0.40,0.26,0.37,0.24,-0.33,-60.25,-56.57,221.59,25.98,255,
73.93,-2.35,-1.45,-1.00,0.84,-0.40,0.26,0.37,0.24,-0.34,-60.21,-56.74,221.66,32.32,255,
74.05,-2.27,-1.55,-0.96,0.84,-0.40,0.27,0.37,0.24,-0.34,-60.23,-56.24,221.61,34.85,255,
74.18,-2.37,-1.45,-1.24,0.84,-0.40,0.26,0.37,0.24,-0.33,-60.49,-57.39,221.72,34.85,255,
74.29,-2.50,-1.51,-1.18,0.84,-0.40,0.25,0.37,0.24,-0.33,-60.53,-57.55,221.59,34.85,255,
74.45,-2.22,-1.44,-1.07,0.84,-0.40,0.26,0.37,0.24,-0.34,-60.33,-57.29,221.45,34.85,255,
74.56,-2.39,-1.44,-1.13,0.84,-0.40,0.26,0.36,0.24,-0.34,-60.28,-56.99,221.59,34.85,255,
74.71,-1.98,-1.47,-1.12,0.84,-0.40,0.26,0.37,0.24,-0.34,-60.27,-57.21,221.24,34.85,255,
74.92,-2.37,-1.48,-1.05,0.84,-0.41,0.24,0.37,0.24,-0.34,-60.73,-59.51,221.35,34.85,255,
75.02,-2.22,-1.49,-0.98,0.84,-0.40,0.25,0.37,0.24,-0.34,-60.78,-57.76,221.43,34.85,255,
75.22,-2.11,-1.41,-1.24,0.84,-0.41,0.29,0.36,0.24,-0.33,-59.16,-55.00,222.39,34.85,255,
75.23,-2.18,-1.37,-1.27,0.84,-0.40,0.26,0.37,0.24,-0.33,-60.33,-57.55,222.01,34.85,255,
75.33,-2.12,-1.81,-1.19,0.84,-0.40,0.26,0.37,0.24,-0.33,-60.38,-57.51,221.98,34.85,255,
75.48,-2.39,-1.32,-1.06,0.84,-0.40,0.25,0.37,0.25,-0.32,-60.67,-57.33,222.36,34.85,255,
75.60,-2.41,-1.46,-1.30,0.84,-0.40,0.26,0.37,0.24,-0.34,-60.49,-57.52,221.37,34.85,255,
75.72,-2.10,-1.43,-0.99,0.84,-0.40,0.25,0.37,0.24,-0.34,-60.61,-57.50,221.23,34.85,255,
75.87,-2.43,-1.57,-1.01,0.84,-0.40,0.26,0.36,0.24,-0.33,-60.44,-57.27,221.85,34.85,255,
75.98,-2.18,-1.44,-1.00,0.84,-0.40,0.25,0.36,0.24,-0.33,-60.90,-57.84,221.87,34.85,255,
76.13,-2.40,-1.22,-1.02,0.84,-0.40,0.26,0.37,0.24,-0.33,-60.35,-56.50,221.50,34.85,255,
76.26,-2.27,-1.55,-1.08,0.84,-0.40,0.27,0.37,0.23,-0.34,-60.06,-56.39,220.88,34.85,255,
76.39,-2.24,-1.29,-1.05,0.84,-0.40,0.27,0.37,0.23,-0.33,-60.21,-56.56,221.08,34.85,255,
76.50,-2.01,-1.41,-1.00,0.84,-0.40,0.25,0.37,0.24,-0.34,-60.64,-57.99,221.03,34.85,255,
76.65,-2.29,-1.37,-0.96,0.84,-0.40,0.26,0.37,0.24,-0.34,-60.36,-56.65,221.08,34.85,255,
76.77,-2.40,-1.41,-1.05,0.84,-0.40,0.26,0.37,0.24,-0.34,-60.46,-57.54,221.31,34.85,255,
76.89,-2.16,-1.43,-1.05,0.84,-0.40,0.26,0.36,0.24,-0.34,-60.39,-57.25,221.64,34.85,255,
77.04,-2.33,-1.59,-1.05,0.84,-0.40,0.26,0.37,0.23,-0.34,-60.38,-56.36,221.20,34.85,255,
77.17,-2.30,-1.44,-1.05,0.84,-0.40,0.26,0.36,0.23,-0.34,-60.39,-57.38,221.01,34.85,255,
77.28,-2.11,-1.29,-1.23,0.84,-0.40,0.26,0.37,0.24,-0.34,-60.18,-57.55,220.84,34.85,255,
77.43,-2.42,-1.70,-1.18,0.84,-0.40,0.26,0.36,0.24,-0.34,-60.32,-57.32,221.38,33.27,255,
77.55,-2.24,-1.41,-1.18,0.84,-0.40,0.26,0.37,0.24,-0.33,-60.55,-56.96,221.43,28.20,255,
77.67,-2.39,-1.47,-1.23,0.84,-0.40,0.26,0.37,0.24,-0.34,-60.30,-56.98,221.16,24.40,255,
77.82,-2.21,-1.32,-1.09,0.84,-0.40,0.26,0.37,0.24,-0.34,-60.29,-56.52,221.72,23.45,255,
77.94,-2.37,-1.54,-1.23,0.84,-0.40,0.26,0.37,0.24,-0.34,-60.30,-57.27,221.46,23.76,255,
78.08,-2.21,-1.34,-1.09,0.84,-0.40,0.26,0.37,0.24,-0.34,-60.41,-57.50,221.76,24.40,255,
78.23,-2.18,-1.40,-0.90,0.84,-0.40,0.26,0.37,0.24,-0.34,-60.36,-57.13,221.84,25.03,255,
78.32,-2.24,-1.26,-1.09,0.84,-0.40,0.26,0.36,0.24,-0.34,-60.37,-57.10,222.08,25.03,255,
78.47,-2.33,-1.32,-1.17,0.84,-0.40,0.26,0.37,0.24,-0.34,-60.37,-57.07,221.89,25.35,255,
78.59,-2.17,-1.58,-1.05,0.84,-0.40,0.27,0.37,0.24,-0.33,-60.00,-56.70,222.06,25.35,255,
78.71,-2.11,-1.47,-0.81,0.84,-0.40,0.26,0.37,0.24,-0.33,-60.32,-56.57,221.76,25.03,255,
78.86,-2.31,-1.41,-1.14,0.84,-0.40,0.26,0.37,0.24,-0.33,-60.49,-57.50,222.03,24.40,255,
78.98,-2.30,-1.54,-1.12,0.84,-0.40,0.26,0.36,0.24,-0.33,-60.30,-57.14,221.88,22.81,255,
79.11,-2.23,-1.61,-1.01,0.84,-0.40,0.26,0.37,0.24,-0.34,-60.33,-57.12,221.39,19.01,255,
79.25,-2.27,-1.50,-1.20,0.84,-0.40,0.26,0.37,0.25,-0.33,-60.26,-57.07,222.60,16.79,255,
79.36,-2.53,-1.19,-0.98,0.84,-0.40,0.26,0.37,0.24,-0.34,-60.40,-57.04,221.49,14.57,255,
79.49,-2.18,-1.46,-1.29,0.84,-0.40,0.26,0.37,0.24,-0.34,-60.43,-57.07,221.61,14.26,255,
79.64,-2.19,-1.84,-1.48,0.83,-0.42,0.26,0.37,0.24,-0.34,-59.18,-58.68,221.26,15.21,255,
79.75,-2.84,-1.35,-1.11,0.87,-0.41,0.28,0.37,0.24,-0.34,-60.40,-55.80,222.16,17.74,255,
79.89,-2.42,-1.29,-0.96,0.84,-0.40,0.26,0.36,0.24,-0.34,-60.11,-56.79,221.68,17.74,255,
80.01,-2.04,-1.56,-0.90,0.83,-0.40,0.26,0.37,0.24,-0.34,-59.85,-56.85,221.38,17.11,255,
80.16,-2.39,-1.40,-1.07,0.83,-0.41,0.27,0.36,0.24,-0.33,-59.70,-56.72,222.35,17.11,255,
80.27,-2.52,-1.50,-1.30,0.84,-0.40,0.26,0.37,0.24,-0.35,-60.03,-56.84,221.36,17.11,255,
80.43,-2.36,-1.44,-1.26,0.84,-0.40,0.26,0.37,0.24,-0.34,-60.38,-56.70,221.45,16.79,255,
80.55,-2.07,-1.48,-1.35,0.84,-0.42,0.26,0.37,0.24,-0.34,-59.62,-58.18,220.93,17.11,255,
80.67,-2.33,-1.59,-0.96,0.84,-0.40,0.26,0.37,0.24,-0.34,-60.33,-57.16,221.21,16.79,255,
80.82,-2.27,-1.28,-1.20,0.84,-0.40,0.26,0.37,0.24,-0.35,-60.45,-56.67,221.30,16.79,255,
80.94,-2.34,-1.51,-1.08,0.84,-0.40,0.26,0.37,0.24,-0.34,-60.48,-57.14,220.89,17.11,255,
81.05,-1.81,-1.51,-1.32,0.83,-0.39,0.28,0.37,0.24,-0.34,-60.01,-54.27,220.96,17.11,255,
81.19,-2.24,-1.26,-1.09,0.84,-0.39,0.26,0.37,0.24,-0.34,-60.52,-56.75,221.44,17.11,255,
81.34,-1.97,-2.19,-2.00,0.69,-0.00,0.38,0.37,0.24,-0.35,-60.81,-0.44,221.39,17.11,255,
81.46,-1.23,-3.29,-4.01,0.80,-0.33,0.34,0.37,0.24,-0.34,-59.36,-44.72,221.67,16.79,255,
81.60,-2.59,-1.77,-1.07,0.83,-0.40,0.27,0.37,0.23,-0.34,-59.91,-55.96,221.03,16.79,255,
81.70,-2.29,-1.31,-1.27,0.84,-0.42,0.25,0.37,0.24,-0.33,-60.13,-59.38,222.06,16.79,255,
81.85,-2.39,-1.41,-0.94,0.84,-0.40,0.25,0.37,0.24,-0.34,-60.64,-57.80,221.02,16.79,255,
81.98,-2.28,-1.47,-1.02,0.84,-0.40,0.26,0.37,0.24,-0.33,-60.40,-57.28,221.34,17.11,255,
82.09,-1.15,-0.11,3.04,0.85,-0.26,0.29,0.37,0.24,-0.34,-65.04,-41.68,221.72,16.79,255,
82.22,-2.21,-0.89,-0.70,0.85,-0.42,0.28,0.37,0.24,-0.34,-59.51,-56.11,221.54,17.11,255,
82.35,-2.41,-1.39,-0.66,0.85,-0.40,0.26,0.37,0.24,-0.34,-60.56,-57.54,220.99,17.11,255,
82.50,-2.26,-1.35,-1.08,0.81,-0.32,0.31,0.37,0.24,-0.33,-60.94,-46.18,221.57,16.79,255,
82.65,-2.32,-1.74,-1.34,0.84,-0.40,0.26,0.37,0.24,-0.34,-60.50,-57.16,221.56,16.79,255,
82.74,-2.33,-0.96,-0.68,0.84,-0.39,0.25,0.37,0.23,-0.33,-61.03,-57.14,221.00,16.48,255,
82.87,-2.63,-1.94,-1.88,0.87,-0.34,0.24,0.37,0.23,-0.34,-64.16,-55.17,220.75,16.16,255,
83.03,-1.61,-3.20,-4.64,0.59,-0.59,0.27,0.37,0.24,-0.33,-42.36,-65.76,221.14,15.84,255,
83.15,-1.27,-1.87,0.44,1.05,-0.18,0.22,0.36,0.24,-0.34,-74.72,-39.18,222.12,15.84,255,
83.26,-2.74,-1.38,-0.10,0.91,-0.31,0.21,0.37,0.23,-0.35,-67.75,-55.41,220.61,15.52,255,
83.41,-2.91,-1.28,-0.60,0.86,-0.40,0.27,0.37,0.24,-0.34,-60.69,-55.80,221.15,15.52,255,
83.52,-2.56,-1.61,-2.01,0.84,-0.42,0.27,0.37,0.24,-0.34,-59.26,-56.84,222.17,15.84,255,
83.67,-2.38,-1.48,-1.44,0.84,-0.40,0.26,0.37,0.24,-0.34,-60.25,-56.70,221.31,16.79,255,
83.79,-2.42,-1.74,-1.38,0.84,-0.40,0.26,0.37,0.23,-0.34,-60.31,-57.32,221.09,18.06,255,
83.93,-2.55,-1.47,-1.02,0.84,-0.40,0.26,0.37,0.23,-0.34,-60.40,-57.01,220.94,19.64,255,
84.04,-2.56,-1.56,-1.23,0.84,-0.40,0.26,0.37,0.24,-0.33,-60.34,-57.11,221.23,20.91,255,
84.20,-2.12,-1.56,-0.96,0.84,-0.40,0.26,0.37,0.24,-0.34,-60.44,-57.21,221.36,22.18,255,
84.32,-2.29,-1.32,-1.09,0.84,-0.40,0.26,0.37,0.24,-0.34,-60.38,-56.99,221.80,23.76,255,
84.44,-2.45,-1.44,-1.34,0.84,-0.40,0.26,0.36,0.24,-0.34,-60.53,-57.29,221.68,25.35,255,
84.56,-2.47,-1.54,-1.06,0.84,-0.40,0.25,0.37,0.24,-0.34,-60.64,-57.40,221.53,24.08,255,
84.70,-2.42,-1.42,-1.23,0.84,-0.40,0.26,0.37,0.24,-0.34,-60.30,-56.92,221.61,22.81,255,
84.84,-2.29,-1.60,-0.93,0.84,-0.40,0.26,0.37,0.24,-0.33,-60.31,-56.34,221.55,23.13,255,
84.95,-2.24,-1.26,-1.09,0.84,-0.40,0.25,0.36,0.24,-0.33,-60.65,-57.56,222.42,23.45,255,
85.08,-2.21,-1.30,-1.18,0.84,-0.40,0.26,0.37,0.24,-0.34,-60.44,-56.76,221.48,23.45,255,
85.21,-2.35,-1.56,-0.96,0.84,-0.40,0.26,0.37,0.24,-0.35,-60.45,-57.20,221.36,23.13,255,
85.37,-2.28,-1.50,-0.92,0.84,-0.40,0.26,0.37,0.23,-0.34,-60.45,-56.95,220.58,22.50,255,
85.49,-2.18,-1.53,-1.12,0.84,-0.40,0.26,0.37,0.23,-0.34,-60.26,-57.54,221.11,21.23,255,
85.60,-2.47,-1.50,-0.99,0.84,-0.40,0.26,0.37,0.24,-0.34,-60.55,-56.98,221.18,20.28,255,
85.75,-2.24,-1.50,-1.19,0.84,-0.40,0.25,0.37,0.24,-0.33,-60.45,-57.53,221.42,19.64,255,
85.86,-2.50,-1.53,-1.13,0.84,-0.40,0.26,0.37,0.24,-0.34,-60.44,-57.19,221.47,19.64,255,
86.00,-2.44,-1.45,-1.11,0.84,-0.40,0.26,0.37,0.24,-0.35,-60.34,-57.60,221.35,19.64,255,
86.14,-2.09,-1.43,-1.17,0.84,-0.40,0.26,0.37,0.24,-0.34,-60.52,-57.08,221.72,19.96,255,
86.25,-2.30,-1.53,-1.08,0.84,-0.40,0.26,0.37,0.24,-0.34,-60.36,-57.31,221.62,20.28,255,
86.41,-2.18,-1.50,-1.00,0.84,-0.40,0.26,0.36,0.24,-0.34,-60.42,-56.88,221.99,20.91,255,
86.53,-2.19,-1.48,-0.84,0.84,-0.40,0.26,0.37,0.24,-0.34,-60.40,-57.49,222.05,21.54,255,
86.64,-2.24,-1.40,-1.06,0.84,-0.40,0.26,0.37,0.24,-0.34,-60.36,-57.63,221.72,21.86,255,
86.79,-2.27,-1.27,-1.17,0.84,-0.40,0.26,0.37,0.24,-0.34,-60.48,-57.30,222.11,21.86,255,
86.91,-2.24,-1.40,-1.27,0.84,-0.40,0.26,0.37,0.25,-0.34,-60.35,-57.20,222.28,22.18,255,
87.05,-2.32,-1.50,-0.95,0.84,-0.40,0.26,0.37,0.24,-0.33,-60.56,-57.17,221.58,22.18,255,
87.16,-2.51,-1.56,-1.05,0.84,-0.40,0.26,0.37,0.24,-0.34,-60.55,-57.11,221.42,21.86,255,
87.33,-2.30,-1.43,-1.24,0.84,-0.40,0.25,0.37,0.23,-0.34,-60.57,-57.65,220.84,21.54,255,
87.42,-2.24,-1.29,-0.99,0.84,-0.40,0.26,0.37,0.24,-0.33,-60.58,-57.35,221.53,21.23,255,
87.55,-2.32,-1.41,-1.02,0.84,-0.40,0.25,0.37,0.24,-0.34,-60.46,-57.83,221.07,20.91,255,
87.69,-2.36,-1.38,-1.06,0.84,-0.39,0.26,0.37,0.24,-0.34,-60.69,-56.84,220.96,20.91,255,
87.81,-2.25,-1.61,-1.00,0.84,-0.40,0.26,0.36,0.24,-0.34,-60.29,-57.22,221.53,20.91,255,
87.97,-2.28,-1.48,-1.11,0.84,-0.40,0.26,0.37,0.24,-0.34,-60.50,-57.53,221.44,20.91,255,
88.07,-2.21,-1.55,-1.01,0.84,-0.40,0.26,0.37,0.24,-0.34,-60.30,-57.19,221.22,20.91,255,
88.21,-2.24,-1.34,-0.99,0.84,-0.40,0.26,0.37,0.24,-0.34,-60.47,-57.40,221.21,20.91,255,
88.35,-2.50,-1.43,-1.22,0.84,-0.40,0.26,0.36,0.25,-0.34,-60.31,-56.67,222.49,20.91,255,
88.48,-2.42,-1.60,-0.87,0.84,-0.40,0.26,0.36,0.24,-0.34,-60.29,-56.81,221.81,21.23,255,
88.59,-2.30,-1.53,-1.26,0.84,-0.40,0.26,0.37,0.24,-0.34,-60.33,-57.15,221.39,21.54,255,
88.72,-2.18,-1.26,-1.17,0.84,-0.40,0.26,0.37,0.24,-0.34,-60.27,-56.53,222.11,21.86,255,
88.85,-2.03,-1.35,-0.93,0.84,-0.40,0.26,0.37,0.24,-0.34,-60.47,-57.29,221.72,21.86,255,
88.98,-2.22,-1.47,-1.14,0.84,-0.40,0.26,0.37,0.24,-0.34,-60.47,-57.13,221.51,21.86,255,
89.11,-2.35,-1.37,-1.02,0.84,-0.40,0.26,0.37,0.24,-0.34,-60.42,-57.43,221.51,21.86,255,
89.28,-2.16,-1.36,-1.08,0.84,-0.40,0.26,0.37,0.24,-0.34,-60.34,-56.99,221.67,22.18,255,
89.39,-2.46,-1.30,-1.02,0.84,-0.40,0.26,0.37,0.24,-0.34,-60.37,-57.45,221.34,22.18,255,
89.53,-2.26,-1.48,-0.91,0.84,-0.40,0.26,0.37,0.23,-0.34,-60.32,-57.02,220.72,22.18,255,
89.65,-2.18,-1.44,-0.79,0.84,-0.40,0.26,0.37,0.23,-0.34,-60.46,-57.30,220.99,22.18,255,
89.76,-2.22,-1.63,-1.07,0.84,-0.40,0.25,0.37,0.24,-0.33,-60.52,-57.69,221.77,22.18,255,
89.91,-2.31,-1.40,-0.95,0.84,-0.40,0.26,0.36,0.24,-0.33,-60.30,-56.52,222.34,22.18,255,
90.03,-2.27,-1.35,-1.05,0.84,-0.40,0.26,0.37,0.24,-0.33,-60.41,-57.11,221.56,22.18,255,
90.18,-2.23,-1.36,-1.24,0.84,-0.40,0.26,0.37,0.23,-0.33,-60.49,-57.34,220.75,22.18,255,
90.30,-2.21,-1.41,-1.05,0.84,-0.40,0.26,0.37,0.23,-0.33,-60.40,-57.05,220.87,21.86,255,
90.44,-2.34,-1.42,-1.14,0.84,-0.40,0.26,0.37,0.23,-0.33,-60.48,-57.28,221.02,21.86,255,
90.57,-2.49,-1.61,-1.17,0.84,-0.40,0.26,0.36,0.24,-0.33,-60.44,-57.19,222.20,21.86,255,
90.67,-2.39,-1.47,-1.19,0.84,-0.40,0.26,0.37,0.23,-0.34,-60.47,-57.33,221.22,21.86,255,
90.82,-2.30,-1.40,-1.13,0.84,-0.40,0.26,0.37,0.24,-0.34,-60.36,-57.26,220.97,21.86,255,
90.96,-2.46,-1.47,-1.13,0.84,-0.40,0.26,0.37,0.24,-0.33,-60.44,-56.87,221.28,21.86,255,
91.07,-2.33,-1.45,-1.13,0.84,-0.40,0.26,0.36,0.24,-0.34,-60.36,-57.16,221.81,22.18,255,
91.19,-2.46,-1.35,-1.02,0.84,-0.40,0.26,0.36,0.24,-0.33,-60.28,-57.09,222.12,22.18,255,
91.34,-2.20,-1.53,-1.11,0.84,-0.40,0.26,0.37,0.24,-0.33,-60.36,-57.19,221.33,22.18,255,
91.48,-2.43,-1.44,-0.87,0.84,-0.40,0.25,0.37,0.24,-0.34,-60.46,-57.48,221.82,21.86,255,
91.61,-2.30,-1.22,-1.20,0.84,-0.40,0.26,0.37,0.24,-0.33,-60.39,-57.27,221.55,21.86,255,
91.72,-2.36,-1.52,-1.02,0.84,-0.40,0.26,0.37,0.24,-0.34,-60.57,-57.09,221.03,21.54,255,
91.85,-2.12,-1.23,-1.07,0.84,-0.40,0.26,0.36,0.24,-0.33,-60.45,-57.26,221.44,20.91,255,
92.00,-2.27,-1.44,-1.11,0.84,-0.40,0.26,0.37,0.24,-0.34,-60.32,-56.96,221.34,20.59,255,
92.12,-2.33,-1.38,-1.26,0.84,-0.40,0.26,0.36,0.24,-0.34,-60.39,-57.39,221.75,20.28,255,
92.26,-2.26,-1.30,-1.18,0.84,-0.41,0.25,0.36,0.24,-0.33,-60.34,-58.34,222.13,20.28,255,
92.38,-2.20,-1.44,-1.12,0.84,-0.40,0.25,0.37,0.24,-0.33,-60.58,-57.96,221.69,20.28,255,
92.50,-2.27,-1.50,-1.35,0.84,-0.40,0.26,0.37,0.24,-0.33,-60.44,-57.24,221.61,20.28,255,
92.62,-2.30,-1.69,-1.27,0.84,-0.40,0.26,0.37,0.24,-0.33,-60.30,-56.56,221.91,18.69,255,
92.76,-2.25,-1.57,-1.18,0.84,-0.40,0.26,0.37,0.24,-0.34,-60.46,-57.12,221.31,16.79,255,
92.88,-2.33,-1.36,-1.04,0.84,-0.40,0.26,0.37,0.24,-0.33,-60.42,-57.02,221.82,16.16,255,
93.01,-2.20,-1.35,-1.00,0.84,-0.40,0.25,0.37,0.23,-0.33,-60.62,-57.68,221.09,15.84,255,
93.16,-2.28,-1.47,-1.07,0.84,-0.40,0.26,0.37,0.24,-0.33,-60.26,-57.52,221.41,15.84,255,
93.29,-2.27,-1.45,-1.14,0.84,-0.40,0.26,0.37,0.25,-0.33,-60.49,-57.30,222.41,15.52,255,
93.42,-2.03,-1.39,-0.87,0.84,-0.40,0.26,0.37,0.24,-0.33,-60.50,-57.17,221.89,15.52,255,
93.54,-2.24,-1.26,-1.20,0.84,-0.40,0.26,0.36,0.24,-0.34,-60.43,-57.32,221.89,15.52,255,
93.68,-2.22,-1.35,-1.01,0.84,-0.40,0.26,0.37,0.24,-0.33,-60.47,-57.39,221.44,15.52,255,
93.79,-2.16,-1.31,-1.14,0.84,-0.40,0.26,0.37,0.24,-0.34,-60.27,-56.94,221.71,15.84,255,
93.94,-2.36,-1.52,-1.08,0.84,-0.40,0.26,0.36,0.24,-0.34,-60.28,-57.50,222.29,15.84,255,
94.06,-2.37,-1.46,-1.04,0.84,-0.40,0.26,0.37,0.24,-0.33,-60.52,-57.44,221.93,15.84,255,
94.20,-2.21,-1.40,-1.05,0.84,-0.40,0.25,0.37,0.24,-0.33,-60.56,-57.51,221.60,15.21,255,
94.32,-2.46,-1.36,-1.14,0.84,-0.40,0.26,0.37,0.24,-0.33,-60.33,-57.16,222.31,15.84,255,
94.47,-2.30,-1.34,-1.45,0.84,-0.40,0.25,0.36,0.24,-0.34,-60.50,-57.91,222.49,25.98,255,
94.59,-2.31,-1.34,-1.19,0.84,-0.40,0.26,0.37,0.24,-0.33,-60.58,-56.96,221.26,33.90,255,
94.71,-1.99,-1.45,-1.08,0.84,-0.40,0.26,0.37,0.24,-0.34,-60.29,-57.47,221.18,34.85,255,
94.85,-2.25,-1.40,-1.26,0.84,-0.40,0.25,0.36,0.24,-0.33,-60.62,-57.56,221.45,34.85,255,
94.97,-2.16,-1.33,-0.95,0.84,-0.40,0.26,0.37,0.23,-0.33,-60.26,-56.46,221.11,34.85,255,
95.11,-2.31,-1.46,-1.05,0.84,-0.40,0.25,0.37,0.24,-0.33,-60.54,-57.79,222.09,34.85,255,
95.22,-2.21,-1.29,-1.07,0.84,-0.40,0.26,0.37,0.24,-0.34,-60.55,-57.16,221.43,34.85,255,
95.37,-2.20,-1.67,-1.28,0.84,-0.40,0.26,0.37,0.24,-0.34,-60.41,-56.95,221.62,34.85,255,
95.49,-2.16,-1.26,-1.26,0.84,-0.40,0.26,0.37,0.24,-0.33,-60.46,-57.11,222.21,34.85,255,
95.63,-2.36,-1.59,-1.08,0.84,-0.40,0.26,0.37,0.24,-0.33,-60.41,-56.63,221.67,34.85,255,
95.76,-2.27,-1.45,-0.96,0.84,-0.40,0.26,0.37,0.24,-0.33,-60.49,-57.34,221.48,34.85,255,
95.90,-2.29,-1.21,-0.91,0.84,-0.40,0.26,0.37,0.23,-0.33,-60.49,-57.15,220.89,34.85,255,
96.02,-2.41,-1.49,-1.11,0.84,-0.40,0.26,0.37,0.24,-0.33,-60.46,-56.81,221.38,34.53,255,
96.15,-2.15,-1.30,-1.11,0.84,-0.40,0.26,0.36,0.24,-0.33,-60.46,-57.41,221.94,34.53,255,
96.26,-2.19,-1.33,-1.20,0.84,-0.40,0.26,0.37,0.24,-0.33,-60.42,-57.26,221.62,34.53,255,
96.41,-2.21,-1.25,-1.08,0.84,-0.40,0.26,0.37,0.24,-0.34,-60.44,-57.41,221.45,34.53,255,
96.53,-2.23,-1.28,-1.01,0.84,-0.40,0.26,0.37,0.24,-0.33,-60.37,-57.30,221.80,34.53,255,
96.67,-2.41,-1.46,-1.11,0.84,-0.40,0.26,0.36,0.24,-0.33,-60.62,-56.82,222.10,34.53,255,
96.81,-2.28,-1.47,-1.19,0.84,-0.40,0.26,0.37,0.24,-0.33,-60.41,-57.46,221.51,34.53,255,
96.91,-2.09,-1.26,-0.96,0.84,-0.40,0.26,0.37,0.23,-0.33,-60.45,-57.22,220.91,34.53,255,
97.05,-2.25,-1.38,-1.04,0.84,-0.40,0.26,0.37,0.24,-0.33,-60.35,-57.16,221.20,34.85,255,
97.20,-2.02,-1.39,-0.90,0.84,-0.40,0.26,0.36,0.24,-0.33,-60.32,-57.46,221.91,34.53,255,
97.31,-2.15,-1.41,-1.10,0.84,-0.40,0.26,0.37,0.24,-0.32,-60.37,-57.01,221.91,34.53,255,
97.46,-2.34,-1.46,-1.02,0.84,-0.40,0.26,0.37,0.24,-0.32,-60.36,-57.45,221.95,34.53,255,
97.59,-2.15,-1.29,-1.21,0.84,-0.40,0.26,0.37,0.24,-0.34,-60.40,-57.48,221.32,34.53,255,
97.71,-2.24,-1.44,-0.99,0.84,-0.40,0.26,0.37,0.24,-0.33,-60.54,-57.12,221.92,34.53,255,
97.82,-2.25,-1.54,-1.00,0.84,-0.40,0.26,0.36,0.24,-0.34,-60.41,-57.18,222.33,34.53,255,
97.97,-2.24,-1.38,-1.01,0.84,-0.40,0.26,0.37,0.25,-0.33,-60.42,-57.28,222.31,34.53,255,
98.08,-2.18,-1.44,-1.35,0.84,-0.40,0.26,0.36,0.24,-0.33,-60.42,-57.17,222.46,34.53,255,
98.22,-2.17,-1.26,-0.89,0.84,-0.40,0.26,0.36,0.24,-0.33,-60.42,-57.22,221.89,34.53,255,
98.34,-2.36,-1.37,-1.08,0.84,-0.40,0.26,0.37,0.24,-0.34,-60.54,-57.58,221.61,34.53,255,
98.48,-2.39,-1.20,-1.09,0.84,-0.40,0.26,0.37,0.24,-0.33,-60.34,-57.10,221.57,34.53,255,
98.61,-2.27,-1.37,-1.01,0.84,-0.40,0.26,0.36,0.24,-0.33,-60.36,-57.23,221.84,34.53,255,
98.73,-2.26,-1.07,-1.14,0.84,-0.40,0.26,0.37,0.24,-0.33,-60.38,-57.00,222.18,34.53,255,
98.87,-2.13,-1.22,-1.23,0.84,-0.40,0.26,0.36,0.24,-0.34,-60.44,-57.33,221.76,34.53,255,
99.00,-2.07,-1.44,-1.20,0.84,-0.40,0.26,0.37,0.24,-0.34,-60.33,-57.34,221.36,34.53,255,
99.13,-2.30,-1.23,-1.15,0.84,-0.40,0.26,0.36,0.24,-0.33,-60.53,-57.21,221.52,34.53,255,
99.25,-2.16,-1.18,-1.05,0.84,-0.40,0.26,0.37,0.24,-0.33,-60.46,-57.29,221.95,34.53,255,
99.38,-2.26,-1.64,-1.02,0.84,-0.40,0.26,0.37,0.24,-0.33,-60.45,-57.28,221.15,34.53,255,
99.53,-2.37,-1.40,-1.21,0.84,-0.40,0.26,0.36,0.24,-0.33,-60.35,-57.05,222.24,34.53,255,
99.66,-2.25,-1.52,-0.95,0.84,-0.40,0.26,0.36,0.24,-0.32,-60.36,-57.13,222.17,34.53,255,
99.78,-2.16,-1.38,-1.19,0.84,-0.40,0.25,0.37,0.25,-0.34,-60.64,-57.54,222.49,34.53,255,
99.91,-2.04,-1.26,-0.91,0.84,-0.40,0.26,0.36,0.25,-0.33,-60.51,-57.08,222.79,34.53,255,
100.04,-2.39,-1.54,-1.21,0.84,-0.40,0.26,0.36,0.24,-0.33,-60.46,-57.27,222.13,34.53,255,
100.17,-2.15,-1.52,-1.23,0.84,-0.40,0.26,0.37,0.24,-0.34,-60.43,-57.39,221.60,34.53,255,
100.32,-2.29,-1.45,-0.99,0.84,-0.40,0.26,0.37,0.24,-0.33,-60.24,-57.11,221.99,34.53,255,
100.43,-2.29,-1.32,-1.14,0.84,-0.40,0.26,0.37,0.24,-0.33,-60.44,-57.15,221.75,34.53,255,
100.55,-2.15,-1.41,-0.96,0.84,-0.40,0.26,0.37,0.24,-0.33,-60.45,-57.20,221.84,34.53,255,
100.70,-2.35,-1.56,-0.91,0.84,-0.40,0.26,0.37,0.24,-0.33,-60.46,-57.32,221.69,34.53,255,
100.81,-2.35,-1.29,-1.17,0.84,-0.40,0.26,0.37,0.24,-0.33,-60.43,-57.08,221.58,34.53,255,
100.97,-2.24,-1.46,-1.20,0.84,-0.40,0.26,0.37,0.24,-0.34,-60.44,-57.53,221.29,34.53,255,
101.10,-2.49,-1.28,-1.01,0.84,-0.40,0.26,0.37,0.24,-0.33,-60.71,-57.25,221.03,34.53,255,
101.23,-2.34,-1.49,-1.00,0.84,-0.40,0.26,0.37,0.24,-0.33,-60.56,-57.41,221.07,34.53,255,
101.34,-1.94,-1.27,-0.96,0.84,-0.40,0.26,0.37,0.24,-0.33,-60.46,-57.41,221.83,34.53,255,
101.46,-2.29,-1.14,-0.99,0.84,-0.40,0.26,0.37,0.23,-0.32,-60.35,-57.22,220.78,34.53,255,
101.60,-2.18,-1.36,-1.10,0.84,-0.40,0.26,0.37,0.24,-0.33,-60.24,-57.22,221.59,34.53,255,
101.74,-2.12,-1.59,-1.42,0.84,-0.40,0.26,0.37,0.24,-0.33,-60.47,-57.40,221.53,34.53,255,
101.88,-1.94,-1.46,-0.75,0.84,-0.40,0.26,0.37,0.23,-0.33,-60.24,-57.22,220.92,34.53,255,
102.00,-2.37,-1.45,-1.30,0.84,-0.40,0.26,0.37,0.25,-0.32,-60.45,-57.33,222.32,34.53,255,
102.12,-2.25,-1.44,-1.12,0.84,-0.40,0.26,0.37,0.24,-0.33,-60.37,-57.16,221.71,34.53,255,
102.27,-2.26,-1.32,-1.28,0.84,-0.40,0.26,0.37,0.24,-0.33,-60.45,-56.99,221.40,34.53,255,
102.39,-2.24,-1.41,-1.18,0.84,-0.40,0.26,0.37,0.24,-0.32,-60.47,-57.23,221.23,34.53,255,
102.53,-2.23,-1.50,-1.16,0.84,-0.40,0.26,0.36,0.24,-0.33,-60.36,-57.37,221.99,34.53,255,
102.65,-2.15,-1.35,-1.16,0.84,-0.40,0.26,0.36,0.24,-0.33,-60.44,-57.48,222.33,34.53,255,
102.77,-2.21,-1.05,-1.03,0.84,-0.40,0.26,0.36,0.24,-0.33,-60.33,-57.15,221.77,34.53,255,
102.92,-2.31,-1.26,-1.17,0.84,-0.40,0.26,0.37,0.23,-0.33,-60.45,-57.13,220.86,34.53,255,
103.03,-2.43,-1.53,-1.15,0.84,-0.40,0.26,0.37,0.24,-0.32,-60.40,-57.06,221.54,34.53,255,
103.18,-2.19,-1.24,-0.98,0.84,-0.40,0.26,0.37,0.23,-0.34,-60.39,-57.16,221.09,34.53,255,
103.31,-2.19,-1.46,-1.03,0.84,-0.40,0.26,0.36,0.24,-0.33,-60.32,-57.18,221.42,34.53,255,
103.43,-2.21,-1.33,-1.14,0.84,-0.40,0.26,0.37,0.23,-0.33,-60.44,-57.27,220.67,34.53,255,
103.57,-2.35,-1.51,-1.11,0.84,-0.40,0.26,0.37,0.23,-0.33,-60.38,-57.16,221.05,34.53,255,
103.69,-2.12,-1.33,-1.06,0.84,-0.40,0.26,0.37,0.24,-0.32,-60.37,-57.29,222.01,34.53,255,
103.82,-2.30,-1.38,-1.19,0.84,-0.40,0.26,0.37,0.24,-0.33,-60.39,-57.11,221.56,34.53,255,
103.94,-2.24,-1.44,-1.17,0.84,-0.40,0.26,0.37,0.23,-0.33,-60.48,-57.31,221.15,34.53,255,
104.09,-2.43,-1.50,-1.12,0.84,-0.40,0.26,0.37,0.24,-0.33,-60.55,-57.11,222.06,34.53,255,
104.20,-2.21,-1.45,-1.10,0.84,-0.40,0.26,0.37,0.24,-0.33,-60.47,-57.37,221.42,34.53,255,
104.33,-2.24,-1.47,-1.02,0.84,-0.40,0.26,0.36,0.24,-0.34,-60.47,-57.01,222.00,34.53,255,
104.47,-2.21,-1.49,-1.06,0.84,-0.40,0.26,0.37,0.24,-0.33,-60.55,-57.29,221.25,34.53,255,
104.62,-2.56,-1.46,-1.14,0.84,-0.40,0.26,0.37,0.25,-0.33,-60.53,-57.10,222.04,34.53,255,
104.72,-2.41,-1.45,-1.29,0.84,-0.40,0.26,0.37,0.25,-0.33,-60.32,-57.15,222.43,34.53,255,
104.85,-2.24,-1.32,-1.00,0.84,-0.40,0.26,0.36,0.24,-0.33,-60.52,-57.32,222.36,34.53,255,
104.98,-2.30,-1.28,-1.12,0.84,-0.40,0.26,0.37,0.24,-0.33,-60.40,-57.26,221.43,34.53,255,
105.12,-2.23,-1.38,-1.07,0.84,-0.40,0.26,0.36,0.24,-0.33,-60.39,-57.31,221.74,34.85,255,
105.24,-2.27,-1.30,-0.96,0.84,-0.40,0.26,0.37,0.24,-0.33,-60.40,-57.09,221.78,34.85,255,
105.36,-2.14,-1.33,-0.91,0.84,-0.40,0.26,0.37,0.24,-0.34,-60.46,-57.40,221.50,34.85,255,
105.50,-2.11,-1.54,-1.14,0.84,-0.40,0.26,0.37,0.24,-0.33,-60.26,-57.20,221.41,34.85,255,
105.63,-2.18,-1.33,-1.14,0.84,-0.40,0.26,0.36,0.24,-0.34,-60.42,-57.12,221.56,34.85,255,
105.76,-2.30,-1.34,-0.78,0.84,-0.40,0.26,0.36,0.24,-0.34,-60.43,-57.03,221.98,34.85,255,
105.90,-2.25,-1.55,-1.24,0.84,-0.40,0.26,0.37,0.24,-0.34,-60.35,-57.30,221.43,34.53,255,
106.02,-2.42,-1.61,-1.41,0.84,-0.40,0.26,0.36,0.24,-0.33,-60.29,-57.31,222.51,34.53,255,
106.15,-2.27,-1.53,-1.21,0.84,-0.40,0.26,0.36,0.24,-0.33,-60.40,-57.18,221.94,34.53,255,
106.28,-2.30,-1.58,-1.18,0.84,-0.40,0.26,0.36,0.24,-0.33,-60.53,-57.38,222.25,34.53,255,
106.40,-2.42,-1.58,-1.15,0.84,-0.40,0.26,0.37,0.23,-0.33,-60.37,-57.22,220.85,34.53,255,
106.54,-2.27,-1.15,-1.27,0.84,-0.40,0.26,0.37,0.24,-0.33,-60.49,-57.27,221.71,34.53,255,
106.67,-2.45,-1.57,-1.08,0.84,-0.40,0.26,0.36,0.25,-0.34,-60.40,-57.34,223.17,34.53,255,
106.80,-2.24,-1.38,-1.10,0.84,-0.40,0.26,0.37,0.24,-0.33,-60.46,-56.90,221.63,34.53,255,
106.93,-2.21,-1.42,-0.87,0.84,-0.40,0.26,0.37,0.24,-0.33,-60.44,-57.56,221.98,34.53,255,
107.07,-2.27,-1.41,-1.22,0.84,-0.40,0.26,0.36,0.24,-0.33,-60.42,-57.33,222.10,34.53,255,
107.19,-2.40,-1.24,-0.82,0.84,-0.40,0.26,0.37,0.24,-0.33,-60.45,-57.14,222.02,34.53,255,
107.33,-2.23,-1.45,-1.06,0.84,-0.40,0.26,0.37,0.24,-0.33,-60.51,-57.15,221.36,34.53,255,
107.45,-2.24,-1.36,-0.85,0.84,-0.40,0.26,0.37,0.24,-0.34,-60.39,-57.13,221.39,34.53,255,
107.60,-2.22,-1.33,-0.70,0.84,-0.40,0.26,0.37,0.24,-0.34,-60.38,-56.94,222.09,34.53,255,
107.71,-2.44,-1.55,-1.12,0.84,-0.40,0.26,0.37,0.24,-0.33,-60.33,-57.24,220.91,34.53,255,
107.84,-2.02,-1.29,-0.82,0.84,-0.40,0.26,0.37,0.24,-0.33,-60.53,-57.29,221.24,34.85,255,
107.97,-2.35,-1.34,-1.32,0.84,-0.40,0.26,0.37,0.24,-0.33,-60.46,-57.19,221.85,34.53,255,
108.10,-2.41,-1.32,-1.13,0.84,-0.40,0.26,0.37,0.24,-0.33,-60.50,-57.28,221.65,34.53,255,
108.23,-2.09,-1.53,-0.92,0.84,-0.40,0.26,0.37,0.24,-0.33,-60.53,-57.06,221.42,34.85,255,
108.36,-2.25,-1.50,-0.84,0.84,-0.40,0.26,0.37,0.24,-0.33,-60.42,-57.22,222.20,34.53,255,
108.52,-2.19,-1.46,-1.08,0.84,-0.40,0.26,0.37,0.24,-0.33,-60.37,-57.27,221.89,34.53,255,
108.64,-2.23,-1.53,-1.19,0.84,-0.40,0.26,0.37,0.24,-0.33,-60.37,-57.16,221.68,34.85,255,
108.76,-2.42,-1.34,-1.09,0.84,-0.40,0.26,0.37,0.24,-0.32,-60.38,-57.18,222.09,34.53,255,
108.90,-2.07,-1.44,-1.19,0.84,-0.40,0.26,0.37,0.24,-0.34,-60.26,-56.92,221.58,34.85,255,
109.01,-2.27,-1.53,-0.96,0.84,-0.40,0.26,0.37,0.23,-0.33,-60.55,-56.94,221.18,34.53,255,
109.16,-1.97,-1.41,-0.84,0.84,-0.40,0.26,0.37,0.24,-0.33,-60.33,-57.02,221.21,34.53,255,
109.30,-2.34,-1.47,-1.20,0.84,-0.40,0.26,0.37,0.24,-0.33,-60.47,-57.44,221.56,34.53,255,
109.42,-2.14,-1.44,-1.04,0.84,-0.40,0.26,0.37,0.24,-0.33,-60.34,-56.87,221.69,34.53,255,
109.53,-2.16,-1.51,-1.15,0.84,-0.40,0.26,0.37,0.24,-0.32,-60.43,-56.67,222.01,34.53,255,
109.67,-2.20,-1.44,-0.93,0.84,-0.40,0.26,0.37,0.24,-0.32,-60.42,-57.27,221.80,34.53,255,
109.79,-2.43,-1.54,-0.95,0.84,-0.40,0.26,0.37,0.23,-0.33,-60.51,-57.15,221.03,34.85,255,
109.94,-2.39,-1.41,-1.28,0.84,-0.40,0.26,0.37,0.24,-0.33,-60.40,-57.45,221.54,34.53,255,
110.06,-2.38,-1.23,-1.17,0.84,-0.40,0.26,0.37,0.24,-0.33,-60.40,-57.42,221.98,34.53,255,
110.18,-2.24,-1.32,-1.35,0.84,-0.40,0.26,0.36,0.24,-0.33,-60.43,-57.16,222.02,34.53,255,
110.31,-2.42,-1.51,-1.11,0.84,-0.40,0.26,0.37,0.24,-0.33,-60.46,-57.23,222.03,34.53,255,
110.44,-2.21,-1.22,-1.10,0.84,-0.40,0.26,0.37,0.24,-0.34,-60.30,-57.53,221.14,34.53,255,
110.57,-2.27,-1.48,-0.88,0.84,-0.40,0.26,0.37,0.24,-0.34,-60.38,-57.33,221.32,34.53,255,
110.70,-2.20,-1.43,-1.22,0.84,-0.40,0.26,0.37,0.24,-0.33,-60.46,-57.53,221.54,34.53,255,
110.83,-2.31,-1.46,-1.05,0.84,-0.40,0.26,0.37,0.24,-0.33,-60.29,-56.72,221.38,34.53,255,
110.95,-2.39,-1.44,-1.11,0.84,-0.40,0.26,0.37,0.23,-0.33,-60.38,-57.34,220.37,34.53,255,
111.10,-2.44,-1.53,-1.31,0.84,-0.40,0.26,0.37,0.23,-0.33,-60.41,-57.19,220.67,34.53,255,
111.22,-2.36,-1.36,-1.14,0.84,-0.40,0.26,0.37,0.24,-0.33,-60.46,-57.38,221.43,34.53,255,
111.37,-2.37,-1.43,-1.20,0.84,-0.40,0.26,0.37,0.24,-0.33,-60.40,-57.17,222.07,34.53,255,
111.48,-2.19,-1.50,-1.02,0.84,-0.40,0.26,0.36,0.24,-0.34,-60.44,-57.28,222.49,34.53,255,
111.60,-2.35,-1.50,-1.05,0.84,-0.40,0.26,0.36,0.24,-0.34,-60.28,-57.22,222.19,34.85,255,
111.74,-2.21,-1.51,-1.10,0.84,-0.40,0.26,0.37,0.25,-0.32,-60.34,-57.11,222.35,34.85,255,
111.87,-2.22,-1.35,-0.99,0.84,-0.40,0.26,0.37,0.24,-0.34,-60.57,-57.36,221.59,34.85,255,
112.02,-2.07,-1.38,-1.00,0.84,-0.40,0.26,0.37,0.24,-0.34,-60.36,-57.03,221.55,34.85,255,
112.13,-2.27,-1.24,-1.17,0.84,-0.40,0.26,0.37,0.24,-0.33,-60.46,-57.23,222.07,34.85,255,
112.27,-2.29,-1.43,-1.03,0.84,-0.40,0.26,0.36,0.24,-0.33,-60.60,-57.32,221.80,34.85,255,
112.39,-2.20,-1.47,-1.02,0.84,-0.40,0.26,0.36,0.24,-0.33,-60.28,-57.10,222.21,34.85,255,
112.53,-2.26,-1.39,-1.20,0.84,-0.40,0.26,0.37,0.24,-0.33,-60.34,-57.32,222.14,34.53,255,
112.65,-2.58,-1.45,-1.06,0.84,-0.40,0.26,0.36,0.24,-0.33,-60.28,-57.22,222.19,34.53,255,
112.80,-2.44,-1.20,-1.08,0.84,-0.40,0.26,0.37,0.24,-0.33,-60.43,-57.15,221.53,34.53,255,
112.93,-2.38,-1.42,-0.99,0.84,-0.40,0.26,0.36,0.25,-0.33,-60.26,-57.07,222.96,34.85,255,
113.04,-2.28,-1.50,-1.11,0.84,-0.40,0.26,0.37,0.24,-0.34,-60.36,-56.98,221.74,34.53,255,
113.17,-2.50,-1.47,-0.90,0.84,-0.40,0.26,0.36,0.24,-0.33,-60.46,-57.24,221.67,34.85,255,
113.30,-2.13,-1.23,-1.32,0.84,-0.40,0.25,0.36,0.24,-0.33,-60.69,-57.66,221.85,34.85,255,
113.45,-2.14,-1.70,-1.19,0.84,-0.40,0.26,0.37,0.23,-0.33,-60.42,-57.27,220.60,34.85,255,
113.56,-2.40,-1.38,-1.17,0.84,-0.40,0.26,0.37,0.24,-0.34,-60.40,-57.23,221.71,34.85,255,
113.71,-2.32,-1.32,-1.12,0.84,-0.40,0.26,0.36,0.24,-0.34,-60.54,-57.07,222.08,34.85,255,
113.84,-2.33,-1.38,-0.93,0.84,-0.40,0.26,0.36,0.24,-0.34,-60.38,-57.13,221.59,34.53,255,
113.96,-2.31,-1.43,-1.13,0.84,-0.40,0.26,0.36,0.24,-0.34,-60.50,-57.04,221.74,34.53,255,
114.08,-2.33,-1.35,-0.92,0.84,-0.40,0.26,0.37,0.24,-0.34,-60.40,-57.35,221.55,34.53,255,
114.22,-2.11,-1.47,-0.82,0.84,-0.40,0.26,0.36,0.24,-0.34,-60.45,-57.25,222.25,34.53,255,
114.34,-2.21,-1.45,-0.96,0.84,-0.40,0.26,0.36,0.24,-0.34,-60.46,-57.35,221.82,34.53,255,
114.47,-2.12,-1.27,-1.19,0.84,-0.40,0.26,0.36,0.24,-0.34,-60.35,-57.07,222.16,34.53,255,
114.60,-2.12,-1.33,-1.02,0.84,-0.40,0.26,0.37,0.24,-0.33,-60.43,-57.39,222.22,34.53,255,
114.75,-2.21,-1.34,-0.98,0.84,-0.40,0.26,0.37,0.24,-0.34,-60.43,-56.99,221.44,34.53,255,
114.88,-2.37,-1.35,-0.99,0.84,-0.40,0.26,0.37,0.23,-0.34,-60.36,-57.13,220.72,34.53,255,
114.99,-2.27,-1.41,-1.14,0.84,-0.40,0.26,0.37,0.23,-0.33,-60.37,-57.02,221.21,34.53,255,
115.12,-2.48,-1.26,-1.04,0.84,-0.40,0.26,0.36,0.24,-0.34,-60.37,-57.31,221.71,34.53,255,
115.25,-2.32,-1.41,-1.32,0.84,-0.40,0.26,0.37,0.24,-0.33,-60.34,-57.51,221.95,34.53,255,
115.39,-2.41,-1.36,-1.42,0.84,-0.40,0.26,0.37,0.24,-0.34,-60.39,-57.32,220.93,34.53,255,
115.51,-2.32,-1.37,-1.02,0.84,-0.40,0.25,0.37,0.24,-0.33,-60.47,-57.57,221.43,34.53,255,
115.66,-2.44,-1.32,-1.13,0.84,-0.40,0.26,0.37,0.24,-0.32,-60.28,-56.97,221.65,34.53,255,
115.77,-2.14,-1.42,-1.02,0.84,-0.40,0.26,0.37,0.23,-0.33,-60.20,-57.30,221.24,34.53,255,
115.91,-2.24,-1.30,-0.96,0.84,-0.40,0.25,0.36,0.24,-0.33,-60.35,-57.75,222.10,34.53,255,
116.06,-2.34,-1.47,-1.32,0.84,-0.40,0.26,0.36,0.24,-0.33,-60.32,-56.81,221.49,34.53,255,
116.18,-2.33,-1.71,-1.34,0.84,-0.40,0.26,0.37,0.24,-0.33,-60.57,-57.06,221.56,34.53,255,
116.31,-2.25,-1.38,-1.19,0.84,-0.40,0.26,0.37,0.23,-0.34,-60.53,-56.84,220.23,34.53,255,
116.45,-2.09,-1.35,-1.05,0.84,-0.40,0.26,0.37,0.24,-0.34,-60.22,-56.63,221.08,34.53,255,
116.57,-1.94,-1.43,-0.97,0.84,-0.40,0.26,0.37,0.24,-0.33,-60.55,-57.17,221.21,34.53,255,
116.72,-2.15,-1.60,-1.27,0.84,-0.40,0.26,0.37,0.24,-0.33,-60.39,-57.15,221.44,34.53,255,
116.81,-2.17,-1.30,-1.03,0.84,-0.40,0.25,0.37,0.24,-0.34,-60.42,-57.86,221.37,34.53,255,
116.96,-2.26,-1.16,-1.07,0.84,-0.40,0.26,0.37,0.23,-0.34,-60.41,-57.07,220.93,34.53,255,
117.09,-2.34,-1.38,-1.11,0.84,-0.40,0.26,0.38,0.24,-0.34,-60.42,-56.90,220.66,34.53,255,
117.22,-2.10,-1.45,-1.27,0.84,-0.40,0.26,0.37,0.24,-0.34,-60.54,-57.08,221.37,34.53,255,
117.34,-2.14,-1.45,-1.08,0.84,-0.40,0.26,0.37,0.24,-0.33,-60.46,-57.34,221.21,34.53,255,
117.46,-2.25,-1.47,-0.94,0.84,-0.40,0.26,0.37,0.25,-0.34,-60.49,-57.33,222.42,34.53,255,
117.61,-2.47,-1.53,-1.01,0.84,-0.40,0.26,0.37,0.24,-0.33,-60.44,-57.38,221.51,34.53,255,
117.74,-2.01,-1.35,-1.28,0.84,-0.40,0.26,0.37,0.24,-0.34,-60.48,-57.19,221.70,34.53,255,
117.86,-2.30,-1.23,-1.10,0.84,-0.40,0.26,0.37,0.24,-0.33,-60.29,-57.18,221.97,34.53,255,
118.00,-2.34,-1.33,-1.42,0.84,-0.40,0.26,0.37,0.24,-0.33,-60.40,-57.31,221.96,34.53,255,
118.12,-2.17,-1.47,-1.11,0.84,-0.40,0.26,0.37,0.24,-0.34,-60.36,-57.24,221.39,34.53,255,
118.24,-2.18,-1.20,-1.05,0.84,-0.40,0.26,0.37,0.24,-0.33,-60.45,-57.06,221.31,34.85,255,
118.39,-2.09,-1.20,-1.03,0.84,-0.40,0.25,0.37,0.24,-0.34,-60.43,-57.59,221.18,34.85,255,
118.54,-2.37,-1.52,-1.19,0.84,-0.40,0.26,0.37,0.24,-0.33,-60.33,-56.99,221.43,34.85,255,
118.65,-2.19,-1.26,-0.93,0.84,-0.40,0.26,0.37,0.24,-0.33,-60.36,-57.17,221.35,34.85,255,
118.77,-2.26,-1.40,-1.14,0.84,-0.40,0.26,0.36,0.24,-0.33,-60.35,-56.69,222.14,34.53,255,
118.89,-2.36,-1.45,-0.96,0.84,-0.40,0.26,0.37,0.24,-0.33,-60.44,-57.28,221.90,34.53,255,
119.04,-2.19,-1.39,-0.87,0.84,-0.40,0.26,0.36,0.24,-0.33,-60.47,-57.47,221.81,34.53,255,
119.16,-2.19,-1.38,-1.26,0.84,-0.40,0.26,0.37,0.24,-0.34,-60.47,-57.51,222.00,34.53,255,
119.30,-2.44,-1.34,-1.00,0.84,-0.40,0.26,0.37,0.24,-0.34,-60.40,-57.56,221.98,34.53,255,
119.42,-2.43,-1.39,-1.15,0.84,-0.40,0.26,0.37,0.24,-0.34,-60.55,-57.13,221.38,34.53,255,
119.55,-2.24,-1.46,-1.03,0.84,-0.39,0.26,0.37,0.25,-0.34,-60.79,-56.59,222.19,34.53,255,
119.69,-2.03,-1.46,-1.08,0.84,-0.40,0.26,0.37,0.24,-0.34,-60.57,-56.87,221.13,34.53,255,
119.80,-2.17,-1.23,-0.65,0.84,-0.40,0.25,0.37,0.23,-0.33,-60.64,-57.62,221.08,34.53,255,
119.95,-2.21,-1.39,-1.05,0.84,-0.40,0.25,0.37,0.24,-0.34,-60.65,-57.66,221.99,34.85,255,
120.06,-2.22,-1.63,-1.05,0.84,-0.40,0.26,0.37,0.23,-0.33,-60.39,-57.09,221.09,34.85,255,
120.21,-2.27,-1.35,-1.14,0.84,-0.40,0.26,0.37,0.24,-0.34,-60.55,-57.31,221.36,34.85,255,
120.33,-2.12,-1.31,-1.27,0.84,-0.40,0.26,0.37,0.24,-0.34,-60.51,-57.31,221.57,34.85,255,
120.45,-2.12,-1.40,-1.02,0.84,-0.40,0.26,0.37,0.24,-0.33,-60.32,-57.15,221.02,34.85,255,
120.58,-2.29,-1.52,-1.10,0.84,-0.40,0.26,0.37,0.24,-0.33,-60.45,-57.48,221.68,34.85,255,
120.73,-2.17,-1.43,-1.12,0.84,-0.40,0.26,0.37,0.23,-0.33,-60.45,-57.22,220.89,34.53,255,
120.85,-2.21,-1.35,-1.18,0.84,-0.40,0.25,0.37,0.23,-0.33,-60.44,-57.59,221.26,34.85,255,
120.97,-2.16,-1.46,-1.01,0.84,-0.40,0.26,0.38,0.24,-0.33,-60.47,-56.82,220.84,34.85,255,
121.12,-2.08,-1.39,-1.11,0.84,-0.40,0.26,0.37,0.24,-0.34,-60.25,-57.12,221.39,34.85,255,
121.24,-2.21,-1.47,-1.34,0.84,-0.40,0.26,0.37,0.25,-0.33,-60.37,-56.77,221.93,34.85,255,
121.36,-2.28,-1.43,-0.99,0.84,-0.40,0.26,0.37,0.23,-0.34,-60.51,-57.34,220.87,34.85,255,
121.51,-2.29,-1.25,-0.95,0.84,-0.40,0.26,0.37,0.24,-0.33,-60.64,-57.33,221.59,34.85,255,
121.62,-2.19,-1.29,-1.12,0.84,-0.40,0.26,0.36,0.23,-0.33,-60.32,-56.49,221.26,34.85,255,
121.75,-2.20,-1.30,-1.45,0.84,-0.40,0.26,0.37,0.24,-0.34,-60.45,-57.40,222.23,34.85,255,
121.90,-2.36,-1.44,-1.10,0.84,-0.40,0.26,0.37,0.24,-0.34,-60.41,-57.51,221.49,34.85,255,
122.02,-2.12,-1.36,-1.08,0.84,-0.40,0.26,0.37,0.24,-0.34,-60.53,-57.05,221.13,34.53,255,
122.14,-2.29,-1.26,-1.09,0.84,-0.40,0.26,0.37,0.23,-0.34,-60.33,-57.20,221.20,34.85,255,
122.29,-2.41,-1.32,-1.06,0.84,-0.40,0.25,0.37,0.24,-0.33,-60.56,-57.69,221.44,34.85,255,
122.40,-2.29,-1.30,-1.11,0.84,-0.40,0.26,0.37,0.24,-0.33,-60.43,-57.02,221.24,34.85,255,
122.53,-2.37,-1.44,-1.25,0.84,-0.40,0.26,0.37,0.24,-0.34,-60.17,-57.29,220.84,34.85,255,
122.69,-2.44,-1.43,-1.26,0.84,-0.40,0.26,0.37,0.24,-0.33,-60.39,-57.23,221.59,34.53,255,
122.81,-2.37,-1.43,-1.00,0.84,-0.40,0.26,0.38,0.24,-0.33,-60.49,-57.46,220.68,34.53,255,
122.92,-2.38,-1.59,-1.05,0.84,-0.40,0.26,0.37,0.24,-0.33,-60.34,-57.55,221.74,34.53,255,
123.05,-2.24,-1.49,-1.23,0.84,-0.40,0.26,0.37,0.24,-0.34,-60.45,-57.11,221.48,34.85,255,
123.21,-2.47,-1.44,-0.93,0.84,-0.40,0.26,0.37,0.24,-0.34,-60.54,-57.38,221.69,34.85,255,
123.33,-2.18,-1.52,-1.12,0.84,-0.40,0.26,0.36,0.24,-0.34,-60.33,-57.34,221.86,34.85,255,
123.45,-2.42,-1.29,-1.11,0.84,-0.40,0.26,0.37,0.24,-0.33,-60.38,-57.01,221.68,34.85,255,
123.56,-2.33,-1.26,-1.01,0.86,-0.40,0.26,0.37,0.24,-0.34,-60.86,-57.08,221.71,34.85,255,
123.72,-2.31,-1.37,-0.81,0.84,-0.40,0.26,0.37,0.24,-0.34,-60.51,-57.40,221.98,34.85,255,
123.83,-2.41,-1.23,-1.09,0.84,-0.40,0.26,0.37,0.24,-0.33,-60.48,-57.02,222.08,34.85,255,
123.97,-2.11,-1.20,-1.06,0.84,-0.40,0.26,0.37,0.24,-0.34,-60.46,-57.35,221.47,34.85,255,
124.11,-2.17,-1.39,-0.85,0.84,-0.40,0.26,0.37,0.24,-0.34,-60.45,-57.10,221.17,34.85,255,
124.24,-2.33,-1.44,-0.98,0.84,-0.40,0.26,0.37,0.24,-0.33,-60.54,-57.32,221.98,34.53,255,
124.35,-2.30,-1.49,-1.05,0.84,-0.40,0.26,0.37,0.24,-0.33,-60.40,-56.72,221.87,34.85,255,
124.50,-2.36,-1.23,-1.02,0.84,-0.40,0.26,0.37,0.24,-0.34,-60.44,-56.94,221.39,34.85,255,
124.62,-2.30,-1.44,-0.93,0.84,-0.40,0.26,0.37,0.24,-0.34,-60.42,-57.25,221.40,34.85,255,
124.77,-2.13,-1.40,-0.85,0.84,-0.40,0.26,0.37,0.23,-0.33,-60.38,-57.32,220.81,34.85,255,
124.87,-2.18,-1.59,-1.06,0.84,-0.40,0.26,0.37,0.24,-0.33,-60.30,-56.74,221.90,34.85,255,
125.02,-2.28,-1.36,-0.96,0.84,-0.40,0.26,0.37,0.24,-0.33,-60.36,-57.20,222.33,34.53,255,
125.15,-2.24,-1.38,-1.44,0.84,-0.40,0.26,0.37,0.24,-0.34,-60.49,-57.33,221.44,34.85,255,
125.27,-2.09,-1.52,-1.14,0.84,-0.40,0.26,0.36,0.24,-0.34,-60.44,-57.17,221.74,34.53,255,
125.39,-2.13,-1.41,-0.99,0.84,-0.40,0.26,0.36,0.24,-0.33,-60.35,-57.15,222.11,34.85,255,
125.54,-2.24,-1.47,-1.17,0.84,-0.40,0.26,0.37,0.24,-0.33,-60.35,-56.63,221.43,34.85,255,
125.67,-2.24,-1.36,-1.11,0.84,-0.40,0.26,0.37,0.24,-0.33,-60.30,-57.52,221.75,34.85,255,
125.79,-2.19,-1.28,-0.92,0.84,-0.40,0.26,0.36,0.24,-0.33,-60.38,-56.97,221.53,34.53,255,
125.93,-2.20,-1.65,-0.92,0.84,-0.40,0.26,0.37,0.23,-0.33,-60.41,-56.75,220.63,34.85,255,
126.06,-2.12,-1.31,-0.99,0.84,-0.40,0.26,0.37,0.23,-0.33,-60.39,-57.35,221.08,34.53,255,
126.19,-2.22,-1.39,-1.11,0.84,-0.40,0.26,0.37,0.24,-0.34,-60.22,-57.10,221.69,34.85,255,
126.32,-2.27,-1.47,-1.17,0.84,-0.40,0.26,0.37,0.24,-0.33,-60.61,-57.34,221.46,34.85,255,
126.44,-2.35,-1.40,-1.13,0.84,-0.40,0.26,0.37,0.24,-0.33,-60.39,-56.77,221.81,34.85,255,
126.59,-2.22,-1.67,-0.97,0.84,-0.40,0.26,0.37,0.23,-0.34,-60.34,-57.20,220.55,34.85,255,
126.71,-2.36,-1.64,-0.97,0.84,-0.40,0.26,0.37,0.24,-0.33,-60.49,-57.09,221.12,34.85,255,
126.82,-2.34,-1.43,-1.19,0.84,-0.40,0.26,0.37,0.23,-0.34,-60.33,-57.00,221.09,34.85,255,
126.95,-2.19,-1.56,-1.08,0.84,-0.40,0.25,0.37,0.23,-0.33,-60.54,-57.40,220.82,34.85,255,
127.11,-2.27,-1.45,-1.07,0.84,-0.40,0.26,0.37,0.24,-0.33,-60.33,-57.33,221.31,34.85,255,
127.23,-2.10,-1.62,-1.18,0.84,-0.40,0.26,0.37,0.23,-0.33,-60.48,-57.00,221.20,34.85,255,
127.34,-2.33,-1.57,-0.89,0.84,-0.40,0.26,0.37,0.23,-0.33,-60.40,-56.87,221.03,34.85,255,
127.49,-2.35,-1.46,-0.95,0.84,-0.40,0.26,0.37,0.24,-0.33,-60.37,-56.93,221.39,34.85,255,
127.62,-2.09,-1.50,-1.12,0.84,-0.40,0.26,0.37,0.24,-0.33,-60.36,-57.37,221.21,34.85,255,
127.75,-2.24,-1.36,-0.85,0.84,-0.40,0.26,0.37,0.24,-0.33,-60.49,-56.98,220.98,34.85,255,
127.88,-2.33,-1.56,-1.23,0.84,-0.40,0.26,0.37,0.24,-0.33,-60.41,-57.62,221.32,34.85,255,
128.01,-2.24,-1.41,-1.21,0.84,-0.40,0.26,0.37,0.23,-0.33,-60.50,-56.77,220.69,34.85,255,
128.14,-2.41,-1.26,-1.05,0.84,-0.40,0.26,0.37,0.24,-0.33,-60.30,-57.09,221.38,34.85,255,
128.27,-2.41,-1.49,-1.05,0.84,-0.40,0.26,0.36,0.24,-0.33,-60.48,-57.46,222.01,34.85,255,
128.40,-2.36,-1.11,-0.99,0.84,-0.40,0.26,0.37,0.23,-0.33,-60.45,-57.20,221.12,34.85,255,
128.51,-2.36,-1.52,-0.89,0.84,-0.40,0.26,0.37,0.23,-0.33,-60.36,-57.05,220.88,34.85,255,
128.65,-2.36,-1.53,-1.32,0.84,-0.40,0.26,0.37,0.24,-0.33,-60.42,-57.12,221.46,34.85,255,
128.77,-2.31,-1.50,-1.28,0.84,-0.40,0.26,0.37,0.24,-0.33,-60.58,-57.02,221.41,34.85,255,
128.92,-2.35,-1.51,-1.24,0.84,-0.40,0.26,0.37,0.24,-0.32,-60.36,-57.62,221.63,34.85,255,
129.04,-2.18,-1.37,-1.21,0.84,-0.40,0.26,0.37,0.25,-0.33,-60.53,-57.21,222.50,34.85,255,
129.16,-2.24,-1.47,-1.14,0.84,-0.40,0.26,0.36,0.24,-0.33,-60.51,-57.28,222.14,34.53,255,
129.29,-2.29,-1.26,-0.83,0.84,-0.40,0.26,0.36,0.24,-0.33,-60.28,-57.48,222.22,34.85,255,
129.42,-2.14,-1.47,-1.08,0.84,-0.40,0.26,0.37,0.23,-0.33,-60.72,-57.21,220.77,34.85,255,
129.57,-2.37,-1.32,-1.25,0.84,-0.40,0.25,0.37,0.24,-0.33,-60.60,-57.80,221.90,34.85,255,
129.70,-2.36,-1.50,-1.02,0.84,-0.40,0.26,0.37,0.24,-0.33,-60.26,-56.69,221.93,34.85,255,
129.83,-2.21,-1.29,-1.19,0.84,-0.40,0.26,0.37,0.24,-0.33,-60.37,-57.11,221.91,34.85,255,
129.95,-2.12,-1.41,-1.32,0.84,-0.40,0.26,0.37,0.24,-0.33,-60.32,-57.39,221.09,34.85,255,
130.09,-2.17,-1.41,-1.11,0.84,-0.41,0.26,0.37,0.24,-0.33,-60.29,-57.83,221.07,34.85,255,
130.21,-2.20,-1.32,-1.12,0.84,-0.40,0.25,0.36,0.24,-0.34,-60.44,-57.76,221.99,34.85,255,
130.34,-2.20,-1.44,-0.99,0.84,-0.41,0.26,0.37,0.23,-0.33,-60.22,-57.36,221.30,34.85,255,
130.47,-2.31,-1.61,-1.15,0.84,-0.40,0.26,0.37,0.23,-0.34,-60.43,-56.70,220.44,34.85,255,
130.59,-2.32,-1.40,-1.39,0.84,-0.40,0.26,0.37,0.24,-0.33,-60.33,-56.68,220.98,34.85,255,
130.74,-2.26,-1.44,-1.20,0.84,-0.40,0.26,0.37,0.24,-0.33,-60.36,-56.78,221.40,34.85,255,
130.85,-2.34,-1.40,-1.08,0.84,-0.40,0.26,0.36,0.24,-0.32,-60.37,-57.41,221.86,34.85,255,
130.98,-2.04,-1.28,-0.98,0.84,-0.40,0.26,0.37,0.24,-0.33,-60.47,-57.36,221.65,34.85,255,
131.11,-2.34,-1.47,-1.24,0.84,-0.40,0.26,0.37,0.24,-0.33,-60.42,-57.41,221.72,34.85,255,
131.27,-2.30,-1.37,-0.99,0.84,-0.40,0.26,0.37,0.24,-0.33,-60.38,-57.26,222.07,34.85,255,
131.37,-2.27,-1.23,-0.98,0.84,-0.40,0.26,0.37,0.23,-0.34,-60.36,-57.31,220.81,34.85,255,
131.50,-2.38,-1.56,-1.28,0.84,-0.40,0.26,0.37,0.24,-0.33,-60.34,-57.24,221.98,34.85,255,
131.65,-2.24,-1.58,-1.07,0.84,-0.40,0.26,0.37,0.24,-0.34,-60.37,-57.10,221.02,34.85,255,
131.78,-2.24,-1.41,-0.94,0.84,-0.40,0.26,0.37,0.24,-0.33,-60.50,-57.24,220.90,34.85,255,
131.91,-2.12,-1.26,-1.16,0.84,-0.40,0.26,0.37,0.23,-0.33,-60.26,-56.87,220.73,34.85,255,
132.05,-2.36,-1.44,-1.05,0.84,-0.40,0.26,0.37,0.24,-0.33,-60.42,-57.41,221.41,34.85,255,
132.17,-2.47,-1.52,-1.06,0.84,-0.40,0.26,0.37,0.24,-0.32,-60.40,-57.34,221.99,34.85,255,
132.28,-2.20,-1.45,-1.17,0.84,-0.40,0.26,0.37,0.24,-0.33,-60.55,-57.13,221.82,34.85,255,
132.44,-2.21,-1.38,-1.21,0.84,-0.40,0.26,0.37,0.24,-0.33,-60.38,-57.03,221.78,34.85,255,
132.54,-2.19,-1.43,-1.11,0.84,-0.40,0.26,0.37,0.23,-0.33,-60.27,-57.44,220.71,34.85,255,
132.67,-2.33,-1.54,-1.11,0.84,-0.40,0.26,0.37,0.24,-0.33,-60.46,-57.22,221.59,34.85,255,
132.80,-2.06,-1.61,-1.24,0.84,-0.40,0.26,0.37,0.24,-0.33,-60.36,-57.40,221.36,34.85,255,
132.96,-2.43,-1.43,-0.99,0.84,-0.40,0.25,0.37,0.23,-0.33,-60.61,-57.90,220.90,34.85,255,
133.08,-2.49,-1.41,-1.00,0.84,-0.40,0.26,0.36,0.23,-0.33,-60.44,-56.98,221.25,34.85,255,
133.21,-2.25,-1.20,-1.12,0.84,-0.40,0.26,0.37,0.24,-0.34,-60.37,-56.92,221.19,34.85,255,
133.34,-2.30,-1.35,-1.00,0.84,-0.40,0.26,0.37,0.25,-0.32,-60.37,-57.10,222.36,34.85,255,
133.47,-2.18,-1.56,-1.20,0.84,-0.40,0.26,0.37,0.24,-0.33,-60.34,-57.32,221.52,34.85,255,
133.58,-2.48,-1.34,-0.87,0.84,-0.40,0.25,0.37,0.24,-0.33,-60.40,-57.73,221.29,34.85,255,
133.73,-2.28,-1.39,-1.14,0.84,-0.40,0.26,0.37,0.24,-0.32,-60.42,-57.11,221.14,34.85,255,
133.84,-2.49,-1.33,-0.92,0.84,-0.40,0.26,0.36,0.24,-0.33,-60.30,-57.51,222.26,34.85,255,
133.97,-2.37,-1.37,-1.15,0.84,-0.40,0.26,0.37,0.24,-0.33,-60.47,-57.57,222.01,34.85,255,
134.11,-2.24,-1.39,-1.10,0.84,-0.40,0.26,0.37,0.24,-0.33,-60.35,-57.28,221.74,34.85,255,
134.23,-2.38,-1.47,-1.05,0.84,-0.40,0.26,0.36,0.24,-0.33,-60.24,-57.42,221.46,34.85,255,
134.38,-2.46,-1.38,-1.06,0.84,-0.40,0.26,0.38,0.23,-0.34,-60.35,-57.03,220.48,34.85,255,
134.49,-2.39,-1.50,-1.10,0.84,-0.40,0.26,0.37,0.24,-0.33,-60.42,-57.25,221.55,34.85,255,
134.63,-2.24,-1.41,-1.21,0.84,-0.40,0.26,0.37,0.24,-0.33,-60.34,-57.25,221.46,34.53,255,
134.89,-2.40,-1.52,-1.24,0.84,-0.40,0.26,0.37,0.24,-0.34,-60.52,-57.26,220.80,34.53,255,
135.20,-2.21,-1.54,-1.14,0.84,-0.40,0.26,0.37,0.24,-0.33,-60.46,-57.35,221.65,34.53,255,
135.22,-2.30,-1.33,-1.08,0.84,-0.40,0.26,0.37,0.24,-0.33,-60.34,-56.91,221.43,34.53,255,
135.25,-2.24,-1.34,-0.96,0.84,-0.40,0.26,0.37,0.24,-0.33,-60.21,-56.99,221.19,34.53,255,
135.29,-2.40,-1.35,-1.08,0.84,-0.40,0.26,0.37,0.23,-0.33,-60.41,-57.48,220.95,34.85,255,
135.42,-2.38,-1.67,-1.22,0.84,-0.40,0.25,0.37,0.24,-0.33,-60.55,-57.76,221.30,34.85,255,
135.54,-2.47,-1.31,-1.11,0.84,-0.40,0.26,0.37,0.24,-0.33,-60.59,-57.39,221.94,34.53,255,
135.68,-2.40,-1.58,-1.25,0.84,-0.40,0.26,0.37,0.23,-0.33,-60.49,-57.24,220.64,34.85,255,
135.80,-2.42,-1.38,-1.11,0.84,-0.40,0.26,0.37,0.23,-0.33,-60.27,-57.19,220.89,34.85,255,
135.93,-2.20,-1.38,-1.34,0.84,-0.40,0.26,0.36,0.24,-0.33,-60.42,-57.49,221.91,34.53,255,
136.05,-2.17,-1.32,-1.27,0.84,-0.40,0.26,0.37,0.24,-0.33,-60.42,-57.35,221.51,34.53,255,
136.18,-2.36,-1.35,-1.08,0.84,-0.40,0.26,0.37,0.23,-0.34,-60.58,-57.33,220.54,34.85,255,
136.32,-2.33,-1.35,-0.98,0.84,-0.40,0.26,0.37,0.23,-0.33,-60.61,-57.26,220.64,34.85,255,
136.44,-2.26,-1.45,-1.12,0.84,-0.40,0.26,0.37,0.24,-0.33,-60.33,-57.01,221.13,34.53,255,
136.59,-2.34,-1.37,-0.95,0.84,-0.40,0.26,0.37,0.23,-0.32,-60.35,-57.56,220.59,34.53,255,
136.70,-2.26,-1.43,-1.22,0.84,-0.40,0.26,0.37,0.24,-0.32,-60.43,-57.05,221.23,34.53,255,
136.84,-2.27,-1.53,-0.88,0.84,-0.40,0.26,0.37,0.24,-0.34,-60.52,-57.14,221.54,34.53,255,
136.98,-2.21,-1.39,-1.11,0.84,-0.40,0.26,0.37,0.24,-0.33,-60.43,-57.35,221.33,34.53,255,
137.11,-2.21,-1.41,-1.12,0.84,-0.40,0.26,0.37,0.23,-0.34,-60.49,-57.36,220.99,34.53,255,
137.22,-2.32,-1.48,-1.20,0.84,-0.40,0.26,0.37,0.24,-0.34,-60.50,-57.35,221.00,34.85,255,
137.37,-2.36,-1.39,-1.20,0.84,-0.40,0.26,0.37,0.24,-0.33,-60.54,-57.29,221.20,34.53,255,
137.50,-2.27,-1.42,-0.99,0.84,-0.40,0.26,0.37,0.25,-0.33,-60.50,-57.00,222.06,34.53,255,
137.63,-2.39,-1.52,-1.00,0.84,-0.40,0.26,0.37,0.24,-0.32,-60.46,-57.35,221.31,34.85,255,
137.76,-2.27,-1.34,-1.14,0.84,-0.41,0.23,0.37,0.24,-0.33,-60.70,-60.37,221.13,34.85,255,
137.88,-2.48,-1.31,-0.96,0.84,-0.40,0.25,0.37,0.23,-0.33,-60.51,-58.14,220.69,34.85,255,
138.00,-2.22,-1.36,-1.01,0.84,-0.40,0.26,0.37,0.24,-0.33,-60.26,-56.95,221.51,34.85,255,
138.13,-2.14,-1.38,-1.12,0.84,-0.40,0.26,0.37,0.24,-0.33,-60.44,-57.44,221.51,34.85,255,
138.28,-2.22,-1.35,-1.16,0.84,-0.40,0.27,0.37,0.24,-0.34,-60.08,-56.73,221.01,34.85,255,
138.41,-2.41,-1.28,-1.10,0.84,-0.40,0.27,0.37,0.24,-0.34,-60.13,-56.56,221.35,34.85,255,
138.53,-2.40,-1.53,-1.26,0.84,-0.40,0.26,0.37,0.23,-0.34,-60.52,-57.46,220.88,34.85,255,
138.66,-2.14,-1.47,-1.10,0.84,-0.40,0.26,0.37,0.25,-0.33,-60.28,-57.22,222.22,34.85,255,
138.79,-2.48,-1.45,-1.07,0.84,-0.40,0.26,0.37,0.24,-0.32,-60.33,-56.97,221.84,34.53,255,
138.92,-2.33,-1.39,-1.09,0.84,-0.40,0.26,0.36,0.24,-0.33,-60.36,-57.04,221.72,34.53,255,
139.06,-2.36,-1.60,-1.30,0.84,-0.40,0.25,0.37,0.24,-0.33,-60.53,-57.53,221.91,34.85,255,
139.18,-2.34,-1.48,-1.20,0.84,-0.40,0.26,0.37,0.24,-0.33,-60.40,-57.13,222.29,34.53,255,
139.30,-2.29,-1.32,-0.92,0.84,-0.40,0.26,0.37,0.24,-0.33,-60.31,-57.06,221.15,34.53,255,
139.44,-2.33,-1.35,-0.81,0.84,-0.40,0.26,0.37,0.24,-0.33,-60.39,-57.34,221.20,34.53,255,
139.58,-2.43,-1.33,-1.10,0.84,-0.40,0.26,0.37,0.24,-0.34,-60.35,-57.48,221.42,34.53,255,
139.69,-2.11,-1.39,-1.07,0.84,-0.40,0.26,0.37,0.23,-0.34,-60.45,-56.92,221.20,34.53,255,
139.83,-2.33,-1.29,-1.20,0.84,-0.40,0.26,0.37,0.24,-0.33,-60.38,-57.19,221.28,34.53,255,
139.97,-2.31,-1.38,-0.98,0.84,-0.40,0.25,0.37,0.23,-0.34,-60.55,-57.42,221.17,34.53,255,
