2017-02-02-14-50-01
0
ophthalmoscope
D
0.00,103.29,255,
0.00,-2.07,-1.52,-1.56,0.84,-0.14,0.44,0.38,0.02,-0.31,-60.99,-17.80,191.65,103.29,255,
0.01,-2.27,-1.71,-1.20,0.84,-0.14,0.44,0.38,0.02,-0.32,-60.97,-17.92,191.39,103.29,255,
0.02,-2.15,-1.50,-1.55,0.84,-0.14,0.44,0.38,0.02,-0.32,-60.96,-17.85,191.00,103.29,255,
0.04,-2.30,-1.67,-1.63,0.84,-0.14,0.45,0.38,0.02,-0.32,-60.87,-17.68,190.96,103.29,255,
0.05,-2.13,-1.55,-1.50,0.84,-0.14,0.45,0.38,0.01,-0.32,-60.86,-17.59,190.83,103.29,255,
0.05,-2.30,-1.43,-1.37,0.84,-0.14,0.44,0.38,0.01,-0.32,-60.94,-17.77,190.00,103.29,255,
0.06,-2.21,-1.50,-1.53,0.84,-0.14,0.45,0.38,0.01,-0.32,-60.92,-17.83,190.05,103.29,255,
0.06,-2.32,-1.55,-1.38,0.84,-0.14,0.44,0.38,0.01,-0.32,-60.99,-17.86,190.10,103.29,255,
0.07,-2.31,-1.63,-1.43,0.84,-0.14,0.44,0.38,0.02,-0.32,-61.00,-17.65,191.21,103.29,255,
0.07,-2.32,-1.56,-1.45,0.84,-0.14,0.45,0.38,0.01,-0.32,-60.77,-17.77,190.15,103.29,255,
0.08,-2.14,-1.62,-1.32,0.84,-0.14,0.45,0.38,0.01,-0.32,-60.87,-17.77,189.96,103.29,255,
0.08,-2.15,-1.35,-1.22,0.84,-0.14,0.44,0.38,0.02,-0.31,-60.95,-17.97,191.12,103.29,255,
0.09,-2.14,-1.49,-1.64,0.84,-0.14,0.44,0.38,0.01,-0.32,-60.94,-18.02,189.71,103.29,255,
0.09,-2.21,-1.29,-1.56,0.84,-0.14,0.45,0.38,0.01,-0.31,-60.78,-17.70,190.25,103.29,255,
0.10,-2.19,-1.58,-1.50,0.84,-0.14,0.44,0.38,0.01,-0.31,-61.01,-17.76,190.09,103.29,255,
0.10,-2.10,-1.71,-1.45,0.84,-0.14,0.45,0.38,0.01,-0.31,-60.93,-17.68,189.62,103.29,255,
0.11,-2.21,-1.36,-1.40,0.84,-0.14,0.44,0.38,0.01,-0.32,-60.91,-17.88,189.54,103.29,255,
0.11,-2.18,-1.59,-1.43,0.84,-0.14,0.44,0.38,0.01,-0.32,-60.97,-18.00,190.14,103.29,255,
0.12,-2.19,-1.59,-1.44,0.84,-0.14,0.45,0.38,0.01,-0.31,-60.82,-17.79,190.21,103.29,255,
0.12,-2.39,-1.53,-1.37,0.84,-0.14,0.45,0.38,0.01,-0.32,-60.86,-17.82,189.44,103.29,255,
0.13,-2.27,-1.70,-1.43,0.84,-0.14,0.45,0.38,0.01,-0.32,-60.96,-17.71,189.74,103.29,255,
0.13,-2.20,-1.60,-1.41,0.84,-0.14,0.45,0.38,0.01,-0.31,-60.97,-17.58,190.26,103.29,255,
0.14,-2.06,-1.54,-1.43,0.84,-0.15,0.45,0.38,0.01,-0.32,-60.82,-18.07,190.14,103.29,255,
0.15,-2.09,-1.30,-1.17,0.84,-0.14,0.44,0.38,0.01,-0.32,-61.08,-17.64,190.71,103.29,255,
0.26,-2.15,-1.62,-1.55,0.84,-0.14,0.44,0.38,0.02,-0.31,-60.86,-17.73,190.94,103.29,255,
0.41,-2.12,-1.23,-1.47,0.84,-0.14,0.44,0.38,0.01,-0.31,-60.89,-17.92,190.76,103.29,255,
0.54,-2.44,-1.44,-1.40,0.84,-0.14,0.44,0.38,0.01,-0.32,-61.11,-17.71,190.01,103.29,255,
0.66,-2.03,-1.47,-1.44,0.84,-0.14,0.45,0.38,0.01,-0.32,-60.87,-17.93,189.91,103.29,255,
0.80,-2.13,-1.52,-1.36,0.84,-0.14,0.45,0.38,0.02,-0.32,-60.81,-17.89,190.91,103.29,255,
0.90,-2.24,-1.55,-1.51,0.84,-0.14,0.45,0.38,0.01,-0.31,-60.77,-17.73,190.32,103.29,255,
1.06,-2.27,-1.56,-1.52,0.84,-0.14,0.44,0.38,0.01,-0.32,-60.97,-17.70,190.06,103.29,255,
1.18,-2.18,-1.45,-1.47,0.84,-0.15,0.44,0.38,0.02,-0.31,-61.02,-18.12,191.38,103.29,255,
1.32,-2.25,-1.56,-1.38,0.84,-0.14,0.45,0.39,0.01,-0.32,-60.76,-17.84,189.89,103.29,255,
1.42,-2.12,-1.42,-1.32,0.84,-0.14,0.45,0.38,0.01,-0.31,-60.87,-17.44,189.75,103.29,255,
1.57,-2.14,-1.47,-1.57,0.84,-0.14,0.45,0.38,0.02,-0.31,-60.82,-17.86,191.15,103.29,255,
1.69,-2.19,-1.46,-1.53,0.84,-0.14,0.44,0.37,0.01,-0.31,-61.02,-17.63,190.76,103.29,255,
1.84,-2.13,-1.88,-1.31,0.84,-0.14,0.45,0.38,0.01,-0.31,-60.74,-17.72,190.27,103.29,255,
1.96,-2.19,-1.46,-1.56,0.84,-0.14,0.44,0.38,0.01,-0.31,-61.00,-17.82,190.56,103.29,255,
2.08,-2.18,-1.29,-1.49,0.84,-0.14,0.44,0.37,0.01,-0.32,-60.92,-17.88,190.10,103.29,255,
2.23,-2.15,-1.73,-1.31,0.84,-0.14,0.44,0.38,0.01,-0.32,-60.98,-17.67,189.88,103.29,255,
2.35,-2.23,-1.44,-1.30,0.84,-0.14,0.45,0.38,0.01,-0.31,-60.87,-17.81,190.01,103.29,255,
2.48,-2.18,-1.52,-1.49,0.84,-0.14,0.44,0.37,0.02,-0.31,-61.01,-17.96,191.01,103.29,255,
2.60,-2.16,-1.44,-1.56,0.84,-0.14,0.44,0.38,0.01,-0.31,-60.98,-17.68,190.43,103.29,255,
2.73,-2.18,-1.62,-1.49,0.84,-0.15,0.44,0.38,0.02,-0.31,-61.02,-18.27,191.04,103.29,255,
2.88,-2.25,-1.56,-1.59,0.84,-0.14,0.45,0.38,0.01,-0.31,-60.73,-17.59,189.81,103.29,255,
3.00,-2.33,-1.51,-1.29,0.84,-0.14,0.45,0.38,0.01,-0.31,-60.78,-17.61,190.50,103.29,255,
3.13,-2.24,-1.56,-1.70,0.84,-0.14,0.44,0.38,0.02,-0.31,-60.95,-17.92,191.26,103.29,255,
3.25,-2.27,-1.74,-1.57,0.84,-0.14,0.44,0.38,0.02,-0.31,-61.03,-17.71,191.17,103.29,255,
3.39,-2.04,-1.78,-1.64,0.84,-0.14,0.45,0.38,0.01,-0.32,-60.90,-17.76,189.57,103.29,255,
3.52,-2.16,-1.38,-1.29,0.84,-0.14,0.44,0.38,0.02,-0.31,-60.91,-17.96,191.11,103.29,255,
3.65,-2.16,-1.57,-1.15,0.84,-0.14,0.44,0.38,0.01,-0.31,-60.94,-18.04,190.83,103.29,255,
3.77,-2.12,-1.54,-1.64,0.84,-0.14,0.45,0.38,0.01,-0.31,-60.89,-17.78,190.45,103.29,255,
3.92,-2.35,-1.52,-1.37,0.84,-0.14,0.44,0.38,0.01,-0.30,-60.95,-17.78,190.53,103.29,255,
4.06,-2.04,-1.45,-1.46,0.84,-0.14,0.44,0.38,0.01,-0.31,-60.98,-17.77,190.64,103.29,255,
4.18,-2.12,-1.65,-1.61,0.84,-0.14,0.45,0.38,0.01,-0.31,-60.84,-18.01,190.76,103.29,255,
4.29,-1.95,-1.82,-1.32,0.84,-0.14,0.44,0.37,0.02,-0.31,-61.02,-17.85,191.77,103.29,255,
4.43,-2.28,-1.54,-1.39,0.84,-0.14,0.45,0.38,0.01,-0.32,-60.92,-17.81,190.24,103.29,255,
4.55,-2.53,-1.59,-1.46,0.84,-0.14,0.44,0.38,0.02,-0.31,-60.90,-18.05,191.34,103.29,255,
4.68,-2.01,-1.77,-1.43,0.84,-0.14,0.45,0.39,0.01,-0.32,-60.97,-17.81,190.49,103.29,255,
4.82,-2.15,-1.37,-1.70,0.84,-0.14,0.44,0.38,0.02,-0.32,-61.06,-17.55,191.70,103.29,255,
4.94,-2.27,-1.56,-1.38,0.84,-0.15,0.46,0.37,0.01,-0.32,-60.36,-17.82,189.93,103.29,255,
5.09,-2.31,-1.67,-1.44,0.84,-0.14,0.44,0.38,0.01,-0.31,-60.92,-17.69,190.49,103.29,255,
5.21,-2.10,-1.67,-1.31,0.84,-0.14,0.45,0.38,0.01,-0.31,-60.93,-17.95,190.27,103.29,255,
5.36,-2.27,-1.53,-1.45,0.84,-0.14,0.45,0.37,0.01,-0.31,-60.81,-17.75,190.47,103.29,255,
5.47,-1.88,-1.67,-1.24,0.84,-0.14,0.44,0.37,0.02,-0.31,-61.02,-17.98,190.96,103.29,255,
5.62,-2.30,-1.61,-1.56,0.84,-0.14,0.44,0.38,0.02,-0.31,-61.04,-17.75,191.29,103.29,255,
5.74,-2.25,-1.66,-1.51,0.84,-0.14,0.44,0.38,0.01,-0.31,-60.89,-18.01,190.32,103.29,255,
5.87,-2.23,-1.59,-1.14,0.84,-0.14,0.45,0.38,0.01,-0.31,-60.75,-17.79,190.65,103.29,255,
5.99,-2.14,-1.50,-1.39,0.84,-0.15,0.45,0.37,0.02,-0.31,-60.64,-18.12,191.15,103.29,255,
6.12,-2.28,-1.64,-1.70,0.84,-0.14,0.45,0.38,0.01,-0.31,-60.73,-17.91,190.57,103.29,255,
6.26,-2.30,-1.60,-1.31,0.84,-0.14,0.44,0.38,0.02,-0.31,-61.02,-17.90,191.05,103.29,255,
6.38,-2.27,-1.63,-1.50,0.84,-0.14,0.45,0.38,0.02,-0.32,-60.90,-17.73,191.44,103.29,255,
6.50,-1.97,-1.16,-1.34,0.84,-0.14,0.44,0.38,0.02,-0.32,-61.23,-17.87,190.87,103.29,255,
6.66,-2.08,-1.64,-1.44,0.84,-0.14,0.44,0.39,0.01,-0.31,-60.95,-18.07,190.72,103.29,255,
6.79,-2.19,-1.36,-1.60,0.84,-0.14,0.44,0.38,0.02,-0.32,-61.05,-17.88,190.95,103.29,255,
6.90,-2.34,-1.60,-1.44,0.84,-0.15,0.44,0.38,0.01,-0.32,-61.35,-18.46,190.80,103.29,255,
7.05,-2.18,-1.47,-1.41,0.84,-0.14,0.44,0.38,0.01,-0.31,-60.89,-17.91,190.52,103.29,255,
7.18,-2.18,-1.58,-1.33,0.84,-0.14,0.45,0.38,0.01,-0.32,-60.92,-17.84,190.74,103.29,255,
7.29,-2.27,-1.64,-1.61,0.84,-0.14,0.45,0.38,0.01,-0.31,-60.81,-17.89,190.50,103.60,255,
7.43,-2.18,-1.50,-1.50,0.84,-0.14,0.45,0.38,0.02,-0.31,-60.94,-17.65,190.99,103.60,255,
7.57,-2.12,-1.64,-1.41,0.84,-0.14,0.45,0.38,0.02,-0.31,-60.92,-17.72,190.92,103.92,255,
7.68,-2.23,-1.45,-1.44,0.84,-0.14,0.45,0.38,0.01,-0.31,-60.88,-17.80,190.54,104.24,255,
7.83,-2.30,-1.24,-1.58,0.84,-0.14,0.44,0.38,0.01,-0.32,-61.05,-17.60,190.72,103.92,255,
7.95,-2.12,-1.63,-1.36,0.84,-0.14,0.45,0.38,0.01,-0.30,-60.89,-17.56,190.14,103.29,255,
8.08,-2.11,-1.42,-1.37,0.84,-0.14,0.45,0.38,0.01,-0.31,-60.89,-17.77,190.36,94.10,255,
8.20,-2.14,-1.30,-1.35,0.90,-0.13,0.44,0.38,0.01,-0.31,-63.07,-17.16,190.66,76.99,255,
8.33,-1.97,-2.21,-2.29,0.83,-0.15,0.44,0.38,0.02,-0.31,-60.55,-18.89,190.96,62.73,255,
8.46,-2.59,-1.59,-1.09,0.84,-0.14,0.46,0.37,0.02,-0.32,-60.48,-17.06,190.96,60.20,255,
8.60,-2.09,-1.53,-1.47,0.83,-0.14,0.46,0.38,0.01,-0.32,-59.92,-17.22,190.51,60.51,255,
8.72,-2.17,-1.57,-1.53,0.84,-0.15,0.44,0.38,0.02,-0.32,-60.88,-18.12,190.85,56.08,255,
8.87,-2.74,-2.19,-1.08,0.84,-0.15,0.40,0.38,0.01,-0.31,-62.91,-20.65,190.27,52.28,255,
8.99,-2.58,-1.85,-1.31,0.83,-0.14,0.43,0.38,0.02,-0.31,-61.67,-18.70,191.43,54.50,255,
9.13,-2.29,-0.76,-1.20,0.86,-0.15,0.38,0.38,0.01,-0.31,-64.63,-22.36,190.46,58.61,255,
9.24,-0.70,3.10,0.82,0.82,-0.07,0.65,0.38,0.01,-0.32,-51.44,-5.74,190.42,60.20,255,
9.37,-1.76,-1.67,-1.61,0.95,0.01,0.88,0.38,0.01,-0.31,-47.17,0.88,189.99,60.20,255,
9.52,-1.96,-1.02,-1.07,0.92,-0.13,0.23,0.38,0.01,-0.32,-74.21,-29.23,189.95,59.25,255,
9.65,-0.61,-0.92,2.24,0.78,0.35,-0.20,0.38,0.02,-0.31,-62.80,119.81,191.06,58.61,255,
9.78,-1.11,1.82,-0.72,0.80,-0.11,0.39,0.38,0.01,-0.31,-63.47,-15.31,189.93,59.56,255,
9.90,-2.79,-1.30,-1.29,0.82,-0.17,0.38,0.38,0.01,-0.31,-63.29,-23.77,189.56,61.15,255,
10.02,-2.17,-1.19,-1.65,0.83,-0.17,0.54,0.38,0.01,-0.31,-55.76,-17.20,190.22,61.47,255,
10.16,-1.65,-0.81,-2.56,0.89,-0.27,-0.57,0.38,0.01,-0.31,-54.67,-154.44,190.62,61.47,255,
10.27,-2.03,-1.09,-1.02,0.78,-0.09,0.49,0.38,0.01,-0.32,-57.48,-10.01,190.74,61.47,255,
10.42,-2.25,-1.49,-1.11,0.85,-0.14,0.45,0.38,0.01,-0.31,-60.78,-17.25,190.63,61.15,255,
10.55,-1.94,-1.18,-1.09,0.86,-0.17,0.38,0.38,0.01,-0.31,-64.22,-23.91,190.45,61.15,255,
10.67,-2.99,-1.04,-0.73,0.86,-0.40,0.47,0.38,0.01,-0.32,-54.38,-40.44,190.33,60.51,255,
10.83,-2.33,-1.17,-1.35,0.83,-0.15,0.44,0.38,0.01,-0.31,-60.74,-18.51,189.89,59.88,255,
10.93,-1.72,-1.53,-1.44,0.86,-0.14,0.44,0.38,0.01,-0.31,-61.62,-17.69,189.78,59.56,255,
11.05,-3.72,1.55,-0.37,1.27,-1.17,-0.79,0.38,0.02,-0.32,-42.01,-123.93,190.90,59.25,255,
11.19,-1.67,-0.80,-0.81,0.86,-0.18,0.38,0.38,0.01,-0.31,-64.26,-25.23,190.07,58.61,255,
11.32,-1.96,-0.96,-1.47,0.85,-0.16,0.42,0.38,0.01,-0.31,-62.10,-20.66,190.73,57.66,255,
11.45,-2.36,-1.42,-1.34,0.84,-0.15,0.45,0.38,0.01,-0.32,-60.88,-18.48,190.08,37.07,255,
11.58,-2.11,-1.48,-1.52,0.85,-0.14,0.43,0.38,0.01,-0.31,-61.89,-18.54,190.11,24.08,255,
11.72,-2.13,-1.68,-1.51,0.84,-0.15,0.44,0.38,0.02,-0.31,-61.06,-18.41,190.89,53.23,255,
11.87,-2.56,-1.56,-1.53,0.84,-0.14,0.45,0.38,0.02,-0.31,-60.74,-17.51,191.61,53.54,255,
11.98,-3.63,5.21,-0.72,0.84,-0.11,0.47,0.38,0.01,-0.31,-60.12,-12.91,189.99,55.13,255,
12.10,-2.44,12.05,1.51,1.03,-0.11,0.57,0.38,0.01,-0.32,-60.75,-11.12,190.58,66.53,255,
12.23,-2.34,-2.11,-1.66,0.82,-0.13,0.44,0.38,0.02,-0.32,-60.94,-16.28,191.29,80.48,255,
12.35,-2.65,-1.93,-1.59,0.84,-0.14,0.45,0.38,0.01,-0.31,-60.63,-17.03,189.89,89.98,255,
12.50,-2.29,-1.61,-1.35,0.84,-0.14,0.46,0.38,0.01,-0.31,-60.34,-16.93,190.58,89.66,255,
12.62,-2.37,-1.64,-1.36,0.84,-0.14,0.45,0.38,0.01,-0.32,-60.61,-17.17,190.34,85.54,255,
12.75,-2.07,-1.56,-1.40,0.84,-0.14,0.45,0.38,0.01,-0.31,-60.62,-17.66,190.71,81.43,255,
12.88,-1.93,-1.17,-1.52,0.84,-0.14,0.44,0.38,0.01,-0.31,-60.98,-17.95,190.75,77.31,255,
13.00,-2.23,-1.25,-1.36,0.84,-0.15,0.44,0.38,0.02,-0.31,-60.99,-18.15,191.30,71.92,255,
13.14,-2.22,-1.33,-1.60,0.84,-0.14,0.44,0.37,0.02,-0.32,-61.02,-17.54,191.75,67.80,255,
13.30,-2.36,-1.35,-1.55,0.84,-0.14,0.44,0.38,0.02,-0.31,-61.04,-17.97,191.64,65.58,255,
13.40,-1.97,-1.38,-1.59,0.84,-0.14,0.44,0.38,0.02,-0.31,-61.09,-17.79,190.95,63.68,255,
13.53,-2.21,-1.65,-1.44,0.84,-0.14,0.44,0.38,0.02,-0.31,-60.98,-17.99,191.29,63.05,255,
13.69,-2.11,-1.56,-1.44,0.84,-0.14,0.44,0.38,0.01,-0.31,-61.05,-17.86,190.08,62.73,255,
13.79,-2.24,-1.54,-1.22,0.84,-0.14,0.44,0.38,0.01,-0.31,-61.10,-17.84,190.40,62.10,255,
13.92,-2.16,-1.57,-1.34,0.84,-0.14,0.44,0.38,0.01,-0.31,-61.05,-18.11,190.69,61.47,255,
14.05,-2.31,-1.45,-1.51,0.84,-0.15,0.45,0.38,0.01,-0.31,-60.89,-18.10,190.76,61.47,255,
14.20,-2.18,-1.45,-1.44,0.84,-0.14,0.44,0.38,0.02,-0.31,-61.00,-17.80,190.87,61.47,255,
14.32,-2.22,-1.67,-1.48,0.84,-0.14,0.44,0.38,0.02,-0.31,-60.89,-17.85,190.98,61.47,255,
14.44,-2.22,-1.71,-1.50,0.84,-0.14,0.44,0.38,0.01,-0.31,-60.98,-17.76,190.44,61.78,255,
14.57,-2.18,-1.50,-1.34,0.84,-0.14,0.44,0.38,0.02,-0.31,-60.99,-17.77,191.27,61.78,255,
14.70,-2.34,-1.47,-1.39,0.84,-0.14,0.44,0.38,0.01,-0.31,-61.03,-17.93,190.44,61.47,255,
14.83,-2.34,-1.66,-1.44,0.84,-0.14,0.44,0.38,0.01,-0.31,-61.07,-17.65,190.83,60.83,255,
14.96,-2.21,-1.64,-1.29,0.84,-0.14,0.45,0.38,0.01,-0.31,-60.94,-17.73,190.73,59.88,255,
15.09,-2.27,-1.55,-1.24,0.84,-0.14,0.44,0.38,0.02,-0.31,-60.99,-18.06,190.94,59.25,255,
15.22,-2.20,-1.70,-1.31,0.84,-0.14,0.44,0.38,0.01,-0.32,-61.11,-17.71,190.17,60.20,255,
15.35,-2.15,-1.64,-1.36,0.84,-0.14,0.44,0.38,0.02,-0.31,-60.98,-17.90,191.08,61.15,255,
15.48,-2.27,-1.59,-1.23,0.84,-0.14,0.44,0.38,0.01,-0.31,-61.03,-17.79,190.50,61.78,255,
15.64,-2.26,-1.55,-1.67,0.84,-0.15,0.45,0.38,0.01,-0.31,-60.86,-18.11,190.45,62.42,255,
15.76,-2.39,-1.48,-1.70,0.84,-0.14,0.45,0.38,0.01,-0.31,-60.89,-17.68,190.02,62.10,255,
15.89,-2.25,-1.61,-1.46,0.84,-0.14,0.44,0.38,0.01,-0.31,-61.04,-17.79,190.38,62.10,255,
16.02,-2.34,-1.56,-1.26,0.84,-0.14,0.44,0.38,0.01,-0.30,-61.04,-17.88,190.80,61.78,255,
16.13,-2.06,-1.77,-1.38,0.84,-0.14,0.44,0.38,0.01,-0.32,-60.95,-18.01,189.93,60.83,255,
16.26,-1.97,-2.34,-2.07,0.83,-0.15,0.46,0.38,0.01,-0.31,-59.94,-18.58,190.31,59.56,255,
16.38,-2.50,-0.64,-1.13,0.89,-0.12,0.43,0.38,0.01,-0.31,-63.44,-15.14,190.61,53.86,255,
16.52,-2.12,-1.68,-1.53,0.83,-0.13,0.44,0.38,0.01,-0.31,-61.21,-16.76,190.53,49.74,255,
16.65,-2.08,-1.69,-1.35,0.84,-0.14,0.44,0.39,0.01,-0.31,-61.33,-17.66,189.89,58.61,255,
16.80,-2.33,-1.76,-1.33,0.85,-0.14,0.44,0.38,0.01,-0.31,-61.25,-17.52,190.74,74.46,255,
16.92,-2.07,-1.54,-1.72,0.83,-0.14,0.44,0.38,0.02,-0.30,-60.94,-17.80,191.02,104.24,255,
17.04,-2.33,-1.78,-1.62,0.84,-0.14,0.44,0.38,0.01,-0.31,-61.36,-17.70,189.95,105.50,255,
17.17,-2.16,-1.67,-1.48,0.84,-0.14,0.44,0.38,0.02,-0.31,-60.91,-17.94,190.90,105.50,255,
17.33,-2.25,-1.32,-1.43,0.84,-0.14,0.44,0.38,0.01,-0.31,-61.10,-17.68,190.51,105.50,255,
17.45,-2.35,-1.70,-1.35,0.84,-0.15,0.44,0.38,0.01,-0.31,-60.96,-18.34,190.05,105.50,255,
17.56,-2.08,-1.49,-1.53,0.84,-0.14,0.45,0.37,0.01,-0.31,-60.87,-17.81,189.72,105.50,255,
17.71,-2.43,-1.63,-1.34,0.84,-0.14,0.44,0.37,0.01,-0.30,-61.02,-17.85,190.36,105.50,255,
17.83,-2.15,-1.62,-1.46,0.84,-0.14,0.45,0.37,0.01,-0.31,-60.83,-17.80,190.15,105.19,255,
17.97,-2.23,-1.50,-1.60,0.84,-0.14,0.44,0.38,0.01,-0.31,-61.08,-17.80,190.18,105.19,255,
18.10,-1.97,-1.40,-1.50,0.84,-0.14,0.44,0.38,0.01,-0.30,-60.90,-18.01,190.04,104.24,255,
18.21,-2.24,-1.67,-1.36,0.84,-0.14,0.45,0.38,0.01,-0.31,-60.90,-17.87,190.42,100.12,255,
18.35,-2.21,-1.35,-1.13,0.84,-0.15,0.45,0.38,0.01,-0.31,-60.89,-18.14,190.35,101.39,255,
18.50,-2.22,-1.35,-1.38,0.84,-0.14,0.45,0.38,0.02,-0.31,-60.82,-17.69,191.04,104.55,255,
18.61,-2.21,-1.40,-1.75,0.84,-0.14,0.44,0.38,0.01,-0.31,-61.00,-17.73,190.83,104.24,255,
18.73,-2.05,-1.41,-1.39,0.84,-0.15,0.44,0.38,0.01,-0.31,-61.26,-18.34,190.28,103.92,255,
18.87,-2.05,-1.38,-1.32,0.84,-0.15,0.45,0.38,0.00,-0.31,-60.85,-18.11,189.23,103.92,255,
19.00,-2.18,-1.51,-1.21,0.84,-0.14,0.44,0.37,0.01,-0.30,-61.01,-17.89,189.89,103.92,255,
19.12,-2.34,-1.53,-1.23,0.84,-0.14,0.45,0.38,0.01,-0.31,-60.77,-17.78,190.10,103.92,255,
19.27,-2.14,-1.61,-1.38,0.84,-0.14,0.44,0.38,0.01,-0.31,-61.16,-18.05,190.28,103.92,255,
19.39,-2.12,-1.37,-1.38,0.84,-0.14,0.44,0.38,0.02,-0.30,-61.12,-17.86,191.01,103.92,255,
19.51,-2.04,-1.59,-1.41,0.84,-0.14,0.44,0.38,0.02,-0.31,-61.10,-18.16,191.01,103.92,255,
19.67,-2.38,-1.53,-1.26,0.84,-0.14,0.44,0.38,0.00,-0.31,-60.98,-17.99,189.28,103.92,255,
19.79,-2.25,-1.64,-1.64,0.84,-0.14,0.44,0.38,0.01,-0.31,-61.02,-17.91,189.75,103.92,255,
19.90,-2.29,-1.39,-1.31,0.85,-0.14,0.45,0.38,0.02,-0.31,-61.03,-17.82,191.02,103.92,255,
20.05,-2.38,-1.26,-1.41,0.84,-0.15,0.44,0.38,0.01,-0.31,-61.26,-18.26,190.50,103.92,255,
20.17,-2.39,-1.75,-1.44,0.84,-0.14,0.44,0.38,0.02,-0.31,-61.03,-18.00,190.88,103.92,255,
20.32,-2.17,-1.80,-1.59,0.84,-0.14,0.44,0.38,0.01,-0.31,-61.20,-17.74,189.37,103.92,255,
20.44,-2.39,-1.59,-1.17,0.84,-0.14,0.44,0.38,0.01,-0.31,-60.93,-17.74,190.02,103.92,255,
20.55,-2.31,-1.83,-1.53,0.84,-0.14,0.45,0.38,0.01,-0.31,-60.80,-17.82,190.48,103.92,255,
20.70,-2.32,-1.38,-1.38,0.84,-0.14,0.44,0.38,0.01,-0.31,-61.04,-17.97,190.27,103.92,255,
20.81,-2.17,-1.47,-1.32,0.84,-0.14,0.44,0.38,0.01,-0.31,-60.92,-17.85,190.84,103.92,255,
20.95,-2.17,-1.53,-1.59,0.84,-0.14,0.44,0.38,0.01,-0.31,-61.20,-17.99,189.77,103.92,255,
21.10,-2.33,-1.47,-1.39,0.84,-0.14,0.44,0.38,0.01,-0.31,-61.11,-17.76,189.72,103.92,255,
21.21,-2.42,-1.57,-1.56,0.84,-0.14,0.44,0.38,0.01,-0.31,-60.96,-17.99,190.77,103.92,255,
21.36,-2.30,-1.63,-1.59,0.84,-0.14,0.44,0.38,0.02,-0.32,-61.11,-17.80,191.00,103.92,255,
21.48,-2.36,-1.64,-1.32,0.84,-0.14,0.44,0.38,0.01,-0.32,-61.00,-17.87,190.26,103.92,255,
21.59,-2.18,-1.72,-1.35,0.84,-0.14,0.44,0.37,0.01,-0.31,-60.92,-17.95,190.66,103.92,255,
21.75,-2.21,-1.59,-1.58,0.84,-0.14,0.44,0.38,0.01,-0.31,-60.92,-17.96,190.84,103.92,255,
21.87,-2.35,-1.53,-1.45,0.84,-0.14,0.45,0.38,0.01,-0.31,-60.82,-17.74,190.34,103.92,255,
21.99,-2.31,-1.66,-1.61,0.84,-0.14,0.44,0.38,0.00,-0.32,-60.88,-18.00,189.23,103.92,255,
22.12,-2.36,-1.56,-1.53,0.84,-0.14,0.44,0.38,0.00,-0.31,-61.11,-17.91,189.19,103.92,255,
22.27,-2.46,-1.55,-1.48,0.84,-0.14,0.44,0.37,0.01,-0.32,-61.15,-17.92,190.21,103.92,255,
22.39,-2.45,-1.52,-1.40,0.84,-0.14,0.44,0.37,0.01,-0.31,-61.04,-17.63,190.80,103.92,255,
22.53,-2.21,-1.60,-1.68,0.84,-0.14,0.45,0.37,0.01,-0.31,-60.64,-17.64,190.00,103.92,255,
22.65,-2.30,-1.60,-1.49,0.84,-0.14,0.44,0.38,0.01,-0.30,-60.98,-17.79,190.50,103.92,255,
22.77,-2.21,-1.40,-1.39,0.84,-0.14,0.45,0.38,0.01,-0.31,-60.84,-17.62,190.63,103.92,255,
22.92,-2.36,-1.69,-1.39,0.84,-0.14,0.44,0.38,0.01,-0.31,-61.08,-17.78,190.50,103.92,255,
23.04,-2.13,-1.62,-1.50,0.84,-0.14,0.44,0.38,0.02,-0.31,-61.26,-18.12,191.00,103.92,255,
23.18,-2.13,-1.35,-1.25,0.84,-0.14,0.44,0.37,0.01,-0.32,-60.90,-17.98,190.25,103.92,255,
23.30,-2.30,-1.40,-1.54,0.84,-0.14,0.45,0.38,0.01,-0.32,-60.90,-17.52,190.20,103.92,255,
23.42,-2.36,-1.67,-1.45,0.84,-0.14,0.45,0.38,0.02,-0.31,-60.92,-17.84,190.93,103.92,255,
23.55,-2.39,-1.84,-1.45,0.84,-0.14,0.45,0.37,0.01,-0.31,-60.86,-17.78,189.93,103.92,255,
23.67,-2.31,-1.67,-1.68,0.84,-0.14,0.44,0.38,0.01,-0.32,-61.00,-17.75,190.37,103.92,255,
23.82,-2.42,-1.66,-1.51,0.84,-0.14,0.44,0.37,0.01,-0.32,-61.13,-17.85,190.52,103.92,255,
23.94,-2.16,-1.60,-1.41,0.84,-0.14,0.45,0.37,0.02,-0.32,-60.90,-17.96,190.89,103.92,255,
24.09,-2.10,-1.37,-1.26,0.84,-0.14,0.45,0.38,0.02,-0.31,-60.94,-17.98,191.34,103.92,255,
24.20,-2.36,-1.88,-1.47,0.84,-0.14,0.45,0.38,0.02,-0.31,-60.95,-17.73,191.35,103.92,255,
24.35,-2.18,-1.59,-1.44,0.84,-0.14,0.44,0.38,0.02,-0.31,-61.08,-17.73,190.86,103.92,255,
24.46,-2.18,-1.52,-1.48,0.84,-0.14,0.45,0.38,0.02,-0.31,-60.86,-17.73,191.71,103.92,255,
24.61,-2.07,-1.55,-1.56,0.84,-0.14,0.44,0.38,0.01,-0.32,-60.93,-17.89,190.65,103.92,255,
24.74,-2.09,-1.70,-1.55,0.84,-0.14,0.44,0.38,0.01,-0.31,-61.09,-17.88,190.70,103.92,255,
24.86,-2.25,-1.62,-1.49,0.84,-0.14,0.44,0.38,0.02,-0.31,-61.06,-17.78,191.27,103.92,255,
25.00,-2.21,-1.56,-1.62,0.84,-0.14,0.44,0.37,0.02,-0.30,-61.40,-18.01,191.35,103.92,255,
25.12,-2.08,-1.62,-1.29,0.84,-0.14,0.44,0.38,0.01,-0.32,-61.04,-17.74,190.66,103.92,255,
25.24,-2.13,-1.57,-1.44,0.84,-0.14,0.44,0.38,0.01,-0.32,-60.85,-17.98,190.50,103.92,255,
25.39,-2.19,-1.71,-1.60,0.84,-0.14,0.45,0.38,0.02,-0.31,-60.89,-17.73,190.96,103.92,255,
25.51,-2.43,-1.59,-1.61,0.84,-0.14,0.44,0.37,0.02,-0.30,-61.12,-18.09,191.01,103.92,255,
25.66,-2.00,-1.41,-1.17,0.84,-0.14,0.45,0.37,0.02,-0.31,-60.85,-17.92,191.51,103.92,255,
25.78,-2.08,-1.64,-1.19,0.84,-0.14,0.44,0.37,0.02,-0.30,-61.01,-18.07,190.90,103.92,255,
25.89,-2.48,-1.59,-1.72,0.84,-0.14,0.45,0.37,0.01,-0.32,-60.88,-17.82,189.71,103.92,255,
26.04,-2.18,-1.45,-1.26,0.84,-0.15,0.45,0.37,0.02,-0.31,-60.76,-18.14,191.06,103.92,255,
26.15,-2.24,-1.82,-1.29,0.84,-0.14,0.45,0.37,0.02,-0.32,-60.85,-17.69,190.95,103.92,255,
26.28,-2.20,-1.29,-1.56,0.84,-0.14,0.44,0.37,0.02,-0.31,-60.94,-17.84,191.07,103.92,255,
26.43,-2.26,-1.44,-1.16,0.84,-0.14,0.45,0.38,0.01,-0.30,-60.81,-17.93,190.42,103.92,255,
26.55,-2.43,-1.50,-1.41,0.84,-0.14,0.45,0.37,0.02,-0.31,-60.92,-17.69,191.20,103.92,255,
26.67,-2.29,-1.70,-1.51,0.84,-0.14,0.45,0.38,0.01,-0.31,-60.79,-17.94,189.58,103.92,255,
26.82,-2.17,-1.42,-1.42,0.84,-0.14,0.45,0.38,0.01,-0.31,-60.78,-17.75,189.67,103.92,255,
26.93,-2.27,-1.47,-1.56,0.84,-0.14,0.45,0.37,0.01,-0.31,-60.90,-17.77,189.58,103.92,255,
27.09,-2.46,-1.59,-1.56,0.84,-0.14,0.44,0.38,0.01,-0.31,-60.98,-17.81,190.32,103.92,255,
27.21,-2.36,-1.70,-1.36,0.84,-0.14,0.45,0.37,0.02,-0.30,-60.88,-18.02,191.00,103.92,255,
27.32,-2.16,-1.52,-1.44,0.84,-0.14,0.44,0.38,0.01,-0.31,-60.96,-18.04,190.33,103.92,255,
27.45,-2.18,-1.57,-1.45,0.84,-0.14,0.45,0.38,0.01,-0.32,-60.89,-17.85,190.09,103.92,255,
27.58,-2.33,-1.56,-1.41,0.84,-0.14,0.44,0.38,0.01,-0.31,-60.97,-17.81,190.71,103.92,255,
27.73,-2.44,-1.76,-1.53,0.84,-0.14,0.44,0.38,0.01,-0.30,-60.97,-18.01,190.77,103.92,255,
27.85,-2.15,-1.67,-1.54,0.84,-0.14,0.44,0.38,0.01,-0.30,-60.98,-18.07,190.35,103.92,255,
28.00,-2.27,-1.62,-1.55,0.84,-0.14,0.45,0.37,0.01,-0.30,-60.87,-17.87,190.52,103.92,255,
28.13,-2.15,-1.76,-1.40,0.84,-0.14,0.44,0.38,0.01,-0.31,-60.95,-17.72,190.46,103.92,255,
28.25,-2.08,-1.17,-1.44,0.84,-0.14,0.44,0.38,0.01,-0.31,-61.12,-17.93,189.98,103.92,255,
28.37,-2.12,-1.72,-1.33,0.84,-0.14,0.45,0.37,0.01,-0.31,-60.85,-17.95,190.06,103.92,255,
28.49,-2.21,-1.59,-1.26,0.84,-0.14,0.44,0.38,0.01,-0.31,-61.03,-17.90,189.81,103.92,255,
28.65,-2.05,-1.53,-1.47,0.84,-0.14,0.45,0.38,0.01,-0.31,-60.91,-17.80,190.14,103.92,255,
28.77,-2.37,-1.74,-1.51,0.84,-0.14,0.45,0.38,0.01,-0.31,-60.80,-18.02,190.49,103.92,255,
28.88,-2.01,-1.64,-1.33,0.84,-0.14,0.45,0.38,0.01,-0.31,-60.84,-17.83,190.16,103.92,255,
29.01,-2.41,-1.50,-1.38,0.84,-0.14,0.44,0.38,0.01,-0.31,-61.21,-17.84,189.65,103.92,255,
29.17,-2.42,-1.66,-1.54,0.84,-0.14,0.45,0.38,0.00,-0.31,-60.58,-17.68,189.15,103.92,255,
29.30,-2.46,-1.66,-1.52,0.84,-0.14,0.45,0.37,0.01,-0.31,-60.79,-17.78,189.49,103.92,255,
29.42,-2.05,-1.48,-1.48,0.84,-0.14,0.44,0.38,0.01,-0.30,-60.99,-17.78,190.81,103.92,255,
29.53,-2.46,-1.53,-1.50,0.84,-0.14,0.44,0.37,0.02,-0.31,-61.04,-17.75,191.06,103.92,255,
29.68,-2.12,-1.43,-1.25,0.84,-0.14,0.44,0.38,0.01,-0.31,-61.01,-17.87,190.09,103.92,255,
29.79,-2.06,-1.59,-1.35,0.84,-0.14,0.44,0.38,0.01,-0.31,-61.05,-18.05,189.69,103.92,255,
29.93,-2.33,-1.71,-1.52,0.84,-0.15,0.44,0.38,0.01,-0.31,-60.95,-18.15,190.62,103.92,255,
30.08,-2.27,-1.70,-1.39,0.84,-0.15,0.44,0.38,0.01,-0.31,-60.88,-18.11,190.27,103.92,255,
30.20,-2.30,-1.44,-1.56,0.84,-0.14,0.44,0.37,0.01,-0.31,-61.18,-17.68,190.62,103.92,255,
30.34,-2.27,-1.61,-1.53,0.84,-0.14,0.45,0.38,0.01,-0.32,-60.86,-17.93,190.17,103.92,255,
30.47,-2.25,-1.44,-1.66,0.84,-0.14,0.44,0.38,0.02,-0.31,-60.98,-17.78,190.89,103.92,255,
30.57,-2.47,-1.56,-1.37,0.84,-0.14,0.44,0.38,0.02,-0.31,-60.91,-18.05,190.87,103.92,255,
30.73,-2.29,-1.47,-1.53,0.84,-0.14,0.44,0.38,0.01,-0.30,-60.94,-17.83,190.48,103.92,255,
30.83,-2.15,-1.67,-1.61,0.84,-0.15,0.44,0.38,0.01,-0.32,-61.09,-18.30,190.21,103.92,255,
30.99,-2.21,-1.56,-1.23,0.84,-0.14,0.45,0.38,0.01,-0.31,-60.89,-17.73,190.05,103.92,255,
31.14,-2.22,-1.37,-1.58,0.84,-0.14,0.45,0.38,0.02,-0.31,-60.81,-17.73,191.02,103.92,255,
31.25,-2.30,-1.56,-1.68,0.84,-0.14,0.44,0.38,0.01,-0.31,-60.95,-17.97,190.67,103.92,255,
31.36,-2.46,-1.56,-1.17,0.84,-0.14,0.44,0.38,0.00,-0.32,-61.05,-17.90,189.14,103.92,255,
31.49,-2.35,-1.55,-1.22,0.84,-0.14,0.44,0.38,0.01,-0.31,-60.95,-17.99,189.78,103.92,255,
31.62,-2.27,-1.68,-1.56,0.84,-0.14,0.45,0.38,0.01,-0.32,-60.84,-17.89,189.97,103.92,255,
31.74,-2.28,-1.54,-1.36,0.84,-0.14,0.45,0.38,0.01,-0.31,-60.75,-17.84,190.42,103.92,255,
31.88,-2.06,-1.46,-1.17,0.84,-0.14,0.44,0.38,0.01,-0.31,-60.93,-17.92,190.50,103.92,255,
32.03,-2.09,-1.41,-1.44,0.84,-0.14,0.44,0.38,0.01,-0.30,-61.01,-17.83,190.54,103.92,255,
32.15,-2.07,-1.56,-1.47,0.84,-0.14,0.44,0.38,0.01,-0.31,-60.92,-18.08,189.74,103.92,255,
32.27,-2.58,-1.83,-1.66,0.84,-0.14,0.44,0.38,0.02,-0.32,-61.44,-18.00,190.96,103.92,255,
32.42,-2.24,-1.51,-1.32,0.84,-0.14,0.45,0.38,0.02,-0.31,-60.94,-17.57,191.51,103.92,255,
32.55,-2.30,-1.53,-1.28,0.84,-0.14,0.44,0.38,0.01,-0.32,-60.96,-17.52,190.65,103.92,255,
32.68,-2.10,-1.33,-1.53,0.84,-0.14,0.45,0.38,0.01,-0.31,-60.82,-17.80,190.77,103.92,255,
32.81,-1.90,-1.54,-1.65,0.84,-0.14,0.44,0.38,0.01,-0.31,-61.01,-17.90,190.39,103.92,255,
32.94,-2.44,-1.62,-1.41,0.84,-0.14,0.44,0.38,0.02,-0.31,-60.94,-17.62,191.11,103.92,255,
33.05,-2.35,-1.43,-1.44,0.84,-0.14,0.44,0.38,0.02,-0.31,-61.07,-17.88,190.99,103.92,255,
33.20,-2.21,-1.58,-1.25,0.84,-0.14,0.44,0.37,0.01,-0.31,-61.14,-17.85,190.40,103.92,255,
33.35,-2.19,-1.64,-1.32,0.84,-0.14,0.45,0.38,0.01,-0.30,-60.77,-17.92,190.68,103.92,255,
33.44,-2.38,-1.49,-1.42,0.84,-0.15,0.44,0.38,0.01,-0.31,-61.19,-18.31,189.49,103.92,255,
33.59,-2.14,-1.75,-1.42,0.84,-0.14,0.44,0.38,0.01,-0.31,-61.00,-17.58,190.26,103.92,255,
33.72,-2.50,-1.54,-1.39,0.84,-0.14,0.44,0.38,0.01,-0.31,-60.94,-17.98,190.44,103.92,255,
33.85,-2.13,-1.51,-1.54,0.84,-0.14,0.44,0.37,0.02,-0.31,-60.91,-17.96,191.35,103.92,255,
33.98,-2.36,-1.40,-1.34,0.84,-0.14,0.45,0.38,0.01,-0.31,-60.83,-17.89,190.08,103.92,255,
34.10,-2.15,-1.70,-1.47,0.84,-0.14,0.44,0.38,0.01,-0.31,-61.05,-17.94,190.16,103.92,255,
34.23,-2.36,-1.74,-1.62,0.84,-0.14,0.44,0.38,0.01,-0.31,-61.03,-17.84,190.67,103.92,255,
34.36,-2.24,-1.74,-1.46,0.84,-0.14,0.44,0.38,0.01,-0.31,-60.96,-17.93,190.67,103.92,255,
34.48,-2.21,-1.58,-1.32,0.84,-0.14,0.44,0.38,0.00,-0.31,-60.93,-17.88,189.15,103.92,255,
34.61,-2.38,-1.41,-1.33,0.84,-0.14,0.45,0.38,0.00,-0.31,-60.96,-17.83,189.26,103.92,255,
34.74,-2.35,-1.79,-1.56,0.84,-0.14,0.44,0.38,0.01,-0.31,-60.96,-17.88,190.21,103.92,255,
34.90,-2.27,-1.41,-1.24,0.84,-0.14,0.44,0.38,0.01,-0.31,-60.98,-17.95,190.35,103.92,255,
35.02,-2.21,-1.68,-1.50,0.84,-0.14,0.45,0.38,0.02,-0.31,-60.97,-17.75,191.03,103.92,255,
35.13,-2.30,-1.52,-1.59,0.84,-0.14,0.44,0.38,0.02,-0.31,-61.03,-17.81,191.20,103.92,255,
35.28,-2.24,-1.75,-1.37,0.84,-0.14,0.45,0.38,0.01,-0.31,-60.81,-17.77,190.08,103.92,255,
35.40,-2.33,-1.70,-1.73,0.84,-0.14,0.45,0.37,0.02,-0.31,-60.94,-17.98,191.00,103.92,255,
35.53,-2.20,-1.57,-1.38,0.84,-0.14,0.44,0.38,0.01,-0.31,-61.03,-18.01,190.13,103.92,255,
35.70,-2.18,-1.43,-1.44,0.84,-0.14,0.44,0.38,0.02,-0.31,-61.13,-17.43,191.07,103.92,255,
35.80,-2.29,-1.41,-1.57,0.84,-0.14,0.44,0.38,0.01,-0.32,-61.19,-18.04,189.47,103.92,255,
35.93,-2.02,-1.50,-1.29,0.84,-0.14,0.44,0.38,0.01,-0.31,-61.04,-17.74,189.45,103.92,255,
36.07,-2.44,-1.59,-1.42,0.84,-0.15,0.45,0.38,0.01,-0.31,-60.76,-18.01,190.48,103.92,255,
36.19,-2.08,-1.79,-1.44,0.84,-0.14,0.44,0.38,0.01,-0.31,-60.97,-17.83,190.13,103.92,255,
36.33,-2.16,-1.52,-1.25,0.84,-0.14,0.44,0.38,0.01,-0.31,-61.01,-17.67,190.76,103.92,255,
36.46,-2.05,-1.62,-1.35,0.84,-0.14,0.44,0.37,0.01,-0.31,-60.94,-18.00,189.76,103.92,255,
36.58,-2.13,-1.79,-1.28,0.84,-0.14,0.45,0.37,0.01,-0.31,-60.79,-17.49,190.66,103.92,255,
36.71,-2.24,-1.53,-1.41,0.84,-0.14,0.45,0.38,0.02,-0.30,-60.93,-17.98,191.05,103.92,255,
36.84,-2.33,-1.78,-1.53,0.84,-0.14,0.45,0.38,0.01,-0.30,-60.93,-17.84,190.82,103.92,255,
36.98,-2.21,-1.44,-1.41,0.84,-0.14,0.45,0.37,0.01,-0.31,-60.62,-17.68,190.74,103.92,255,
37.09,-2.25,-1.64,-1.51,0.84,-0.14,0.44,0.38,0.02,-0.31,-61.08,-17.99,190.98,103.92,255,
37.21,-2.33,-1.51,-1.35,0.84,-0.14,0.44,0.37,0.01,-0.31,-61.15,-17.73,190.36,103.92,255,
37.34,-2.25,-1.43,-1.72,0.84,-0.14,0.45,0.38,0.01,-0.31,-60.85,-17.59,190.42,103.92,255,
37.49,-2.10,-1.37,-1.47,0.84,-0.14,0.44,0.38,0.01,-0.32,-60.89,-17.78,190.83,103.92,255,
37.61,-2.36,-1.53,-1.23,0.84,-0.14,0.45,0.37,0.01,-0.30,-60.91,-17.69,190.63,103.92,255,
37.76,-2.27,-1.65,-1.13,0.84,-0.14,0.44,0.38,0.01,-0.31,-60.93,-18.01,190.10,103.92,255,
37.87,-2.21,-1.50,-1.61,0.84,-0.14,0.44,0.38,0.01,-0.31,-60.91,-17.97,189.79,103.92,255,
37.99,-2.21,-1.63,-1.71,0.84,-0.14,0.44,0.38,0.01,-0.32,-60.99,-17.81,189.61,103.92,255,
38.14,-2.40,-1.62,-1.61,0.84,-0.14,0.44,0.38,0.01,-0.31,-61.11,-18.18,190.58,103.92,255,
38.26,-2.27,-1.60,-1.44,0.84,-0.14,0.44,0.38,0.01,-0.31,-60.92,-17.83,190.12,103.92,255,
38.39,-2.21,-1.58,-1.41,0.84,-0.14,0.44,0.38,0.02,-0.32,-60.97,-18.02,191.32,103.92,255,
38.53,-2.36,-1.75,-1.56,0.84,-0.14,0.44,0.38,0.01,-0.31,-60.99,-17.83,190.48,103.92,255,
38.65,-2.05,-1.47,-1.12,0.84,-0.15,0.44,0.38,0.01,-0.31,-60.87,-18.20,190.63,103.92,255,
38.79,-2.37,-1.59,-1.48,0.84,-0.14,0.45,0.38,0.01,-0.31,-60.93,-17.61,189.45,103.92,255,
38.95,-2.33,-1.63,-1.44,0.84,-0.14,0.44,0.38,0.01,-0.31,-60.94,-17.62,190.30,103.92,255,
39.05,-2.27,-1.40,-1.28,0.84,-0.14,0.45,0.37,0.01,-0.31,-60.86,-17.78,190.32,103.92,255,
39.18,-2.14,-1.56,-1.11,0.84,-0.14,0.45,0.38,0.01,-0.31,-60.81,-17.98,190.04,103.92,255,
39.31,-2.24,-1.57,-1.14,0.84,-0.14,0.44,0.38,0.01,-0.31,-61.03,-17.95,190.44,103.92,255,
39.44,-2.42,-1.56,-1.55,0.84,-0.14,0.45,0.37,0.02,-0.31,-60.82,-17.64,191.40,103.92,255,
39.61,-2.38,-1.53,-1.33,0.84,-0.14,0.44,0.38,0.02,-0.31,-61.09,-18.06,191.08,103.92,255,
39.70,-2.30,-1.61,-1.41,0.84,-0.14,0.45,0.39,0.02,-0.32,-60.89,-17.74,191.31,103.92,255,
39.82,-2.27,-1.51,-1.29,0.84,-0.14,0.44,0.38,0.01,-0.31,-61.13,-17.87,190.76,103.92,255,
39.97,-2.21,-1.42,-1.20,0.84,-0.14,0.44,0.38,0.01,-0.31,-61.06,-17.76,190.39,103.92,255,
40.11,-2.36,-1.44,-1.29,0.84,-0.14,0.44,0.38,0.02,-0.31,-60.91,-17.82,191.51,103.92,255,
40.21,-2.09,-1.64,-1.43,0.84,-0.14,0.44,0.38,0.01,-0.31,-61.06,-18.18,190.29,103.92,255,
40.36,-2.14,-1.59,-1.28,0.84,-0.14,0.44,0.38,0.01,-0.31,-60.98,-17.76,190.80,103.92,255,
40.48,-2.31,-1.59,-1.29,0.84,-0.14,0.44,0.37,0.01,-0.31,-61.00,-17.95,190.29,103.92,255,
40.63,-2.06,-1.41,-1.58,0.84,-0.14,0.44,0.38,0.01,-0.31,-60.93,-17.79,190.78,103.92,255,
40.74,-2.07,-1.38,-1.48,0.84,-0.14,0.45,0.38,0.01,-0.32,-60.83,-17.90,190.63,103.60,255,
40.89,-2.31,-1.65,-1.44,0.84,-0.14,0.45,0.37,0.01,-0.32,-60.85,-17.74,190.74,103.60,255,
40.99,-2.41,-1.63,-1.53,0.84,-0.14,0.44,0.38,0.02,-0.31,-60.92,-17.89,191.41,103.92,255,
41.14,-2.27,-1.54,-1.47,0.84,-0.14,0.44,0.38,0.02,-0.31,-61.16,-17.91,191.01,103.60,255,
41.25,-2.21,-1.78,-1.26,0.84,-0.14,0.45,0.37,0.02,-0.31,-60.79,-17.97,190.89,103.92,255,
41.38,-2.30,-1.38,-1.42,0.84,-0.15,0.44,0.38,0.01,-0.31,-60.88,-18.25,189.72,103.92,255,
41.54,-2.38,-1.44,-1.47,0.84,-0.14,0.44,0.38,0.01,-0.31,-61.11,-17.94,190.75,103.92,255,
41.64,-2.15,-1.68,-1.50,0.84,-0.15,0.45,0.38,0.01,-0.30,-60.78,-18.06,190.79,103.92,255,
41.77,-2.35,-1.56,-1.46,0.84,-0.14,0.45,0.38,0.01,-0.31,-60.75,-17.91,189.44,103.92,255,
41.92,-2.07,-1.39,-1.50,0.84,-0.14,0.44,0.38,0.01,-0.31,-61.19,-17.92,190.64,103.92,255,
42.03,-2.33,-1.59,-1.33,0.84,-0.14,0.45,0.38,0.01,-0.32,-60.77,-17.86,190.72,103.92,255,
42.16,-2.14,-1.45,-1.64,0.84,-0.14,0.45,0.38,0.01,-0.31,-60.95,-17.71,190.21,103.92,255,
42.29,-2.27,-1.54,-1.43,0.84,-0.14,0.45,0.38,0.01,-0.31,-60.91,-17.50,189.88,103.92,255,
42.42,-2.18,-1.70,-1.48,0.84,-0.14,0.45,0.38,0.01,-0.31,-60.83,-17.53,190.32,103.92,255,
42.55,-2.21,-1.50,-1.31,0.84,-0.14,0.44,0.38,0.01,-0.31,-60.98,-17.74,190.03,103.92,255,
42.68,-2.14,-1.55,-1.47,0.84,-0.14,0.44,0.38,0.01,-0.32,-61.07,-18.03,190.53,103.92,255,
42.83,-2.07,-1.48,-1.42,0.84,-0.14,0.44,0.38,0.01,-0.31,-60.96,-17.93,190.51,103.92,255,
42.94,-2.48,-1.52,-1.73,0.84,-0.15,0.44,0.38,0.01,-0.31,-60.97,-18.16,189.97,103.92,255,
43.10,-2.26,-1.53,-1.26,0.84,-0.14,0.45,0.38,0.01,-0.31,-60.95,-17.84,190.01,103.92,255,
43.20,-2.30,-1.41,-1.28,0.84,-0.14,0.44,0.38,0.02,-0.31,-60.97,-17.70,191.50,103.92,255,
43.34,-2.12,-1.68,-1.41,0.84,-0.14,0.44,0.38,0.01,-0.32,-61.01,-17.97,190.50,103.92,255,
43.49,-2.30,-1.49,-1.41,0.84,-0.15,0.45,0.38,0.01,-0.31,-60.85,-18.21,189.60,103.92,255,
43.60,-2.06,-1.39,-1.21,0.84,-0.14,0.44,0.38,0.01,-0.31,-60.89,-18.04,190.72,103.92,255,
43.75,-2.36,-1.42,-1.49,0.84,-0.14,0.44,0.38,0.01,-0.31,-61.06,-18.05,190.56,103.92,255,
43.88,-2.27,-1.65,-1.29,0.84,-0.14,0.43,0.38,0.01,-0.30,-61.51,-18.34,190.03,103.92,255,
43.98,-2.50,-1.70,-1.41,0.84,-0.15,0.44,0.38,0.01,-0.31,-60.92,-18.08,189.79,103.92,255,
44.14,-2.12,-1.70,-1.46,0.84,-0.15,0.45,0.38,0.02,-0.31,-60.78,-18.02,191.46,103.92,255,
44.27,-2.06,-1.66,-1.40,0.84,-0.14,0.44,0.38,0.01,-0.31,-60.91,-17.89,190.38,103.92,255,
44.40,-2.09,-1.59,-1.11,0.84,-0.14,0.44,0.38,0.01,-0.31,-61.11,-17.75,190.04,103.92,255,
44.51,-2.08,-1.44,-1.29,0.84,-0.14,0.44,0.38,0.02,-0.31,-60.98,-17.97,191.34,103.92,255,
44.63,-2.25,-1.67,-1.23,0.84,-0.14,0.44,0.38,0.01,-0.31,-61.02,-18.02,189.38,103.92,255,
44.79,-2.18,-1.34,-1.20,0.84,-0.14,0.44,0.38,0.01,-0.30,-60.92,-17.91,190.48,103.92,255,
44.92,-2.15,-1.55,-1.43,0.84,-0.14,0.44,0.37,0.01,-0.31,-60.90,-17.94,190.80,103.92,255,
45.05,-2.15,-1.46,-1.36,0.84,-0.14,0.44,0.38,0.01,-0.31,-60.94,-17.78,190.16,103.92,255,
45.18,-2.28,-1.65,-1.50,0.84,-0.14,0.44,0.38,0.02,-0.31,-61.18,-17.74,191.37,103.92,255,
45.29,-2.44,-1.61,-1.52,0.84,-0.14,0.44,0.38,0.01,-0.30,-60.94,-17.50,190.74,103.92,255,
45.44,-2.44,-1.60,-1.35,0.84,-0.14,0.44,0.38,0.02,-0.30,-61.14,-18.12,190.91,103.60,255,
45.57,-2.23,-1.64,-1.41,0.84,-0.15,0.44,0.37,0.02,-0.31,-61.01,-18.27,191.43,103.60,255,
45.68,-2.19,-1.62,-1.35,0.84,-0.14,0.44,0.38,0.01,-0.30,-61.14,-18.05,190.82,103.92,255,
45.82,-2.27,-1.47,-1.20,0.84,-0.14,0.45,0.37,0.02,-0.30,-60.82,-17.95,191.42,103.60,255,
45.93,-2.21,-1.59,-1.32,0.84,-0.14,0.45,0.38,0.01,-0.31,-60.86,-17.69,190.16,103.92,255,
46.07,-2.36,-1.55,-1.64,0.84,-0.14,0.44,0.37,0.01,-0.30,-61.00,-18.00,190.83,103.92,255,
46.19,-2.17,-1.52,-1.32,0.84,-0.15,0.45,0.38,0.02,-0.30,-60.66,-17.91,191.25,103.92,255,
46.32,-2.18,-1.68,-1.43,0.84,-0.14,0.45,0.38,0.01,-0.30,-60.91,-17.99,190.84,103.92,255,
46.46,-2.35,-1.57,-1.39,0.84,-0.14,0.44,0.37,0.02,-0.31,-60.96,-17.73,191.08,103.92,255,
46.60,-2.27,-1.61,-1.56,0.84,-0.14,0.45,0.37,0.02,-0.31,-60.84,-17.57,191.45,103.92,255,
46.71,-2.27,-1.59,-1.44,0.84,-0.14,0.44,0.37,0.02,-0.31,-60.92,-17.92,191.00,103.92,255,
46.85,-2.18,-1.74,-1.47,0.84,-0.14,0.44,0.38,0.02,-0.31,-61.08,-18.08,191.22,103.92,255,
46.98,-2.25,-1.29,-1.52,0.84,-0.14,0.44,0.38,0.02,-0.32,-60.85,-17.93,191.35,103.60,255,
47.12,-2.33,-1.62,-1.51,0.84,-0.14,0.44,0.38,0.01,-0.31,-60.94,-17.98,190.11,103.92,255,
47.24,-2.18,-1.53,-1.19,0.84,-0.14,0.45,0.37,0.01,-0.31,-60.85,-17.85,190.80,103.92,255,
47.36,-2.18,-1.52,-1.47,0.84,-0.14,0.44,0.38,0.01,-0.31,-60.94,-17.91,190.22,103.92,255,
47.50,-2.15,-1.70,-1.44,0.84,-0.14,0.45,0.38,0.02,-0.31,-60.87,-17.76,191.95,103.60,255,
47.63,-2.36,-1.57,-1.29,0.84,-0.14,0.44,0.38,0.01,-0.31,-61.07,-17.98,190.29,103.92,255,
47.76,-2.23,-1.41,-1.38,0.84,-0.14,0.44,0.37,0.01,-0.31,-61.06,-18.08,190.29,103.92,255,
47.89,-2.24,-1.64,-1.42,0.84,-0.14,0.44,0.38,0.01,-0.31,-60.85,-17.94,190.52,103.92,255,
48.02,-2.29,-1.43,-1.37,0.84,-0.14,0.45,0.37,0.01,-0.31,-60.87,-17.82,190.64,103.92,255,
48.15,-2.39,-1.78,-1.40,0.84,-0.14,0.44,0.38,0.01,-0.31,-61.05,-17.87,190.22,103.92,255,
48.29,-2.17,-1.61,-1.29,0.84,-0.15,0.45,0.38,0.01,-0.30,-60.82,-18.08,190.28,103.92,255,
48.41,-2.56,-1.51,-1.28,0.84,-0.14,0.44,0.38,0.01,-0.31,-61.04,-17.88,189.48,103.92,255,
48.54,-2.15,-1.73,-1.30,0.84,-0.14,0.44,0.37,0.01,-0.32,-60.93,-17.91,190.20,103.92,255,
48.68,-2.15,-1.54,-1.48,0.84,-0.14,0.45,0.38,0.02,-0.31,-60.87,-17.79,190.96,103.92,255,
48.80,-2.30,-1.38,-1.37,0.84,-0.14,0.45,0.38,0.02,-0.30,-60.92,-17.76,191.06,103.92,255,
48.93,-2.25,-1.63,-1.23,0.84,-0.13,0.44,0.38,0.01,-0.31,-61.10,-15.94,190.56,103.92,255,
49.08,-2.12,-1.58,-1.61,0.84,-0.15,0.45,0.37,0.01,-0.31,-60.85,-18.03,190.54,103.92,255,
49.19,-2.09,-1.46,-1.40,0.84,-0.14,0.44,0.38,0.01,-0.30,-61.07,-17.79,190.60,103.92,255,
49.34,-2.24,-1.42,-1.45,0.84,-0.15,0.44,0.38,0.02,-0.31,-60.85,-18.08,191.55,103.92,255,
49.46,-2.42,-1.40,-1.32,0.84,-0.15,0.44,0.38,0.01,-0.30,-60.89,-18.09,190.79,103.92,255,
49.58,-2.27,-1.36,-1.46,0.84,-0.14,0.45,0.38,0.02,-0.31,-60.92,-17.60,191.81,103.92,255,
49.73,-2.18,-1.64,-1.56,0.84,-0.14,0.45,0.38,0.02,-0.31,-60.85,-17.95,191.12,103.92,255,
49.84,-2.36,-1.67,-1.47,0.84,-0.14,0.44,0.38,0.02,-0.32,-61.04,-17.95,191.00,103.92,255,
49.99,-2.14,-1.38,-1.20,0.84,-0.14,0.44,0.37,0.02,-0.31,-61.04,-17.94,190.89,103.92,255,
50.10,-2.24,-1.72,-1.57,0.84,-0.14,0.44,0.38,0.01,-0.31,-60.92,-18.05,190.33,103.92,255,
50.23,-2.37,-1.68,-1.44,0.84,-0.14,0.44,0.38,0.01,-0.31,-61.02,-18.06,190.01,103.92,255,
50.37,-2.05,-1.56,-1.59,0.84,-0.14,0.44,0.37,0.02,-0.31,-61.01,-17.98,191.67,103.92,255,
50.50,-2.23,-1.44,-1.26,0.84,-0.14,0.45,0.38,0.01,-0.31,-60.85,-17.84,190.77,103.92,255,
50.62,-2.14,-1.88,-1.70,0.84,-0.14,0.45,0.37,0.02,-0.30,-60.92,-17.93,190.99,103.92,255,
50.76,-2.16,-1.48,-1.38,0.84,-0.14,0.44,0.38,0.02,-0.31,-60.97,-18.01,191.45,103.92,255,
50.88,-2.19,-1.72,-1.44,0.84,-0.14,0.44,0.37,0.02,-0.31,-61.06,-17.87,191.35,103.92,255,
51.01,-2.05,-1.50,-1.65,0.84,-0.14,0.44,0.38,0.02,-0.31,-60.94,-17.87,190.97,103.92,255,
51.14,-2.15,-1.47,-1.54,0.84,-0.14,0.44,0.38,0.01,-0.32,-60.86,-17.95,190.61,103.92,255,
51.27,-2.08,-1.40,-1.35,0.84,-0.14,0.44,0.38,0.01,-0.32,-61.06,-17.79,189.64,103.92,255,
51.40,-2.35,-1.70,-1.31,0.84,-0.16,0.44,0.38,0.01,-0.32,-60.74,-19.32,189.98,103.92,255,
51.53,-2.30,-1.55,-1.26,0.84,-0.15,0.45,0.38,0.01,-0.31,-60.85,-18.07,190.42,103.60,255,
51.68,-2.20,-1.34,-1.23,0.84,-0.14,0.45,0.38,0.01,-0.31,-60.94,-17.40,190.60,103.92,255,
51.81,-2.30,-1.56,-1.50,0.84,-0.14,0.44,0.38,0.01,-0.31,-60.96,-17.87,190.72,103.92,255,
51.93,-2.15,-1.70,-1.34,0.84,-0.14,0.44,0.37,0.02,-0.31,-61.03,-17.70,191.06,103.92,255,
52.05,-2.16,-1.50,-1.41,0.84,-0.14,0.45,0.38,0.01,-0.31,-60.93,-17.92,190.75,103.92,255,
52.20,-2.35,-1.54,-1.56,0.84,-0.14,0.44,0.38,0.01,-0.31,-60.93,-17.72,190.65,103.60,255,
52.31,-2.27,-1.61,-1.29,0.84,-0.14,0.44,0.38,0.02,-0.32,-60.88,-17.92,191.21,103.92,255,
52.46,-2.24,-1.71,-1.40,0.84,-0.14,0.44,0.37,0.02,-0.31,-60.87,-17.76,191.22,103.92,255,
52.58,-2.10,-1.40,-1.52,0.84,-0.14,0.45,0.37,0.02,-0.31,-60.93,-17.74,190.98,103.92,255,
52.70,-2.21,-1.35,-1.35,0.84,-0.14,0.44,0.38,0.02,-0.31,-60.92,-17.91,190.93,103.92,255,
52.85,-2.15,-1.46,-1.31,0.84,-0.15,0.44,0.38,0.01,-0.31,-61.08,-18.20,190.62,103.92,255,
52.99,-2.43,-1.68,-1.56,0.84,-0.14,0.44,0.38,0.01,-0.31,-60.83,-18.00,190.42,103.92,255,
53.10,-2.09,-1.49,-1.12,0.84,-0.14,0.45,0.38,0.02,-0.32,-60.84,-17.85,190.87,103.92,255,
53.22,-2.10,-1.51,-1.55,0.84,-0.15,0.44,0.38,0.01,-0.31,-60.92,-18.20,190.46,103.92,255,
53.35,-2.27,-1.39,-1.54,0.84,-0.14,0.44,0.38,0.01,-0.31,-61.02,-18.01,190.83,103.92,255,
53.51,-2.25,-1.67,-1.44,0.84,-0.14,0.44,0.38,0.01,-0.31,-60.94,-17.80,190.55,103.92,255,
53.63,-2.47,-1.56,-1.13,0.84,-0.14,0.45,0.37,0.02,-0.31,-60.94,-17.89,191.58,103.92,255,
53.76,-2.24,-1.76,-1.50,0.84,-0.14,0.45,0.38,0.02,-0.32,-60.78,-17.98,191.80,103.92,255,
53.89,-2.30,-1.39,-1.54,0.84,-0.14,0.44,0.38,0.02,-0.31,-61.09,-18.11,191.30,103.92,255,
54.00,-2.13,-1.32,-1.47,0.84,-0.14,0.44,0.38,0.02,-0.30,-60.95,-17.80,191.80,103.92,255,
54.13,-2.25,-1.79,-1.38,0.84,-0.14,0.45,0.37,0.02,-0.31,-61.02,-17.57,191.76,103.92,255,
54.29,-2.30,-1.50,-1.59,0.84,-0.15,0.45,0.39,0.01,-0.31,-60.84,-18.05,190.60,103.92,255,
54.41,-2.27,-1.57,-1.58,0.84,-0.14,0.44,0.38,0.02,-0.31,-61.22,-17.96,191.14,103.92,255,
54.52,-2.33,-1.52,-1.29,0.84,-0.14,0.44,0.38,0.01,-0.31,-61.03,-17.85,190.85,103.92,255,
54.68,-2.15,-1.21,-1.28,0.84,-0.14,0.45,0.38,0.01,-0.32,-60.75,-17.76,190.18,103.92,255,
54.80,-2.21,-1.77,-1.59,0.84,-0.15,0.45,0.38,0.02,-0.32,-60.70,-18.10,191.28,103.92,255,
54.91,-2.27,-1.42,-1.27,0.84,-0.14,0.44,0.38,0.01,-0.32,-61.02,-17.82,190.75,103.92,255,
55.07,-2.28,-1.64,-1.59,0.84,-0.14,0.44,0.38,0.01,-0.31,-60.98,-17.93,190.81,103.92,255,
55.20,-2.37,-1.42,-1.60,0.84,-0.14,0.44,0.38,0.02,-0.32,-61.18,-18.05,191.11,103.60,255,
55.32,-2.19,-1.73,-1.43,0.84,-0.15,0.44,0.38,0.02,-0.31,-60.94,-18.15,190.86,103.92,255,
55.46,-2.32,-1.56,-1.40,0.84,-0.14,0.44,0.38,0.01,-0.31,-60.99,-18.01,190.75,103.60,255,
55.59,-2.49,-1.79,-1.61,0.84,-0.14,0.44,0.37,0.02,-0.32,-61.02,-17.69,191.87,103.60,255,
55.70,-2.17,-1.60,-1.50,0.84,-0.14,0.44,0.37,0.02,-0.31,-61.05,-17.86,192.27,103.60,255,
55.85,-2.33,-1.50,-1.51,0.84,-0.14,0.45,0.38,0.01,-0.32,-60.84,-17.83,190.36,103.92,255,
55.97,-1.98,-1.56,-1.26,0.84,-0.15,0.44,0.38,0.02,-0.31,-61.03,-18.31,190.99,103.92,255,
56.11,-2.30,-1.50,-1.00,0.84,-0.14,0.45,0.37,0.01,-0.32,-60.81,-17.94,190.83,103.92,255,
56.24,-2.14,-1.44,-1.32,0.84,-0.14,0.44,0.37,0.01,-0.31,-61.03,-18.06,190.30,103.92,255,
56.37,-2.10,-1.47,-1.58,0.84,-0.14,0.44,0.38,0.01,-0.31,-61.10,-17.61,190.72,103.92,255,
56.48,-2.07,-1.46,-1.29,0.84,-0.14,0.45,0.37,0.02,-0.31,-60.93,-17.68,191.34,103.92,255,
56.63,-2.40,-1.68,-1.26,0.84,-0.14,0.44,0.38,0.01,-0.31,-61.13,-17.87,190.34,103.92,255,
56.76,-2.21,-1.48,-1.50,0.84,-0.14,0.44,0.38,0.01,-0.32,-61.10,-18.00,190.67,103.92,255,
56.87,-2.39,-1.51,-1.27,0.84,-0.14,0.45,0.38,0.01,-0.31,-60.86,-17.77,190.80,103.92,255,
57.00,-2.03,-1.43,-1.28,0.84,-0.14,0.44,0.37,0.02,-0.31,-60.91,-17.82,191.16,103.92,255,
57.15,-2.28,-1.59,-1.61,0.84,-0.14,0.45,0.38,0.02,-0.32,-60.83,-17.72,191.31,103.92,255,
57.29,-2.42,-1.50,-1.38,0.84,-0.14,0.44,0.38,0.01,-0.31,-60.88,-17.96,189.74,103.92,255,
57.41,-2.31,-1.57,-1.33,0.84,-0.14,0.44,0.38,0.01,-0.32,-61.00,-17.93,190.50,103.92,255,
57.54,-2.65,-1.83,-1.34,0.84,-0.14,0.44,0.38,0.01,-0.31,-60.95,-17.84,189.67,103.92,255,
57.66,-2.55,-1.43,-1.42,0.84,-0.14,0.44,0.38,0.01,-0.32,-60.87,-17.91,190.46,103.92,255,
57.81,-2.40,-1.58,-1.52,0.84,-0.15,0.45,0.38,0.01,-0.32,-60.86,-18.06,190.39,103.92,255,
57.94,-2.18,-1.54,-1.43,0.84,-0.14,0.44,0.38,0.02,-0.32,-60.88,-17.71,190.88,103.92,255,
58.13,-2.15,-1.58,-1.26,0.84,-0.14,0.44,0.38,0.01,-0.32,-61.05,-17.90,190.63,103.92,255,
58.47,-2.17,-1.56,-1.50,0.84,-0.14,0.44,0.38,0.02,-0.32,-61.12,-17.78,191.09,103.92,255,
58.50,-2.32,-1.50,-1.74,0.84,-0.14,0.44,0.38,0.01,-0.32,-60.96,-17.87,189.86,103.92,255,
58.51,-2.33,-1.53,-1.48,0.84,-0.14,0.44,0.37,0.01,-0.32,-61.09,-18.02,190.84,103.92,255,
58.58,-2.17,-1.40,-1.40,0.84,-0.14,0.44,0.38,0.02,-0.32,-61.03,-18.11,191.14,103.60,255,
58.69,-1.99,-1.52,-0.99,0.84,-0.14,0.44,0.38,0.02,-0.32,-60.94,-17.92,191.11,103.60,255,
58.82,-2.50,-1.64,-1.41,0.84,-0.14,0.45,0.38,0.01,-0.32,-60.83,-17.82,189.86,103.92,255,
58.97,-2.39,-1.69,-1.45,0.84,-0.14,0.44,0.38,0.02,-0.31,-60.92,-17.99,191.08,103.92,255,
59.11,-2.27,-1.58,-1.44,0.84,-0.14,0.44,0.38,0.01,-0.31,-61.05,-17.97,189.75,103.92,255,
59.22,-2.10,-1.69,-1.53,0.84,-0.14,0.45,0.38,0.01,-0.32,-60.91,-17.91,190.33,103.92,255,
59.36,-2.30,-1.86,-1.53,0.84,-0.14,0.44,0.38,0.01,-0.31,-60.83,-18.05,190.11,103.92,255,
59.47,-2.28,-1.53,-1.38,0.84,-0.14,0.45,0.38,0.02,-0.31,-60.83,-17.78,190.85,103.92,255,
59.62,-2.17,-1.62,-1.30,0.84,-0.14,0.44,0.38,0.01,-0.31,-61.02,-17.95,189.85,103.92,255,
59.75,-2.12,-1.47,-1.20,0.84,-0.14,0.44,0.38,0.02,-0.31,-60.98,-18.02,190.95,103.60,255,
59.88,-2.21,-1.53,-1.60,0.84,-0.14,0.44,0.38,0.01,-0.31,-60.93,-17.85,189.57,103.60,255,
60.00,-2.26,-1.42,-1.23,0.84,-0.14,0.45,0.37,0.01,-0.31,-60.90,-17.96,190.47,103.60,255,
60.14,-2.09,-1.56,-1.35,0.84,-0.14,0.44,0.38,0.01,-0.31,-61.19,-17.79,189.93,103.60,255,
60.26,-2.30,-1.76,-1.67,0.84,-0.14,0.45,0.38,0.01,-0.31,-60.91,-17.83,190.46,103.60,255,
60.41,-2.33,-1.50,-1.29,0.84,-0.14,0.45,0.38,0.01,-0.31,-60.84,-17.49,190.59,103.60,255,
60.53,-2.25,-1.66,-1.57,0.84,-0.14,0.44,0.38,0.02,-0.31,-60.82,-17.94,191.07,103.60,255,
60.64,-2.28,-1.41,-1.27,0.84,-0.14,0.44,0.38,0.01,-0.31,-61.15,-18.08,190.52,103.60,255,
60.80,-2.36,-1.61,-1.53,0.84,-0.14,0.44,0.37,0.01,-0.30,-60.90,-18.00,190.67,103.60,255,
60.91,-2.26,-1.62,-1.47,0.84,-0.15,0.44,0.38,0.01,-0.31,-60.94,-18.40,190.72,103.92,255,
61.03,-2.51,-1.64,-1.49,0.84,-0.15,0.45,0.38,0.02,-0.31,-60.79,-18.21,191.25,103.92,255,
61.17,-2.27,-1.41,-1.27,0.84,-0.14,0.45,0.38,0.01,-0.31,-60.54,-17.48,190.12,103.92,255,
61.29,-2.03,-1.37,-1.41,0.84,-0.14,0.44,0.38,0.01,-0.31,-60.96,-17.80,190.28,103.92,255,
61.44,-2.29,-1.62,-1.37,0.84,-0.14,0.44,0.38,0.01,-0.30,-61.10,-17.93,190.38,103.92,255,
61.56,-2.32,-1.61,-1.50,0.84,-0.14,0.44,0.38,0.02,-0.30,-60.97,-17.95,191.57,103.92,255,
61.69,-2.23,-1.60,-1.35,0.84,-0.14,0.44,0.38,0.01,-0.30,-61.07,-17.83,190.35,103.92,255,
61.84,-2.19,-1.40,-1.47,0.84,-0.14,0.44,0.38,0.01,-0.31,-60.97,-17.79,189.36,103.92,255,
61.96,-2.42,-1.47,-1.54,0.84,-0.14,0.45,0.37,0.01,-0.31,-60.90,-17.82,190.80,103.92,255,
62.07,-2.38,-1.59,-1.38,0.84,-0.15,0.44,0.38,0.02,-0.31,-60.88,-18.16,191.10,103.92,255,
62.21,-2.09,-1.48,-1.33,0.84,-0.14,0.44,0.38,0.01,-0.31,-61.11,-17.87,189.73,103.92,255,
62.36,-2.21,-1.55,-1.67,0.84,-0.14,0.44,0.38,0.01,-0.31,-61.12,-17.71,190.32,103.92,255,
62.46,-2.26,-1.58,-1.46,0.84,-0.14,0.45,0.38,0.02,-0.31,-60.74,-17.62,191.28,103.92,255,
62.62,-2.20,-1.30,-1.25,0.84,-0.14,0.45,0.38,0.01,-0.31,-60.87,-17.82,190.23,103.92,255,
62.74,-2.21,-1.64,-1.50,0.84,-0.14,0.45,0.38,0.02,-0.31,-60.85,-17.72,191.15,103.92,255,
62.85,-2.49,-1.41,-1.58,0.84,-0.14,0.45,0.38,0.02,-0.31,-60.83,-17.88,191.09,103.92,255,
63.00,-2.15,-1.47,-1.47,0.84,-0.14,0.45,0.38,0.02,-0.31,-60.89,-17.69,191.11,103.92,255,
63.11,-2.25,-1.67,-1.49,0.84,-0.14,0.45,0.38,0.01,-0.30,-60.72,-17.71,190.61,103.60,255,
63.27,-2.38,-1.67,-1.40,0.84,-0.14,0.44,0.38,0.01,-0.31,-61.05,-17.97,190.55,103.60,255,
63.39,-2.33,-1.55,-1.37,0.84,-0.14,0.44,0.38,0.01,-0.31,-60.91,-18.05,190.14,103.92,255,
63.53,-2.32,-1.60,-1.21,0.84,-0.14,0.44,0.38,0.02,-0.30,-61.04,-17.79,190.91,103.60,255,
63.65,-2.24,-1.70,-1.59,0.84,-0.15,0.45,0.38,0.01,-0.31,-60.79,-18.11,190.13,103.92,255,
63.76,-2.62,-1.67,-1.33,0.84,-0.14,0.45,0.38,0.01,-0.31,-60.74,-17.79,190.79,103.60,255,
63.92,-2.26,-1.79,-1.62,0.84,-0.14,0.44,0.38,0.01,-0.30,-61.13,-17.75,190.74,103.60,255,
64.04,-2.41,-1.65,-1.32,0.84,-0.14,0.44,0.37,0.02,-0.31,-60.92,-18.02,191.07,103.60,255,
64.16,-2.48,-1.44,-1.47,0.84,-0.14,0.45,0.37,0.02,-0.31,-60.86,-17.79,191.27,103.60,255,
64.31,-2.42,-1.51,-1.47,0.84,-0.14,0.44,0.38,0.01,-0.32,-61.08,-17.86,189.71,103.92,255,
64.43,-2.19,-1.44,-1.46,0.84,-0.14,0.44,0.37,0.02,-0.31,-61.00,-17.86,191.58,103.60,255,
64.55,-2.31,-1.81,-1.59,0.84,-0.14,0.45,0.37,0.02,-0.31,-60.87,-17.72,191.26,103.60,255,
64.70,-2.09,-1.47,-1.25,0.84,-0.15,0.45,0.38,0.02,-0.31,-60.82,-18.14,191.06,103.92,255,
64.82,-2.22,-1.60,-1.47,0.84,-0.15,0.45,0.37,0.02,-0.30,-60.72,-17.99,191.50,103.60,255,
64.96,-2.36,-1.53,-1.48,0.84,-0.15,0.44,0.38,0.01,-0.31,-61.03,-18.17,190.72,103.92,255,
65.08,-2.30,-1.49,-1.50,0.84,-0.14,0.44,0.38,0.01,-0.31,-61.07,-17.76,190.44,103.92,255,
65.20,-2.31,-1.64,-1.24,0.84,-0.14,0.45,0.38,0.01,-0.31,-60.74,-17.84,190.30,103.60,255,
65.34,-2.35,-1.44,-1.32,0.84,-0.14,0.44,0.38,0.01,-0.32,-61.05,-17.72,189.71,103.92,255,
65.47,-2.48,-1.23,-1.29,0.84,-0.14,0.44,0.38,0.01,-0.31,-60.98,-17.94,190.37,103.92,255,
65.60,-2.17,-1.56,-1.50,0.84,-0.14,0.44,0.38,0.01,-0.30,-61.07,-18.13,190.60,103.92,255,
65.72,-2.35,-1.50,-1.37,0.84,-0.14,0.45,0.38,0.01,-0.31,-60.83,-17.73,190.83,103.92,255,
65.87,-2.31,-1.50,-1.40,0.84,-0.14,0.44,0.38,0.01,-0.31,-61.03,-17.83,190.59,103.92,255,
65.99,-2.33,-1.53,-1.39,0.84,-0.14,0.44,0.38,0.02,-0.30,-60.93,-18.03,191.22,103.60,255,
66.10,-2.24,-1.50,-1.22,0.84,-0.14,0.45,0.37,0.02,-0.31,-60.81,-17.88,191.40,103.60,255,
66.26,-2.27,-1.49,-1.31,0.84,-0.14,0.45,0.37,0.02,-0.31,-60.84,-17.87,191.20,103.60,255,
66.37,-2.59,-1.58,-1.50,0.84,-0.15,0.44,0.37,0.01,-0.31,-61.18,-18.69,190.84,103.92,255,
66.52,-2.32,-1.62,-1.47,0.84,-0.14,0.45,0.38,0.01,-0.31,-60.88,-17.72,190.09,103.92,255,
66.64,-2.05,-1.64,-1.13,0.84,-0.14,0.45,0.38,0.02,-0.30,-60.81,-17.65,190.91,103.92,255,
66.76,-2.33,-1.42,-1.64,0.84,-0.14,0.45,0.38,0.01,-0.31,-60.85,-17.81,190.53,103.60,255,
66.91,-2.06,-1.56,-1.52,0.84,-0.14,0.45,0.38,0.02,-0.31,-60.81,-17.90,190.93,103.92,255,
67.04,-2.47,-1.40,-1.15,0.84,-0.15,0.44,0.38,0.01,-0.31,-60.94,-18.19,190.78,103.92,255,
67.17,-2.26,-1.79,-1.44,0.84,-0.14,0.44,0.38,0.01,-0.31,-60.94,-17.96,190.53,103.92,255,
67.29,-2.33,-1.41,-1.20,0.84,-0.14,0.44,0.38,0.02,-0.31,-60.96,-17.98,191.10,103.92,255,
67.41,-2.24,-1.58,-1.50,0.84,-0.14,0.44,0.38,0.01,-0.31,-60.94,-17.85,190.58,103.92,255,
67.55,-2.21,-1.62,-1.48,0.84,-0.14,0.45,0.37,0.02,-0.30,-60.91,-17.99,191.01,103.60,255,
67.67,-2.24,-1.60,-1.31,0.84,-0.14,0.45,0.37,0.01,-0.31,-60.93,-17.80,190.61,103.60,255,
67.81,-2.32,-1.56,-1.35,0.84,-0.14,0.44,0.38,0.01,-0.31,-61.27,-18.06,190.79,103.60,255,
67.95,-2.19,-1.85,-1.59,0.84,-0.14,0.45,0.38,0.02,-0.31,-60.77,-17.93,191.57,103.60,255,
68.07,-2.22,-1.37,-1.22,0.84,-0.14,0.44,0.38,0.02,-0.31,-60.95,-17.77,191.25,103.60,255,
68.19,-2.16,-1.69,-1.39,0.84,-0.14,0.44,0.38,0.02,-0.31,-60.96,-17.98,190.91,103.60,255,
68.34,-2.35,-1.85,-1.36,0.84,-0.14,0.44,0.38,0.01,-0.31,-61.24,-18.04,190.57,103.60,255,
68.46,-2.12,-1.51,-1.15,0.84,-0.14,0.44,0.38,0.01,-0.31,-60.97,-18.03,190.77,103.92,255,
68.62,-2.42,-1.39,-1.32,0.84,-0.14,0.45,0.38,0.01,-0.30,-60.82,-17.91,189.90,103.92,255,
68.71,-2.38,-1.59,-1.25,0.84,-0.14,0.44,0.38,0.02,-0.31,-60.95,-17.99,191.33,103.60,255,
68.84,-2.30,-1.50,-1.50,0.84,-0.14,0.44,0.38,0.01,-0.30,-61.03,-17.95,190.62,103.60,255,
68.97,-2.39,-1.61,-1.35,0.84,-0.14,0.44,0.38,0.02,-0.31,-60.99,-17.66,191.43,103.60,255,
69.10,-2.42,-1.47,-1.46,0.84,-0.14,0.44,0.38,0.02,-0.31,-61.02,-17.81,191.53,103.60,255,
69.23,-2.36,-1.56,-1.52,0.84,-0.15,0.44,0.38,0.02,-0.31,-60.85,-18.24,191.35,103.60,255,
69.36,-2.06,-1.54,-1.25,0.84,-0.14,0.44,0.38,0.01,-0.31,-60.93,-18.03,189.66,103.92,255,
69.49,-2.30,-1.52,-1.20,0.84,-0.14,0.45,0.38,0.01,-0.31,-60.89,-17.74,190.45,103.92,255,
69.66,-2.29,-1.58,-1.44,0.84,-0.14,0.44,0.38,0.01,-0.31,-60.94,-17.79,190.03,103.92,255,
69.75,-2.33,-1.70,-1.23,0.84,-0.15,0.44,0.38,0.01,-0.31,-61.03,-18.59,190.65,103.92,255,
69.88,-2.38,-1.64,-1.43,0.84,-0.14,0.44,0.38,0.02,-0.30,-61.21,-17.35,191.14,103.92,255,
70.04,-2.25,-1.64,-1.52,0.84,-0.14,0.44,0.38,0.01,-0.31,-61.11,-17.84,190.44,103.92,255,
70.15,-2.50,-1.62,-1.24,0.84,-0.14,0.44,0.38,0.02,-0.30,-61.08,-17.72,191.42,103.92,255,
70.29,-2.23,-1.67,-1.31,0.84,-0.14,0.45,0.38,0.01,-0.30,-60.86,-17.98,190.58,103.92,255,
70.40,-2.27,-1.73,-1.42,0.84,-0.15,0.45,0.38,0.02,-0.31,-60.74,-17.97,191.40,103.92,255,
70.55,-2.12,-1.60,-1.47,0.84,-0.14,0.43,0.38,0.02,-0.30,-61.77,-17.88,190.97,103.92,255,
70.66,-2.36,-1.54,-1.32,0.84,-0.14,0.44,0.38,0.02,-0.31,-61.20,-17.90,191.73,103.92,255,
70.82,-2.21,-1.61,-1.53,0.84,-0.14,0.44,0.38,0.01,-0.32,-61.07,-17.95,190.67,103.92,255,
70.94,-2.07,-1.71,-1.33,0.84,-0.14,0.45,0.38,0.02,-0.31,-60.90,-17.88,191.93,103.92,255,
71.07,-2.42,-1.64,-1.53,0.84,-0.14,0.45,0.38,0.02,-0.31,-60.77,-17.70,191.24,103.92,255,
71.18,-2.34,-1.32,-1.35,0.84,-0.14,0.44,0.38,0.01,-0.31,-60.89,-17.98,190.39,103.92,255,
71.34,-2.25,-1.47,-1.36,0.84,-0.14,0.44,0.38,0.01,-0.31,-60.98,-17.80,190.60,103.92,255,
71.46,-2.13,-1.37,-1.45,0.84,-0.14,0.44,0.38,0.02,-0.31,-60.87,-18.05,191.28,103.60,255,
71.58,-2.33,-1.53,-1.32,0.84,-0.14,0.44,0.37,0.02,-0.30,-61.08,-17.79,190.92,103.92,255,
71.71,-2.17,-1.47,-1.33,0.84,-0.14,0.44,0.38,0.02,-0.32,-61.07,-18.01,191.66,103.92,255,
71.86,-2.27,-1.69,-1.17,0.84,-0.14,0.44,0.38,0.02,-0.31,-61.03,-17.95,191.47,103.92,255,
71.99,-2.34,-1.50,-1.44,0.84,-0.14,0.44,0.37,0.02,-0.31,-60.89,-17.96,192.05,103.60,255,
72.11,-2.25,-1.35,-1.36,0.84,-0.14,0.44,0.38,0.02,-0.31,-61.15,-18.11,191.79,103.92,255,
72.25,-2.27,-1.51,-1.33,0.84,-0.14,0.45,0.38,0.01,-0.31,-60.83,-17.75,190.54,103.92,255,
72.38,-2.39,-1.59,-1.32,0.84,-0.14,0.45,0.37,0.01,-0.31,-60.77,-17.19,190.86,103.92,255,
72.50,-2.23,-1.64,-1.42,0.84,-0.15,0.44,0.37,0.01,-0.31,-60.97,-18.54,190.78,103.92,255,
72.64,-2.18,-1.65,-1.49,0.84,-0.14,0.44,0.38,0.01,-0.32,-60.96,-17.93,189.84,103.92,255,
72.76,-2.35,-1.56,-1.56,0.84,-0.14,0.45,0.37,0.02,-0.31,-60.96,-17.77,191.27,103.92,255,
72.90,-2.47,-1.61,-1.56,0.84,-0.14,0.45,0.38,0.01,-0.31,-60.83,-17.94,190.82,103.92,255,
73.02,-2.40,-1.64,-1.66,0.84,-0.15,0.45,0.38,0.01,-0.31,-60.50,-17.85,190.17,103.60,255,
73.16,-2.21,-1.53,-1.24,0.84,-0.14,0.44,0.38,0.01,-0.31,-61.21,-17.96,190.70,103.92,255,
73.28,-2.25,-1.44,-1.37,0.84,-0.14,0.44,0.38,0.01,-0.31,-61.33,-17.71,190.84,103.92,255,
73.41,-2.33,-1.50,-1.40,0.84,-0.14,0.44,0.38,0.02,-0.31,-61.06,-17.98,191.33,103.60,255,
73.54,-2.11,-1.40,-1.47,0.84,-0.14,0.44,0.37,0.02,-0.31,-61.21,-17.82,191.22,103.60,255,
73.67,-2.40,-1.48,-1.48,0.84,-0.15,0.45,0.38,0.01,-0.31,-60.71,-18.02,190.83,103.92,255,
73.81,-2.25,-1.39,-1.17,0.84,-0.15,0.45,0.38,0.01,-0.30,-60.68,-18.21,190.79,103.60,255,
73.94,-2.06,-1.46,-1.17,0.84,-0.14,0.45,0.38,0.01,-0.31,-60.81,-17.78,190.78,103.60,255,
74.05,-2.41,-1.60,-1.53,0.84,-0.14,0.44,0.38,0.01,-0.31,-61.11,-17.97,190.11,103.92,255,
74.19,-2.38,-1.50,-1.47,0.84,-0.14,0.44,0.38,0.02,-0.31,-61.04,-17.94,191.13,103.92,255,
74.31,-2.06,-1.53,-1.39,0.84,-0.14,0.44,0.38,0.01,-0.31,-60.97,-17.98,190.85,103.92,255,
74.46,-2.04,-1.55,-1.39,0.84,-0.15,0.45,0.38,0.01,-0.31,-60.87,-18.10,190.73,103.92,255,
74.58,-2.17,-1.72,-1.44,0.84,-0.14,0.45,0.38,0.02,-0.31,-60.93,-17.59,191.15,103.60,255,
74.72,-2.35,-1.39,-1.61,0.84,-0.14,0.44,0.38,0.02,-0.31,-60.97,-17.89,191.15,103.92,255,
74.84,-2.27,-1.59,-1.44,0.84,-0.14,0.44,0.38,0.02,-0.31,-60.96,-17.71,190.93,103.92,255,
74.96,-2.12,-1.32,-1.52,0.84,-0.14,0.44,0.38,0.01,-0.31,-60.98,-18.11,190.75,103.60,255,
75.12,-2.23,-1.56,-1.68,0.84,-0.14,0.45,0.38,0.01,-0.31,-60.76,-17.51,190.64,103.92,255,
75.22,-2.28,-1.38,-1.35,0.84,-0.15,0.45,0.38,0.02,-0.31,-60.91,-18.04,191.02,103.60,255,
75.35,-2.54,-1.46,-1.29,0.84,-0.14,0.45,0.38,0.01,-0.31,-60.94,-17.70,190.15,103.60,255,
75.48,-2.24,-1.26,-1.36,0.84,-0.15,0.44,0.38,0.01,-0.31,-61.04,-18.16,190.55,103.60,255,
75.62,-2.18,-1.56,-1.28,0.84,-0.14,0.44,0.37,0.02,-0.31,-61.10,-17.90,191.36,103.60,255,
75.74,-2.14,-1.50,-1.29,0.84,-0.14,0.44,0.38,0.01,-0.31,-61.12,-18.02,189.94,103.60,255,
75.87,-2.29,-1.50,-1.62,0.84,-0.14,0.44,0.38,0.01,-0.31,-60.89,-18.03,190.59,103.92,255,
76.01,-2.43,-1.53,-1.41,0.84,-0.14,0.44,0.39,0.02,-0.31,-61.26,-18.14,190.95,103.92,255,
76.13,-2.08,-1.41,-1.29,0.84,-0.14,0.45,0.38,0.02,-0.31,-60.83,-17.68,191.26,103.92,255,
76.28,-2.50,-1.58,-1.35,0.84,-0.15,0.45,0.38,0.01,-0.31,-60.70,-18.24,190.60,103.92,255,
76.39,-2.29,-1.48,-1.62,0.84,-0.14,0.45,0.38,0.01,-0.31,-60.83,-17.89,190.37,103.92,255,
76.54,-2.21,-1.38,-1.47,0.84,-0.14,0.44,0.38,0.02,-0.32,-61.07,-17.98,190.97,103.92,255,
76.66,-2.10,-1.25,-1.10,0.84,-0.15,0.44,0.37,0.02,-0.31,-60.98,-18.34,191.98,103.92,255,
76.78,-2.12,-1.33,-1.21,0.84,-0.14,0.44,0.38,0.01,-0.31,-61.01,-17.96,190.40,103.92,255,
76.94,-2.20,-1.53,-1.25,0.84,-0.14,0.44,0.38,0.02,-0.31,-61.15,-18.13,191.28,103.92,255,
77.04,-2.08,-1.74,-1.36,0.84,-0.14,0.44,0.37,0.01,-0.32,-61.06,-17.84,190.63,103.92,255,
77.18,-2.18,-1.51,-1.61,0.84,-0.14,0.44,0.38,0.02,-0.31,-61.02,-18.11,191.31,103.60,255,
77.30,-2.39,-1.64,-1.44,0.84,-0.14,0.44,0.38,0.01,-0.31,-60.89,-17.64,190.55,103.92,255,
77.44,-2.36,-1.47,-1.40,0.84,-0.14,0.44,0.38,0.01,-0.31,-60.99,-17.99,190.26,103.92,255,
77.57,-2.23,-1.64,-1.55,0.84,-0.14,0.44,0.38,0.01,-0.31,-61.09,-18.07,190.66,103.92,255,
77.69,-2.10,-1.66,-1.29,0.84,-0.14,0.44,0.38,0.01,-0.31,-61.08,-17.87,190.57,103.92,255,
77.84,-2.19,-1.50,-1.39,0.84,-0.14,0.44,0.38,0.01,-0.31,-61.21,-18.20,190.66,103.92,255,
77.98,-2.36,-1.65,-1.41,0.84,-0.14,0.44,0.37,0.01,-0.31,-61.03,-17.99,190.54,103.92,255,
78.09,-1.94,-1.71,-1.44,0.84,-0.14,0.44,0.37,0.02,-0.30,-60.87,-17.96,190.96,103.92,255,
78.21,-2.15,-1.54,-1.29,0.83,-0.14,0.45,0.38,0.01,-0.32,-60.45,-17.87,190.64,103.92,255,
78.34,-2.27,-1.48,-1.32,0.84,-0.14,0.45,0.37,0.01,-0.31,-60.86,-17.87,190.81,103.92,255,
78.49,-2.23,-1.59,-1.34,0.84,-0.14,0.44,0.37,0.01,-0.31,-61.04,-17.73,190.08,103.60,255,
78.60,-2.38,-1.70,-1.32,0.84,-0.15,0.44,0.38,0.01,-0.31,-60.85,-18.07,190.03,103.92,255,
78.75,-2.42,-1.50,-1.51,0.84,-0.14,0.44,0.38,0.02,-0.30,-61.01,-17.92,191.21,103.60,255,
78.88,-2.31,-1.55,-1.35,0.84,-0.14,0.44,0.38,0.01,-0.30,-61.00,-18.11,190.72,103.60,255,
79.00,-2.20,-1.50,-1.25,0.84,-0.14,0.44,0.37,0.02,-0.31,-61.16,-17.99,190.92,103.60,255,
79.16,-2.20,-1.78,-1.51,0.84,-0.14,0.44,0.38,0.01,-0.31,-60.92,-17.87,189.84,103.60,255,
79.26,-2.46,-1.70,-1.36,0.84,-0.14,0.44,0.38,0.01,-0.31,-61.15,-17.94,190.72,103.92,255,
79.40,-2.50,-1.53,-1.53,0.84,-0.14,0.44,0.38,0.01,-0.31,-61.13,-17.95,190.66,103.92,255,
79.53,-2.19,-1.62,-1.50,0.84,-0.14,0.44,0.38,0.01,-0.31,-61.05,-17.84,190.65,103.60,255,
79.64,-2.23,-1.55,-1.17,0.84,-0.15,0.44,0.38,0.01,-0.30,-60.92,-18.10,190.44,103.92,255,
79.80,-2.36,-1.52,-1.50,0.84,-0.14,0.45,0.38,0.02,-0.31,-60.89,-17.92,191.84,103.60,255,
79.91,-2.18,-1.59,-1.48,0.84,-0.14,0.44,0.38,0.01,-0.31,-60.89,-17.84,189.96,103.92,255,
80.04,-2.33,-1.73,-1.19,0.84,-0.14,0.45,0.38,0.02,-0.30,-60.85,-17.77,191.29,103.60,255,
80.16,-2.42,-1.58,-1.31,0.84,-0.14,0.45,0.38,0.02,-0.31,-60.87,-17.75,190.94,103.60,255,
80.30,-2.12,-1.60,-1.40,0.84,-0.14,0.45,0.38,0.02,-0.31,-60.87,-17.67,190.99,103.60,255,
80.43,-2.32,-1.54,-1.68,0.84,-0.14,0.44,0.38,0.02,-0.31,-60.87,-17.88,191.21,103.60,255,
80.55,-2.17,-1.42,-1.41,0.84,-0.14,0.45,0.38,0.01,-0.31,-60.87,-17.73,190.40,103.60,255,
80.68,-2.29,-1.42,-1.47,0.84,-0.14,0.44,0.38,0.01,-0.31,-61.14,-17.91,190.24,103.60,255,
80.81,-2.29,-1.65,-1.23,0.84,-0.14,0.44,0.38,0.01,-0.31,-61.15,-17.99,189.84,103.60,255,
80.96,-2.19,-1.52,-1.41,0.84,-0.14,0.45,0.38,0.02,-0.31,-60.86,-17.63,190.96,103.60,255,
81.10,-2.18,-1.29,-1.32,0.84,-0.14,0.44,0.37,0.01,-0.31,-61.01,-18.06,190.74,103.60,255,
81.20,-2.03,-1.62,-1.23,0.84,-0.14,0.44,0.37,0.02,-0.31,-60.88,-18.09,191.23,103.60,255,
81.34,-2.44,-1.45,-1.45,0.84,-0.14,0.44,0.37,0.02,-0.31,-61.19,-17.86,191.35,103.92,255,
81.46,-2.18,-1.70,-1.39,0.84,-0.14,0.45,0.37,0.01,-0.31,-60.87,-17.77,190.68,103.60,255,
81.60,-2.43,-1.55,-1.46,0.84,-0.14,0.44,0.37,0.02,-0.31,-60.98,-17.81,191.51,103.92,255,
81.74,-2.11,-1.58,-1.24,0.84,-0.14,0.44,0.37,0.02,-0.32,-60.96,-17.80,191.04,103.60,255,
81.86,-2.55,-1.52,-1.39,0.84,-0.14,0.45,0.38,0.01,-0.31,-60.84,-17.65,190.28,103.92,255,
82.01,-1.94,-1.61,-1.37,0.84,-0.14,0.45,0.38,0.02,-0.31,-60.79,-17.77,191.60,103.60,255,
82.15,-2.36,-1.63,-1.47,0.84,-0.14,0.44,0.38,0.02,-0.30,-61.10,-18.17,191.04,103.92,255,
82.24,-2.32,-1.50,-1.14,0.84,-0.14,0.44,0.38,0.02,-0.32,-60.99,-17.78,190.95,103.92,255,
82.39,-2.33,-1.45,-1.35,0.84,-0.14,0.44,0.37,0.02,-0.31,-61.14,-17.98,191.40,103.92,255,
82.51,-2.49,-1.53,-1.62,0.84,-0.14,0.44,0.38,0.01,-0.31,-60.94,-17.92,190.48,103.60,255,
82.66,-2.18,-1.63,-1.62,0.84,-0.15,0.45,0.37,0.02,-0.31,-60.85,-18.16,191.08,103.60,255,
82.77,-2.15,-1.61,-1.44,0.84,-0.14,0.45,0.38,0.01,-0.31,-60.76,-17.67,190.18,103.92,255,
82.92,-2.17,-1.50,-1.43,0.84,-0.14,0.45,0.37,0.02,-0.31,-60.89,-17.90,191.06,103.60,255,
83.04,-2.46,-1.69,-1.37,0.84,-0.14,0.44,0.37,0.02,-0.30,-60.91,-17.91,191.79,103.92,255,
83.15,-2.28,-1.61,-1.31,0.84,-0.14,0.44,0.38,0.02,-0.31,-61.05,-17.66,190.95,103.60,255,
83.30,-2.03,-1.53,-1.38,0.84,-0.14,0.44,0.38,0.01,-0.31,-61.00,-18.09,189.90,103.92,255,
83.42,-2.12,-1.56,-1.47,0.84,-0.14,0.45,0.38,0.01,-0.31,-60.79,-17.63,190.02,103.92,255,
83.55,-2.23,-1.62,-1.52,0.84,-0.15,0.45,0.38,0.01,-0.31,-60.84,-18.05,190.84,103.92,255,
83.68,-2.24,-1.49,-1.69,0.84,-0.14,0.44,0.37,0.01,-0.30,-61.06,-17.90,190.02,103.92,255,
83.83,-2.27,-1.41,-1.49,0.84,-0.14,0.44,0.37,0.01,-0.31,-61.09,-17.88,190.61,103.92,255,
83.94,-2.30,-1.61,-1.38,0.84,-0.14,0.44,0.37,0.01,-0.31,-60.94,-17.84,190.31,103.92,255,
84.09,-2.18,-1.55,-1.35,0.84,-0.15,0.44,0.37,0.01,-0.31,-60.92,-18.13,190.51,103.92,255,
84.20,-2.30,-1.57,-1.60,0.84,-0.14,0.44,0.37,0.02,-0.31,-60.95,-17.86,191.09,103.92,255,
84.34,-2.39,-1.72,-1.38,0.84,-0.14,0.44,0.38,0.02,-0.31,-60.97,-17.96,191.10,103.92,255,
84.46,-2.15,-1.61,-1.24,0.84,-0.14,0.45,0.38,0.01,-0.31,-60.89,-17.84,190.68,103.92,255,
84.61,-2.29,-1.35,-1.68,0.84,-0.14,0.45,0.38,0.01,-0.31,-60.79,-17.94,189.38,103.92,255,
84.72,-2.31,-1.59,-1.48,0.84,-0.14,0.45,0.38,0.02,-0.31,-60.88,-17.69,191.19,103.92,255,
84.87,-2.55,-1.69,-1.35,0.84,-0.14,0.44,0.38,0.02,-0.31,-61.02,-17.69,190.88,103.92,255,
84.99,-2.32,-1.53,-1.65,0.84,-0.14,0.44,0.38,0.01,-0.32,-61.05,-18.01,190.49,103.92,255,
85.11,-2.31,-1.77,-1.53,0.84,-0.14,0.44,0.39,0.01,-0.31,-61.19,-17.96,190.45,103.92,255,
85.24,-2.39,-1.55,-1.38,0.84,-0.14,0.44,0.38,0.01,-0.30,-61.08,-18.09,189.63,103.92,255,
85.37,-2.24,-1.56,-1.41,0.84,-0.15,0.44,0.38,0.02,-0.31,-61.00,-18.22,190.93,103.92,255,
85.51,-2.52,-1.69,-1.49,0.84,-0.14,0.44,0.37,0.02,-0.31,-60.99,-17.82,191.06,103.92,255,
85.63,-2.24,-1.55,-1.50,0.84,-0.15,0.44,0.37,0.01,-0.30,-60.94,-18.25,190.79,103.92,255,
85.79,-2.26,-1.74,-1.66,0.84,-0.14,0.43,0.38,0.01,-0.31,-61.72,-18.46,190.31,103.92,255,
85.89,-2.30,-1.65,-1.37,0.84,-0.15,0.44,0.38,0.02,-0.31,-60.96,-18.15,190.93,103.92,255,
86.04,-2.30,-1.50,-1.25,0.84,-0.14,0.44,0.38,0.01,-0.31,-61.19,-17.79,189.71,103.92,255,
86.16,-2.41,-1.54,-1.39,0.84,-0.14,0.45,0.38,0.01,-0.30,-60.86,-17.85,190.33,103.92,255,
86.28,-2.04,-1.47,-1.53,0.84,-0.14,0.44,0.37,0.01,-0.31,-60.96,-17.88,190.32,103.92,255,
86.42,-2.13,-1.55,-1.38,0.84,-0.14,0.45,0.38,0.02,-0.30,-60.79,-17.72,190.92,103.92,255,
86.54,-2.28,-1.60,-1.26,0.84,-0.14,0.45,0.37,0.01,-0.30,-60.80,-17.68,190.49,103.92,255,
86.67,-2.39,-1.63,-1.18,0.84,-0.14,0.44,0.37,0.01,-0.31,-60.94,-18.03,190.23,103.92,255,
86.82,-2.24,-1.53,-1.59,0.84,-0.14,0.44,0.38,0.01,-0.30,-61.05,-17.82,189.97,103.92,255,
86.94,-2.38,-1.54,-1.29,0.84,-0.14,0.44,0.38,0.01,-0.30,-61.11,-18.17,190.09,103.92,255,
87.09,-2.30,-1.60,-1.32,0.84,-0.14,0.45,0.38,0.01,-0.31,-60.78,-17.31,190.43,103.92,255,
87.20,-2.20,-1.57,-1.62,0.84,-0.15,0.45,0.37,0.01,-0.31,-60.80,-18.22,190.44,103.92,255,
87.34,-2.28,-1.59,-1.52,0.84,-0.14,0.43,0.38,0.01,-0.31,-61.74,-18.01,190.73,103.92,255,
87.50,-2.38,-1.70,-1.18,0.84,-0.14,0.45,0.37,0.02,-0.31,-60.85,-17.81,191.15,103.92,255,
87.58,-2.31,-1.35,-1.32,0.84,-0.14,0.44,0.37,0.02,-0.31,-61.35,-17.86,191.18,103.92,255,
87.72,-2.12,-1.86,-1.34,0.84,-0.14,0.44,0.38,0.01,-0.31,-61.13,-17.83,190.69,103.92,255,
87.86,-2.47,-1.67,-1.33,0.84,-0.15,0.46,0.37,0.02,-0.31,-60.30,-17.97,191.02,103.60,255,
87.97,-2.39,-1.77,-1.59,0.84,-0.14,0.45,0.38,0.01,-0.32,-60.70,-17.79,190.21,103.92,255,
88.11,-2.53,-1.46,-1.43,0.84,-0.14,0.44,0.37,0.02,-0.31,-60.94,-18.03,191.03,103.92,255,
88.24,-2.18,-1.53,-1.53,0.84,-0.14,0.44,0.37,0.01,-0.32,-61.02,-17.99,190.34,103.92,255,
88.39,-2.16,-1.53,-1.24,0.84,-0.14,0.44,0.37,0.02,-0.31,-61.01,-17.53,190.89,103.92,255,
88.51,-2.38,-1.52,-1.54,0.84,-0.14,0.44,0.37,0.02,-0.31,-60.94,-17.85,191.18,103.92,255,
88.63,-2.39,-1.53,-1.42,0.84,-0.14,0.44,0.38,0.02,-0.31,-61.03,-17.81,192.00,103.92,255,
88.76,-2.16,-1.70,-1.33,0.84,-0.14,0.44,0.37,0.01,-0.31,-60.81,-17.94,189.87,103.92,255,
88.88,-2.31,-1.43,-1.17,0.84,-0.14,0.44,0.38,0.01,-0.31,-60.99,-17.23,190.51,103.92,255,
89.02,-2.36,-1.62,-1.26,0.84,-0.14,0.44,0.37,0.01,-0.31,-61.11,-18.00,190.84,103.92,255,
89.14,-2.24,-1.34,-1.01,0.84,-0.14,0.44,0.37,0.02,-0.30,-60.91,-18.02,191.01,103.60,255,
89.29,-2.14,-1.70,-1.32,0.84,-0.14,0.44,0.37,0.01,-0.31,-61.05,-18.01,190.68,103.92,255,
89.41,-2.20,-1.70,-1.28,0.84,-0.14,0.44,0.37,0.01,-0.32,-61.05,-17.82,190.60,103.92,255,
89.53,-2.32,-1.61,-1.30,0.84,-0.15,0.45,0.37,0.01,-0.31,-60.71,-17.97,190.54,103.92,255,
89.67,-2.17,-1.61,-1.53,0.84,-0.14,0.44,0.38,0.01,-0.31,-61.03,-17.96,190.52,103.92,255,
89.82,-2.15,-1.67,-1.32,0.84,-0.14,0.44,0.37,0.01,-0.32,-61.00,-17.89,190.40,103.92,255,
89.95,-2.32,-1.47,-1.27,0.84,-0.15,0.45,0.37,0.01,-0.31,-60.59,-17.85,189.78,103.92,255,
90.06,-2.28,-1.59,-1.51,0.84,-0.14,0.44,0.38,0.01,-0.31,-60.97,-17.87,190.27,103.92,255,
90.21,-2.30,-1.63,-1.55,0.84,-0.15,0.44,0.37,0.01,-0.31,-61.10,-18.30,190.21,103.92,255,
90.33,-2.42,-1.59,-1.44,0.84,-0.14,0.45,0.38,0.01,-0.31,-60.83,-17.71,190.16,103.92,255,
90.45,-2.14,-1.59,-1.29,0.84,-0.14,0.44,0.37,0.02,-0.31,-61.01,-18.06,191.29,103.92,255,
90.58,-2.31,-1.47,-1.47,0.84,-0.15,0.44,0.38,0.01,-0.32,-60.98,-18.17,190.06,103.92,255,
90.71,-2.38,-1.54,-1.30,0.84,-0.14,0.44,0.37,0.01,-0.31,-60.93,-17.88,190.48,103.92,255,
90.84,-2.34,-1.41,-1.59,0.84,-0.14,0.44,0.37,0.01,-0.31,-61.10,-18.00,190.51,103.92,255,
90.99,-2.34,-1.51,-1.48,0.84,-0.14,0.44,0.38,0.02,-0.30,-61.27,-18.17,190.94,103.92,255,
91.10,-2.36,-1.56,-1.22,0.84,-0.15,0.44,0.37,0.01,-0.31,-60.86,-18.15,190.27,103.92,255,
91.23,-2.32,-1.71,-1.24,0.84,-0.14,0.45,0.37,0.01,-0.31,-60.71,-17.72,190.26,103.60,255,
91.38,-2.33,-1.63,-1.58,0.84,-0.14,0.44,0.38,0.01,-0.31,-60.99,-17.81,190.52,103.92,255,
91.51,-2.30,-1.47,-1.27,0.84,-0.15,0.45,0.38,0.02,-0.31,-60.87,-18.11,191.21,103.92,255,
91.62,-2.05,-1.43,-1.22,0.84,-0.15,0.45,0.38,0.02,-0.31,-60.87,-18.04,191.36,103.60,255,
91.78,-2.19,-1.53,-1.29,0.84,-0.14,0.45,0.37,0.02,-0.30,-60.80,-17.73,191.96,103.60,255,
91.90,-2.14,-1.56,-1.38,0.84,-0.15,0.44,0.38,0.02,-0.31,-61.00,-18.16,191.19,103.92,255,
92.01,-2.13,-1.60,-1.25,0.84,-0.14,0.44,0.37,0.01,-0.31,-60.99,-17.94,190.68,103.92,255,
92.14,-2.35,-1.39,-1.31,0.84,-0.14,0.44,0.37,0.01,-0.31,-61.07,-18.14,190.47,103.92,255,
92.29,-2.44,-1.51,-1.58,0.84,-0.14,0.45,0.38,0.01,-0.31,-60.83,-17.75,190.67,103.92,255,
92.41,-2.38,-1.56,-1.36,0.84,-0.14,0.45,0.38,0.02,-0.30,-60.91,-17.86,191.27,103.92,255,
92.53,-2.33,-1.64,-1.36,0.84,-0.14,0.45,0.38,0.01,-0.31,-60.78,-17.63,190.40,103.92,255,
92.69,-2.21,-1.74,-1.49,0.84,-0.14,0.44,0.37,0.01,-0.31,-60.97,-18.03,189.48,103.60,255,
92.79,-2.48,-1.65,-1.38,0.84,-0.14,0.44,0.38,0.01,-0.31,-61.06,-17.68,190.82,103.92,255,
92.94,-2.05,-1.77,-1.13,0.84,-0.15,0.44,0.37,0.01,-0.31,-60.98,-18.28,190.00,103.60,255,
93.06,-2.33,-1.55,-1.41,0.84,-0.14,0.44,0.37,0.02,-0.32,-61.02,-17.89,191.18,103.92,255,
93.20,-2.21,-1.61,-1.06,0.84,-0.14,0.44,0.37,0.01,-0.31,-60.82,-18.00,190.77,103.60,255,
93.32,-2.20,-1.47,-1.27,0.84,-0.14,0.44,0.37,0.02,-0.31,-61.07,-17.85,191.11,103.60,255,
93.44,-2.40,-1.83,-1.43,0.84,-0.14,0.44,0.38,0.01,-0.30,-61.08,-17.69,190.17,103.60,255,
93.60,-2.20,-1.64,-1.38,0.84,-0.14,0.44,0.38,0.01,-0.31,-61.06,-17.97,190.83,103.60,255,
93.72,-2.06,-1.56,-1.37,0.84,-0.14,0.44,0.38,0.01,-0.31,-60.94,-17.98,189.96,103.60,255,
93.85,-2.45,-1.23,-1.37,0.84,-0.14,0.44,0.38,0.02,-0.31,-61.07,-17.85,191.18,103.60,255,
93.98,-2.36,-1.67,-1.44,0.84,-0.14,0.44,0.37,0.02,-0.31,-60.90,-18.05,191.19,103.60,255,
94.10,-2.16,-1.48,-1.32,0.84,-0.14,0.44,0.37,0.01,-0.31,-60.98,-17.84,190.56,103.60,255,
94.24,-2.17,-1.59,-1.22,0.84,-0.14,0.44,0.37,0.01,-0.31,-61.01,-17.91,190.30,103.60,255,
94.37,-2.30,-1.52,-1.50,0.84,-0.14,0.44,0.38,0.01,-0.32,-61.06,-17.99,189.94,103.60,255,
94.50,-2.21,-1.51,-1.43,0.84,-0.14,0.44,0.37,0.01,-0.32,-61.03,-18.00,190.65,103.60,255,
94.61,-2.22,-1.47,-1.30,0.84,-0.14,0.45,0.37,0.01,-0.31,-60.81,-17.95,189.76,103.60,255,
94.76,-2.39,-1.39,-1.25,0.84,-0.14,0.44,0.38,0.01,-0.31,-60.90,-17.96,190.56,103.60,255,
94.89,-2.37,-1.51,-1.17,0.84,-0.14,0.44,0.37,0.02,-0.31,-61.06,-17.96,191.69,103.60,255,
95.01,-2.15,-1.79,-1.53,0.84,-0.14,0.45,0.37,0.02,-0.30,-60.96,-17.74,191.13,103.60,255,
95.16,-2.51,-1.50,-1.37,0.84,-0.14,0.44,0.38,0.01,-0.31,-61.00,-17.81,190.82,103.60,255,
95.28,-2.15,-1.57,-1.12,0.84,-0.14,0.44,0.37,0.01,-0.31,-61.03,-17.93,190.82,103.60,255,
95.40,-2.42,-1.43,-1.20,0.84,-0.14,0.45,0.38,0.01,-0.31,-60.84,-18.04,190.61,103.60,255,
95.52,-2.36,-1.65,-1.26,0.84,-0.14,0.45,0.37,0.01,-0.31,-60.89,-17.82,190.26,103.60,255,
95.67,-2.22,-1.68,-1.32,0.84,-0.14,0.44,0.38,0.01,-0.32,-60.93,-17.86,190.85,103.60,255,
95.79,-2.40,-1.42,-1.44,0.84,-0.15,0.44,0.37,0.02,-0.30,-61.11,-18.32,191.44,103.60,255,
95.91,-2.15,-1.45,-1.39,0.84,-0.14,0.44,0.38,0.01,-0.31,-60.99,-18.03,189.90,103.60,255,
96.06,-2.23,-1.67,-1.17,0.84,-0.14,0.45,0.38,0.01,-0.31,-60.77,-17.69,190.86,103.60,255,
96.19,-2.34,-1.61,-1.50,0.84,-0.15,0.44,0.37,0.02,-0.30,-60.95,-18.17,191.03,103.60,255,
96.30,-2.27,-1.70,-1.53,0.84,-0.14,0.44,0.38,0.01,-0.30,-60.89,-17.72,190.44,103.60,255,
96.45,-2.38,-1.53,-1.53,0.84,-0.15,0.45,0.38,0.01,-0.31,-60.85,-18.06,189.95,103.60,255,
96.57,-2.27,-1.49,-1.35,0.84,-0.14,0.45,0.37,0.01,-0.31,-60.98,-17.37,190.29,103.60,255,
96.72,-2.27,-1.29,-1.26,0.84,-0.14,0.44,0.38,0.01,-0.31,-61.07,-18.12,189.90,103.60,255,
96.84,-2.36,-1.53,-1.46,0.84,-0.14,0.44,0.37,0.01,-0.31,-60.87,-17.83,189.42,103.60,255,
96.99,-2.24,-1.54,-1.29,0.84,-0.14,0.44,0.37,0.02,-0.30,-61.05,-17.97,191.11,103.60,255,
97.11,-2.37,-1.85,-1.41,0.84,-0.15,0.44,0.37,0.01,-0.31,-60.91,-18.09,190.47,103.60,255,
97.23,-2.35,-1.61,-1.41,0.84,-0.14,0.45,0.38,0.02,-0.31,-60.94,-17.78,191.43,103.60,255,
97.37,-2.18,-1.67,-1.21,0.84,-0.14,0.45,0.37,0.01,-0.31,-60.83,-17.80,189.99,103.60,255,
97.49,-2.03,-1.66,-1.22,0.84,-0.14,0.44,0.37,0.01,-0.31,-60.91,-17.92,190.18,103.60,255,
97.60,-2.30,-1.50,-1.24,0.84,-0.14,0.44,0.38,0.01,-0.31,-61.07,-17.90,190.39,103.60,255,
97.76,-1.93,-1.47,-1.23,0.84,-0.14,0.44,0.37,0.01,-0.31,-61.02,-18.05,190.68,103.60,255,
97.88,-2.16,-1.46,-1.52,0.84,-0.14,0.44,0.37,0.01,-0.32,-60.98,-17.83,190.27,103.60,255,
98.01,-2.44,-1.56,-1.29,0.84,-0.14,0.44,0.37,0.02,-0.31,-60.83,-17.88,191.42,103.60,255,
98.13,-2.39,-1.50,-1.37,0.84,-0.14,0.44,0.38,0.02,-0.31,-61.06,-18.06,191.40,103.60,255,
98.28,-2.47,-1.76,-1.33,0.84,-0.14,0.44,0.37,0.02,-0.30,-60.95,-17.91,191.00,103.60,255,
98.40,-2.36,-1.50,-1.33,0.84,-0.14,0.44,0.38,0.01,-0.31,-60.94,-18.00,189.57,103.60,255,
98.54,-2.48,-1.55,-1.40,0.84,-0.14,0.45,0.37,0.01,-0.30,-60.89,-17.59,190.48,103.60,255,
98.66,-2.19,-1.53,-1.49,0.84,-0.14,0.45,0.38,0.02,-0.30,-60.92,-17.65,191.56,103.60,255,
98.78,-2.31,-1.40,-1.31,0.84,-0.14,0.44,0.38,0.02,-0.31,-60.91,-17.90,190.87,103.60,255,
98.91,-2.21,-1.50,-1.41,0.84,-0.14,0.45,0.37,0.01,-0.31,-60.85,-17.54,190.53,103.60,255,
99.06,-2.36,-1.65,-1.41,0.84,-0.14,0.44,0.37,0.01,-0.31,-61.03,-17.87,190.49,103.60,255,
99.18,-2.50,-1.59,-1.31,0.84,-0.14,0.44,0.38,0.01,-0.30,-61.05,-17.84,190.69,103.60,255,
99.30,-2.35,-1.59,-1.38,0.84,-0.14,0.44,0.37,0.01,-0.31,-61.13,-17.85,190.85,103.60,255,
99.45,-2.17,-1.58,-1.44,0.84,-0.14,0.45,0.37,0.02,-0.30,-60.81,-17.80,191.44,103.60,255,
99.57,-2.26,-1.74,-1.25,0.84,-0.14,0.44,0.37,0.02,-0.31,-60.91,-17.81,191.15,103.60,255,
99.69,-2.33,-1.59,-1.59,0.84,-0.14,0.44,0.38,0.02,-0.31,-61.00,-18.06,190.94,103.60,255,
99.83,-2.49,-1.47,-1.48,0.84,-0.14,0.45,0.37,0.02,-0.31,-60.83,-17.93,190.98,103.60,255,
99.95,-2.34,-1.55,-1.44,0.84,-0.15,0.44,0.38,0.01,-0.31,-60.97,-18.13,190.72,103.60,255,
100.10,-2.25,-1.60,-1.56,0.84,-0.14,0.44,0.38,0.01,-0.32,-60.85,-17.97,190.65,103.60,255,
100.21,-2.26,-1.65,-1.51,0.84,-0.14,0.44,0.38,0.02,-0.31,-60.95,-17.90,191.04,103.60,255,
100.36,-2.37,-1.51,-1.46,0.84,-0.14,0.44,0.37,0.01,-0.31,-60.97,-18.06,190.56,103.60,255,
100.48,-2.18,-1.59,-1.52,0.84,-0.14,0.44,0.37,0.02,-0.31,-61.04,-18.09,190.91,103.60,255,
100.59,-2.44,-1.41,-1.27,0.84,-0.14,0.44,0.38,0.01,-0.30,-61.12,-18.08,190.70,103.60,255,
100.75,-2.20,-1.56,-1.38,0.84,-0.14,0.44,0.38,0.01,-0.31,-61.02,-17.90,189.90,103.60,255,
100.87,-2.36,-1.53,-1.38,0.84,-0.14,0.45,0.37,0.02,-0.31,-60.82,-17.67,192.23,103.60,255,
101.01,-2.36,-1.49,-1.24,0.84,-0.14,0.45,0.37,0.02,-0.30,-60.77,-17.93,191.61,103.60,255,
101.14,-2.31,-1.32,-1.60,0.84,-0.14,0.44,0.37,0.02,-0.31,-60.87,-17.86,191.04,103.60,255,
101.26,-2.21,-1.66,-1.27,0.84,-0.14,0.45,0.38,0.02,-0.31,-60.75,-17.96,190.97,103.60,255,
101.41,-2.33,-1.71,-1.30,0.84,-0.14,0.44,0.37,0.02,-0.31,-61.01,-18.11,191.96,103.60,255,
101.52,-2.29,-1.62,-1.49,0.84,-0.14,0.44,0.38,0.01,-0.31,-61.16,-17.86,190.69,103.60,255,
101.64,-2.21,-1.66,-1.47,0.84,-0.14,0.44,0.37,0.02,-0.31,-61.00,-17.88,191.02,103.60,255,
101.76,-2.33,-1.67,-1.52,0.84,-0.14,0.44,0.38,0.01,-0.31,-60.93,-17.89,190.85,103.60,255,
101.92,-2.21,-1.60,-1.53,0.84,-0.14,0.44,0.38,0.02,-0.31,-60.96,-17.92,191.12,103.60,255,
102.03,-2.20,-1.38,-1.17,0.84,-0.15,0.44,0.38,0.01,-0.30,-60.85,-18.07,189.92,103.60,255,
102.18,-2.11,-1.60,-1.17,0.84,-0.14,0.44,0.37,0.01,-0.30,-60.93,-18.06,190.03,103.60,255,
102.31,-2.51,-1.61,-1.41,0.84,-0.14,0.45,0.37,0.01,-0.31,-60.86,-17.77,190.15,103.60,255,
102.43,-2.39,-1.41,-1.29,0.84,-0.14,0.44,0.38,0.01,-0.31,-61.09,-17.46,189.96,103.60,255,
102.55,-2.49,-1.54,-1.15,0.84,-0.14,0.44,0.37,0.01,-0.31,-60.95,-17.87,190.13,103.60,255,
102.70,-2.23,-1.59,-1.67,0.84,-0.14,0.44,0.37,0.02,-0.31,-60.93,-18.02,191.52,103.60,255,
102.82,-2.56,-1.78,-1.59,0.84,-0.14,0.45,0.37,0.01,-0.30,-60.93,-17.84,190.75,103.60,255,
102.96,-2.19,-1.66,-1.44,0.84,-0.14,0.44,0.38,0.00,-0.31,-60.96,-17.89,188.94,103.60,255,
103.08,-2.21,-1.36,-1.19,0.84,-0.14,0.45,0.38,0.02,-0.31,-60.96,-17.68,191.38,103.60,255,
103.20,-2.18,-1.65,-1.11,0.84,-0.14,0.44,0.38,0.01,-0.31,-61.06,-18.05,190.62,103.60,255,
103.35,-2.31,-1.48,-1.25,0.84,-0.14,0.44,0.38,0.01,-0.31,-60.96,-17.81,189.82,103.60,255,
103.47,-2.42,-1.53,-1.60,0.84,-0.14,0.44,0.37,0.01,-0.31,-61.00,-18.04,190.81,103.60,255,
103.60,-2.42,-1.45,-1.42,0.84,-0.14,0.44,0.38,0.01,-0.31,-61.08,-17.81,190.50,103.60,255,
103.72,-2.41,-1.77,-1.51,0.84,-0.14,0.44,0.38,0.01,-0.31,-61.04,-17.75,190.36,103.60,255,
103.87,-2.35,-1.60,-1.48,0.84,-0.14,0.45,0.38,0.01,-0.31,-60.87,-17.94,189.97,103.60,255,
103.98,-2.22,-0.01,-1.59,0.84,-0.14,0.45,0.37,0.01,-0.31,-60.79,-17.87,190.01,103.60,255,
104.14,-2.16,-1.68,-1.29,0.84,-0.14,0.44,0.38,0.01,-0.31,-61.10,-18.04,190.66,103.60,255,
104.26,-2.27,-1.50,-1.40,0.84,-0.14,0.44,0.37,0.01,-0.32,-60.87,-18.04,190.16,103.60,255,
104.37,-2.27,-1.52,-1.73,0.84,-0.14,0.44,0.37,0.01,-0.31,-60.86,-18.04,190.51,103.60,255,
104.53,-2.38,-1.49,-1.48,0.84,-0.14,0.45,0.37,0.01,-0.31,-60.91,-17.75,189.74,103.60,255,
104.66,-2.13,-1.55,-1.41,0.84,-0.15,0.44,0.37,0.01,-0.30,-60.89,-18.12,190.77,103.60,255,
104.76,-2.46,-1.59,-1.38,0.84,-0.15,0.45,0.38,0.01,-0.32,-60.82,-18.10,190.63,103.60,255,
104.89,-2.40,-1.57,-1.39,0.84,-0.14,0.45,0.37,0.01,-0.31,-60.90,-17.93,190.53,103.60,255,
105.05,-2.33,-1.57,-1.35,0.84,-0.14,0.44,0.38,0.01,-0.31,-60.98,-18.11,190.58,103.60,255,
105.17,-2.19,-1.31,-1.17,0.84,-0.14,0.45,0.37,0.01,-0.31,-60.78,-17.81,190.58,103.60,255,
105.31,-2.32,-1.59,-1.49,0.84,-0.14,0.44,0.38,0.01,-0.31,-60.99,-17.95,190.57,103.60,255,
105.43,-2.23,-1.45,-1.50,0.84,-0.14,0.44,0.38,0.01,-0.31,-60.91,-17.92,190.78,103.60,255,
105.56,-2.26,-1.75,-1.56,0.84,-0.14,0.44,0.38,0.00,-0.31,-60.94,-17.85,188.86,103.60,255,
105.68,-2.27,-1.56,-1.44,0.84,-0.14,0.44,0.37,0.02,-0.31,-61.05,-17.83,191.28,103.60,255,
105.82,-2.30,-1.49,-1.43,0.84,-0.14,0.44,0.38,0.01,-0.31,-61.11,-18.07,190.68,103.60,255,
105.94,-2.36,-1.80,-1.26,0.84,-0.14,0.44,0.38,0.01,-0.31,-60.97,-17.90,190.64,103.60,255,
106.08,-2.24,-1.56,-1.53,0.84,-0.14,0.45,0.38,0.02,-0.30,-60.80,-17.83,191.56,103.60,255,
106.20,-2.44,-1.76,-1.20,0.84,-0.15,0.44,0.38,0.02,-0.31,-60.91,-18.09,191.13,103.60,255,
106.33,-2.47,-1.51,-1.24,0.84,-0.15,0.44,0.38,0.01,-0.30,-60.86,-18.19,190.44,103.60,255,
106.46,-1.99,-1.84,-1.31,0.84,-0.14,0.44,0.38,0.01,-0.31,-60.97,-18.10,190.63,103.60,255,
106.61,-2.25,-1.44,-1.33,0.84,-0.14,0.44,0.38,0.01,-0.31,-61.03,-17.94,189.43,103.60,255,
106.72,-2.53,-1.41,-1.26,0.84,-0.14,0.44,0.38,0.01,-0.31,-60.89,-18.04,189.98,103.60,255,
106.87,-2.25,-1.87,-1.38,0.84,-0.14,0.44,0.38,0.01,-0.30,-61.08,-18.06,190.54,103.60,255,
106.97,-2.24,-1.44,-1.46,0.84,-0.14,0.44,0.38,0.01,-0.31,-60.95,-18.01,190.74,103.60,255,
107.12,-2.44,-1.92,-1.55,0.84,-0.14,0.45,0.37,0.01,-0.30,-60.78,-17.63,190.21,103.60,255,
107.26,-2.28,-1.67,-1.40,0.84,-0.14,0.45,0.38,0.01,-0.31,-60.94,-17.70,190.25,103.60,255,
107.37,-2.37,-1.53,-1.53,0.84,-0.14,0.45,0.38,0.01,-0.30,-60.92,-17.81,189.88,103.60,255,
107.51,-2.48,-1.56,-1.49,0.84,-0.14,0.43,0.37,0.02,-0.31,-61.51,-18.17,191.09,103.60,255,
107.64,-2.36,-1.55,-1.20,0.84,-0.14,0.45,0.38,0.01,-0.30,-60.62,-17.40,190.79,103.60,255,
107.77,-2.19,-1.59,-1.26,0.84,-0.14,0.44,0.38,0.01,-0.31,-60.90,-18.04,189.91,103.60,255,
107.90,-2.24,-1.72,-1.45,0.84,-0.14,0.45,0.37,0.01,-0.30,-60.83,-17.77,189.91,103.60,255,
108.02,-2.28,-1.73,-1.65,0.84,-0.14,0.44,0.37,0.02,-0.31,-60.97,-17.88,191.32,103.60,255,
108.17,-2.30,-1.53,-1.38,0.84,-0.15,0.45,0.38,0.00,-0.31,-60.77,-18.32,189.22,103.60,255,
108.30,-2.53,-1.43,-1.53,0.84,-0.14,0.44,0.38,0.01,-0.31,-60.95,-17.71,190.01,103.60,255,
108.41,-2.11,-1.53,-1.42,0.84,-0.14,0.45,0.37,0.02,-0.30,-60.85,-17.88,190.91,103.60,255,
108.56,-2.44,-1.69,-1.56,0.84,-0.15,0.44,0.38,0.02,-0.30,-60.96,-18.11,191.05,103.60,255,
108.68,-2.20,-1.76,-1.32,0.84,-0.14,0.44,0.38,0.01,-0.31,-60.97,-17.76,190.32,103.60,255,
108.82,-2.38,-1.79,-1.20,0.84,-0.15,0.44,0.37,0.01,-0.31,-60.99,-18.17,190.68,103.60,255,
108.93,-2.39,-1.70,-1.24,0.84,-0.14,0.44,0.38,0.01,-0.31,-61.14,-17.95,189.49,103.60,255,
109.05,-2.36,-1.85,-1.40,0.84,-0.14,0.44,0.39,0.01,-0.31,-61.08,-17.56,190.41,103.60,255,
109.22,-2.27,-1.84,-1.47,0.86,-0.15,0.45,0.37,0.01,-0.31,-61.13,-18.01,190.16,103.60,255,
109.34,-2.29,-1.62,-1.38,0.84,-0.14,0.45,0.37,0.01,-0.31,-60.86,-17.71,190.86,103.60,255,
109.47,-2.51,-1.51,-1.27,0.86,-0.14,0.44,0.37,0.01,-0.31,-61.64,-18.12,190.62,103.60,255,
109.60,-2.25,-1.57,-1.38,0.84,-0.14,0.44,0.37,0.01,-0.31,-60.94,-17.76,190.50,103.60,255,
109.71,-2.16,-1.37,-1.34,0.84,-0.14,0.44,0.37,0.01,-0.31,-61.11,-18.08,189.87,103.60,255,
109.85,-2.34,-1.58,-1.38,0.84,-0.14,0.44,0.37,0.01,-0.30,-61.05,-18.07,190.02,103.60,255,
109.97,-2.20,-1.70,-1.40,0.84,-0.14,0.45,0.38,0.01,-0.30,-60.82,-17.90,189.86,103.60,255,
110.12,-2.36,-1.50,-1.34,0.84,-0.14,0.44,0.37,0.01,-0.30,-61.22,-17.86,190.25,103.60,255,
110.24,-2.41,-1.43,-1.32,0.84,-0.14,0.44,0.37,0.02,-0.31,-60.95,-18.10,191.54,103.60,255,
110.38,-2.31,-1.64,-1.19,0.84,-0.14,0.44,0.38,0.01,-0.31,-61.01,-17.82,190.33,103.60,255,
110.49,-2.44,-1.70,-1.35,0.84,-0.15,0.45,0.38,0.01,-0.31,-60.82,-17.95,190.28,103.60,255,
110.62,-2.32,-1.66,-1.32,0.84,-0.14,0.44,0.38,0.01,-0.31,-61.24,-17.96,190.13,103.60,255,
110.76,-2.44,-1.47,-1.17,0.84,-0.14,0.44,0.38,0.01,-0.31,-61.05,-17.91,190.46,103.60,255,
110.88,-2.39,-1.62,-1.46,0.84,-0.15,0.45,0.38,0.01,-0.31,-60.73,-17.91,190.32,103.60,255,
111.03,-2.28,-1.76,-1.34,0.84,-0.14,0.44,0.38,0.01,-0.31,-60.99,-17.96,189.89,103.60,255,
111.16,-2.28,-1.42,-1.53,0.84,-0.14,0.44,0.38,0.01,-0.31,-60.98,-17.58,189.70,103.60,255,
111.27,-2.44,-1.50,-1.50,0.84,-0.14,0.44,0.38,0.01,-0.31,-61.02,-18.12,190.54,103.60,255,
111.43,-2.25,-1.63,-1.46,0.84,-0.14,0.44,0.38,0.01,-0.30,-60.95,-17.91,190.37,103.60,255,
111.56,-2.21,-1.58,-1.24,0.84,-0.14,0.44,0.38,0.01,-0.31,-60.89,-17.87,189.79,103.60,255,
111.66,-2.31,-1.49,-1.58,0.84,-0.14,0.43,0.37,0.01,-0.30,-61.35,-18.21,190.48,103.60,255,
111.81,-2.29,-1.38,-1.20,0.84,-0.14,0.44,0.37,0.02,-0.31,-61.11,-18.00,191.53,103.60,255,
111.92,-2.32,-1.43,-1.26,0.84,-0.14,0.44,0.38,0.01,-0.31,-61.06,-18.03,190.15,103.60,255,
112.07,-2.24,-1.53,-1.48,0.84,-0.14,0.44,0.37,0.02,-0.31,-60.95,-18.05,191.07,103.60,255,
112.18,-2.16,-1.68,-1.67,0.84,-0.15,0.44,0.38,0.02,-0.31,-61.02,-18.16,190.92,103.60,255,
112.31,-2.39,-1.65,-1.25,0.84,-0.15,0.44,0.38,0.01,-0.31,-60.85,-18.11,190.21,103.60,255,
112.46,-2.24,-1.70,-1.51,0.84,-0.14,0.45,0.38,0.01,-0.31,-60.92,-17.55,190.77,103.60,255,
112.60,-2.53,-1.68,-1.50,0.84,-0.15,0.45,0.37,0.01,-0.31,-60.86,-18.06,190.90,103.60,255,
112.71,-2.30,-1.78,-1.50,0.84,-0.14,0.45,0.37,0.01,-0.31,-60.98,-17.74,190.59,103.60,255,
112.83,-2.39,-1.59,-1.60,0.84,-0.14,0.45,0.38,0.02,-0.31,-60.93,-17.72,191.30,103.60,255,
112.98,-2.18,-1.56,-1.26,0.84,-0.14,0.44,0.38,0.02,-0.30,-60.96,-17.99,191.02,103.60,255,
113.10,-2.68,-1.67,-1.13,0.84,-0.14,0.44,0.38,0.01,-0.31,-61.08,-17.95,190.56,103.60,255,
113.22,-2.30,-1.56,-1.65,0.84,-0.15,0.44,0.38,0.02,-0.31,-60.93,-18.18,191.10,103.60,255,
113.37,-2.18,-1.57,-1.27,0.84,-0.14,0.44,0.38,0.01,-0.30,-60.91,-18.01,190.72,103.60,255,
113.48,-2.33,-1.71,-1.26,0.84,-0.14,0.44,0.38,0.00,-0.31,-60.97,-17.97,189.25,103.60,255,
113.61,-2.33,-1.72,-1.23,0.84,-0.14,0.45,0.38,0.02,-0.32,-60.53,-17.21,190.95,103.60,255,
113.76,-2.19,-1.56,-1.53,0.84,-0.14,0.45,0.38,0.01,-0.31,-60.88,-17.86,190.52,103.60,255,
113.87,-2.25,-1.67,-1.47,0.84,-0.14,0.44,0.38,0.01,-0.30,-61.08,-18.09,190.59,103.60,255,
114.02,-2.30,-1.60,-1.56,0.84,-0.15,0.45,0.37,0.02,-0.30,-60.66,-18.17,191.01,103.60,255,
114.13,-2.30,-1.53,-1.37,0.84,-0.14,0.44,0.38,0.01,-0.32,-60.90,-17.83,190.55,103.60,255,
114.27,-2.25,-1.64,-1.64,0.84,-0.14,0.45,0.37,0.01,-0.32,-60.74,-17.65,190.19,103.60,255,
114.40,-2.40,-1.64,-1.38,0.84,-0.14,0.44,0.38,0.01,-0.31,-60.98,-17.86,190.44,103.60,255,
114.52,-2.13,-1.46,-1.26,0.84,-0.14,0.45,0.38,0.02,-0.32,-60.54,-17.52,190.87,103.60,255,
114.66,-2.25,-1.56,-1.20,0.84,-0.14,0.44,0.38,0.02,-0.30,-61.01,-17.75,191.19,103.60,255,
114.78,-2.24,-1.47,-1.22,0.84,-0.14,0.44,0.37,0.02,-0.31,-61.03,-18.01,191.18,103.60,255,
114.91,-2.18,-1.77,-1.38,0.84,-0.14,0.44,0.37,0.01,-0.31,-61.00,-17.93,190.72,103.60,255,
115.05,-2.27,-1.74,-1.36,0.84,-0.14,0.44,0.37,0.02,-0.31,-61.03,-18.16,190.90,103.60,255,
115.20,-2.26,-1.74,-1.60,0.84,-0.14,0.44,0.38,0.01,-0.32,-61.04,-17.86,189.67,103.60,255,
115.31,-2.37,-1.70,-1.64,0.84,-0.14,0.44,0.38,0.01,-0.31,-61.27,-17.95,189.78,103.60,255,
115.46,-2.13,-1.60,-1.33,0.84,-0.14,0.44,0.38,0.01,-0.31,-61.11,-17.78,190.18,103.60,255,
115.57,-2.12,-1.51,-1.33,0.84,-0.14,0.44,0.37,0.02,-0.31,-60.93,-17.97,191.04,103.60,255,
115.73,-2.24,-1.50,-1.37,0.84,-0.15,0.45,0.37,0.01,-0.31,-60.66,-18.32,190.47,103.60,255,
115.83,-2.35,-1.80,-1.16,0.84,-0.14,0.45,0.37,0.01,-0.31,-60.80,-17.99,190.28,103.60,255,
115.98,-2.15,-1.52,-1.26,0.84,-0.14,0.44,0.37,0.02,-0.31,-60.96,-17.74,191.28,103.60,255,
116.09,-2.42,-1.53,-1.32,0.84,-0.14,0.44,0.37,0.02,-0.30,-61.31,-17.75,192.11,103.60,255,
116.21,-2.39,-1.76,-1.38,0.84,-0.16,0.40,0.38,0.01,-0.30,-62.94,-21.48,190.01,103.60,255,
116.35,-2.39,-1.42,-1.60,0.84,-0.14,0.44,0.38,0.01,-0.31,-61.26,-18.02,190.08,103.60,255,
116.50,-2.44,-1.78,-1.39,0.84,-0.15,0.44,0.38,0.02,-0.31,-61.13,-18.45,191.16,103.60,255,
116.61,-2.37,-1.88,-1.29,0.84,-0.14,0.46,0.37,0.01,-0.30,-60.14,-16.86,189.35,103.60,255,
116.76,-2.36,-1.62,-1.30,0.84,-0.14,0.46,0.37,0.01,-0.30,-60.13,-16.41,190.15,103.60,255,
116.87,-2.19,-1.35,-1.82,0.84,-0.14,0.44,0.37,0.01,-0.31,-61.26,-18.36,190.60,103.60,255,
117.00,-2.32,-1.69,-1.39,0.84,-0.14,0.44,0.38,0.01,-0.31,-61.23,-17.51,190.85,103.60,255,
117.13,-2.44,-1.53,-1.35,0.84,-0.15,0.45,0.38,0.01,-0.31,-60.54,-18.38,190.80,103.60,255,
117.27,-2.29,-1.53,-1.47,0.84,-0.14,0.44,0.37,0.02,-0.31,-61.26,-17.98,191.17,103.60,255,
117.40,-2.34,-1.49,-1.38,0.84,-0.15,0.44,0.37,0.01,-0.31,-61.36,-18.45,190.62,103.60,255,
117.51,-2.36,-1.53,-1.47,0.84,-0.14,0.44,0.38,0.01,-0.31,-61.18,-18.10,190.23,103.60,255,
117.65,-2.44,-1.46,-1.41,0.84,-0.14,0.45,0.38,0.01,-0.31,-60.47,-17.23,190.55,103.60,255,
117.80,-2.38,-1.64,-1.58,0.84,-0.14,0.45,0.38,0.02,-0.31,-60.84,-17.97,190.95,103.60,255,
117.94,-2.18,-1.47,-1.23,0.84,-0.14,0.44,0.37,0.01,-0.30,-61.16,-17.95,190.51,103.60,255,
118.17,-2.44,-1.48,-1.64,0.84,-0.14,0.44,0.37,0.02,-0.31,-60.98,-17.76,191.10,103.60,255,
118.44,-2.31,-1.61,-1.46,0.84,-0.14,0.44,0.38,0.01,-0.31,-61.12,-18.05,190.76,103.60,255,
118.49,-2.55,-1.61,-1.53,0.84,-0.14,0.44,0.38,0.02,-0.31,-61.25,-17.78,191.29,103.60,255,
118.51,-2.31,-1.68,-1.55,0.84,-0.14,0.45,0.38,0.01,-0.30,-60.85,-17.87,190.66,103.60,255,
118.57,-2.20,-1.56,-1.42,0.84,-0.14,0.45,0.38,0.01,-0.31,-60.88,-18.01,190.79,103.60,255,
118.69,-2.26,-1.48,-1.74,0.84,-0.14,0.44,0.38,0.01,-0.31,-61.07,-17.89,190.45,103.60,255,
118.84,-2.44,-1.84,-1.56,0.84,-0.15,0.44,0.37,0.02,-0.31,-60.99,-18.19,190.91,103.60,255,
118.95,-2.26,-1.61,-1.13,0.84,-0.14,0.44,0.38,0.02,-0.31,-60.97,-17.97,191.14,103.60,255,
119.08,-2.23,-1.44,-1.44,0.84,-0.15,0.45,0.38,0.01,-0.31,-60.85,-18.05,189.93,103.60,255,
119.21,-2.30,-1.61,-1.34,0.84,-0.14,0.44,0.37,0.02,-0.30,-61.14,-18.05,190.96,103.60,255,
119.34,-2.18,-1.39,-1.38,0.84,-0.14,0.44,0.38,0.02,-0.31,-61.09,-17.72,191.42,103.60,255,
119.47,-2.36,-1.54,-1.39,0.84,-0.14,0.44,0.38,0.01,-0.30,-61.11,-18.12,190.55,103.60,255,
119.63,-2.20,-1.61,-1.41,0.84,-0.15,0.44,0.38,0.01,-0.31,-60.89,-18.11,190.48,103.60,255,
119.76,-2.27,-1.62,-1.35,0.84,-0.15,0.44,0.38,0.02,-0.31,-60.83,-18.15,191.03,103.60,255,
119.88,-2.10,-1.51,-1.31,0.84,-0.14,0.45,0.38,0.02,-0.31,-60.82,-17.61,191.78,103.60,255,
120.01,-2.32,-1.41,-1.59,0.84,-0.14,0.44,0.38,0.01,-0.31,-61.05,-17.97,190.76,103.60,255,
120.14,-2.30,-1.44,-1.20,0.84,-0.14,0.44,0.37,0.02,-0.31,-61.19,-18.12,191.73,103.60,255,
120.25,-2.24,-1.45,-1.35,0.84,-0.15,0.44,0.38,0.02,-0.30,-61.07,-18.36,191.59,103.60,255,
120.39,-2.23,-1.46,-1.33,0.84,-0.16,0.45,0.38,0.02,-0.31,-60.39,-19.14,191.24,103.60,255,
120.51,-2.24,-1.77,-1.23,0.84,-0.14,0.44,0.38,0.02,-0.32,-60.95,-17.85,190.99,103.60,255,
120.64,-2.25,-1.69,-1.18,0.84,-0.15,0.45,0.38,0.02,-0.31,-60.78,-18.05,191.01,103.60,255,
120.78,-2.37,-1.70,-1.23,0.84,-0.14,0.44,0.37,0.02,-0.32,-60.92,-17.84,191.45,103.60,255,
120.91,-2.44,-1.67,-1.44,0.84,-0.15,0.44,0.38,0.03,-0.31,-60.88,-18.14,192.58,103.60,255,
121.04,-2.20,-1.35,-1.43,0.84,-0.14,0.45,0.37,0.02,-0.31,-60.82,-17.96,190.92,103.60,255,
121.16,-2.12,-1.80,-1.44,0.84,-0.14,0.44,0.38,0.02,-0.31,-60.97,-17.88,191.17,103.60,255,
121.29,-2.42,-1.76,-1.32,0.84,-0.14,0.44,0.38,0.02,-0.31,-60.88,-17.97,191.52,103.60,255,
121.44,-2.33,-1.54,-1.35,0.84,-0.14,0.44,0.38,0.01,-0.31,-61.00,-17.88,190.42,103.60,255,
121.55,-2.58,-1.73,-1.53,0.84,-0.14,0.44,0.38,0.02,-0.31,-60.96,-17.86,192.04,103.60,255,
121.71,-2.36,-1.68,-1.47,0.84,-0.14,0.45,0.38,0.02,-0.31,-60.81,-17.86,190.99,103.60,255,
121.81,-2.50,-1.72,-1.37,0.84,-0.14,0.44,0.38,0.01,-0.31,-60.92,-17.87,190.24,103.60,255,
121.94,-2.34,-1.58,-1.38,0.84,-0.14,0.44,0.38,0.02,-0.31,-60.98,-17.57,190.94,103.60,255,
122.07,-2.45,-1.50,-1.19,0.84,-0.14,0.44,0.38,0.02,-0.31,-61.15,-17.84,190.90,103.60,255,
122.22,-2.27,-1.59,-1.53,0.84,-0.14,0.44,0.38,0.02,-0.31,-60.97,-17.90,191.83,103.60,255,
122.33,-2.44,-1.75,-1.47,0.84,-0.14,0.44,0.38,0.01,-0.31,-61.05,-18.13,190.56,103.60,255,
122.47,-2.29,-1.67,-1.39,0.84,-0.14,0.45,0.37,0.02,-0.31,-60.75,-17.90,191.90,103.60,255,
122.59,-2.18,-1.63,-1.44,0.84,-0.14,0.45,0.38,0.01,-0.30,-60.75,-17.99,190.76,103.60,255,
122.75,-2.35,-1.63,-1.52,0.84,-0.15,0.45,0.38,0.02,-0.31,-60.46,-17.81,191.64,103.60,255,
122.85,-2.36,-1.53,-1.10,0.84,-0.14,0.44,0.37,0.02,-0.31,-61.00,-18.16,191.42,103.60,255,
122.99,-2.39,-1.54,-1.46,0.84,-0.15,0.45,0.38,0.02,-0.31,-60.59,-18.06,191.01,103.60,255,
123.11,-2.20,-1.56,-1.50,0.84,-0.14,0.44,0.37,0.02,-0.31,-60.97,-18.05,191.26,103.60,255,
123.27,-2.30,-1.58,-1.31,0.84,-0.14,0.45,0.38,0.02,-0.31,-60.85,-17.85,191.51,103.60,255,
123.41,-2.22,-1.64,-1.59,0.84,-0.14,0.45,0.38,0.01,-0.31,-60.77,-17.60,190.59,103.92,255,
123.53,-2.39,-1.71,-1.43,0.84,-0.15,0.44,0.38,0.02,-0.31,-60.91,-18.13,191.12,88.40,255,
123.65,-2.33,-1.54,-1.30,0.84,-0.15,0.45,0.37,0.02,-0.31,-60.76,-18.09,191.71,83.96,255,
123.78,-2.36,-1.62,-1.47,0.84,-0.14,0.44,0.38,0.01,-0.31,-61.19,-18.03,190.60,103.29,255,
123.90,-2.10,-1.49,-1.12,0.84,-0.15,0.45,0.38,0.01,-0.31,-60.77,-18.11,190.32,103.60,255,
124.05,-2.30,-1.55,-1.35,0.84,-0.14,0.44,0.37,0.02,-0.31,-60.94,-17.81,191.23,103.60,255,
124.15,-2.41,-1.70,-1.61,0.84,-0.14,0.44,0.38,0.02,-0.31,-61.03,-17.72,190.98,103.92,255,
124.29,-2.25,-1.33,-1.18,0.84,-0.14,0.44,0.38,0.02,-0.31,-61.10,-17.91,191.22,103.92,255,
124.42,-2.10,-1.65,-1.22,0.84,-0.15,0.44,0.38,0.02,-0.30,-60.93,-18.37,191.67,103.92,255,
124.54,-2.96,0.14,-1.40,0.82,-0.14,0.18,0.38,0.02,-0.31,-74.54,-37.27,191.70,103.60,255,
124.69,-2.15,-0.73,-0.58,0.85,-0.14,0.44,0.38,0.01,-0.31,-61.28,-17.08,189.89,103.60,255,
124.82,-2.62,-1.01,-0.52,0.86,-0.14,0.44,0.38,0.02,-0.31,-61.90,-17.90,190.90,103.60,255,
124.95,-2.89,-1.20,-1.61,0.86,-0.16,0.45,0.38,0.01,-0.31,-60.87,-19.40,190.43,103.60,255,
125.10,-2.17,-1.76,-1.44,0.84,-0.13,0.45,0.37,0.01,-0.31,-60.87,-16.45,190.69,103.60,255,
125.20,-3.43,-1.61,-1.90,0.82,-0.19,0.52,0.38,0.01,-0.31,-55.93,-20.15,190.11,103.92,255,
125.35,-1.67,-1.50,-1.17,0.86,-0.27,0.98,0.38,0.01,-0.32,-40.38,-15.20,190.58,103.92,255,
125.45,-2.33,-6.78,-5.02,0.70,-0.42,2.00,0.38,0.02,-0.31,-18.87,-11.80,191.20,103.60,255,
125.58,-3.29,-5.30,-1.66,0.71,-0.06,0.65,0.37,0.02,-0.31,-47.30,-4.91,191.43,103.92,255,
125.75,-2.01,-4.16,-2.75,0.77,-0.13,0.55,0.37,0.01,-0.31,-53.98,-13.77,190.56,103.92,255,
125.87,-1.43,-2.49,-1.44,1.08,0.14,-0.68,0.37,0.01,-0.31,-57.48,168.65,190.19,103.92,255,
126.02,-2.91,-1.61,-0.76,0.56,0.19,1.19,0.38,0.02,-0.31,-24.77,9.07,191.40,103.92,255,
126.11,-1.73,-1.80,-0.35,0.84,-0.11,0.40,0.37,0.01,-0.31,-63.60,-15.42,190.68,103.92,255,
126.24,-2.03,-3.72,0.37,0.70,-0.16,0.35,0.38,0.01,-0.31,-61.20,-24.15,190.17,103.92,255,
126.37,-2.05,-1.94,-1.82,0.83,-0.15,0.45,0.38,0.02,-0.31,-60.09,-18.38,191.01,103.92,255,
126.51,-2.47,-1.23,-1.09,0.84,-0.14,0.43,0.38,0.01,-0.30,-61.70,-18.60,190.57,103.60,255,
126.64,-2.16,-1.49,-1.54,0.84,-0.14,0.44,0.37,0.01,-0.31,-61.27,-18.30,190.61,103.60,255,
126.77,-2.13,-1.34,-1.32,0.84,-0.14,0.44,0.38,0.02,-0.30,-61.02,-18.20,191.54,103.60,255,
126.90,-2.43,-1.64,-1.19,0.84,-0.14,0.44,0.38,0.01,-0.31,-61.01,-17.91,190.08,103.60,255,
127.03,-2.41,-1.68,-1.35,0.84,-0.14,0.44,0.38,0.01,-0.31,-60.90,-17.77,190.44,103.60,255,
127.15,-2.36,-1.63,-1.55,0.84,-0.14,0.44,0.37,0.02,-0.31,-61.02,-17.96,191.08,103.60,255,
127.30,-2.27,-1.83,-1.40,0.84,-0.15,0.44,0.38,0.01,-0.31,-60.95,-18.28,190.68,103.60,255,
127.41,-2.29,-1.46,-1.44,0.84,-0.14,0.44,0.38,0.01,-0.30,-61.25,-18.13,190.74,103.60,255,
127.54,-2.31,-1.63,-1.50,0.84,-0.15,0.44,0.38,0.02,-0.31,-60.84,-18.21,190.92,103.60,255,
127.67,-2.50,-1.62,-1.36,0.84,-0.14,0.44,0.37,0.01,-0.31,-60.95,-17.73,190.58,103.60,255,
127.83,-2.21,-1.72,-1.44,0.84,-0.15,0.45,0.38,0.01,-0.31,-60.77,-18.15,190.51,103.60,255,
127.93,-2.13,-1.38,-1.47,0.84,-0.14,0.44,0.38,0.01,-0.31,-61.09,-18.09,190.31,103.60,255,
128.06,-2.38,-1.20,-1.58,0.84,-0.14,0.44,0.38,0.01,-0.31,-60.92,-17.77,190.33,103.60,255,
128.23,-2.20,-1.69,-1.21,0.84,-0.14,0.44,0.38,0.02,-0.31,-61.03,-17.79,191.24,103.29,255,
128.33,-2.26,-0.04,-1.47,0.84,-0.14,0.45,0.38,0.01,-0.30,-60.72,-17.85,190.71,103.60,255,
128.46,-2.39,-1.70,-1.38,0.84,-0.14,0.44,0.38,0.01,-0.31,-61.07,-17.88,190.57,103.60,255,
128.58,-2.42,-1.65,-1.53,0.84,-0.14,0.44,0.38,0.01,-0.30,-61.10,-17.71,190.21,103.60,255,
128.72,-2.10,-1.49,-1.38,0.84,-0.14,0.44,0.38,0.01,-0.30,-60.91,-17.87,190.11,103.60,255,
128.84,-2.47,-1.43,-1.45,0.84,-0.14,0.45,0.37,0.02,-0.30,-60.81,-17.78,190.98,103.60,255,
128.99,-2.27,-1.40,-1.44,0.84,-0.15,0.44,0.38,0.02,-0.30,-61.04,-18.28,191.36,103.60,255,
129.10,-2.28,-1.31,-1.39,0.84,-0.14,0.45,0.37,0.01,-0.31,-60.73,-17.83,190.77,103.60,255,
129.23,-2.27,-1.65,-1.41,0.84,-0.14,0.44,0.38,0.02,-0.31,-61.01,-18.00,191.02,103.60,255,
129.36,-2.33,-1.55,-1.29,0.84,-0.15,0.45,0.38,0.01,-0.30,-60.86,-18.06,190.72,103.60,255,
129.49,-2.09,-1.50,-1.25,0.84,-0.15,0.44,0.38,0.01,-0.32,-60.84,-18.06,190.05,103.60,255,
129.62,-2.27,-1.60,-1.15,0.84,-0.14,0.44,0.37,0.01,-0.32,-60.95,-17.87,190.24,103.60,255,
129.78,-2.39,-1.59,-1.47,0.84,-0.14,0.45,0.38,0.01,-0.30,-60.83,-17.77,190.70,103.60,255,
129.90,-2.24,-1.62,-1.37,0.84,-0.14,0.44,0.38,0.01,-0.30,-61.05,-18.05,189.72,103.60,255,
130.01,-2.26,-1.67,-1.47,0.84,-0.14,0.45,0.37,0.02,-0.31,-60.88,-17.95,190.93,103.60,255,
130.16,-2.34,-1.59,-1.49,0.84,-0.14,0.45,0.37,0.02,-0.31,-60.87,-17.79,191.11,103.60,255,
130.28,-2.26,-1.59,-1.37,0.84,-0.14,0.44,0.37,0.01,-0.30,-60.97,-18.01,190.56,103.60,255,
130.40,-2.30,-1.70,-1.49,0.84,-0.14,0.45,0.37,0.01,-0.31,-60.79,-17.86,190.36,103.60,255,
130.53,-2.24,-1.56,-1.42,0.84,-0.14,0.45,0.37,0.01,-0.31,-60.86,-17.83,190.59,103.60,255,
130.67,-2.30,-1.41,-1.39,0.84,-0.14,0.45,0.38,0.02,-0.31,-60.74,-17.96,190.96,103.60,255,
130.80,-2.42,-1.54,-1.50,0.84,-0.14,0.44,0.38,0.02,-0.30,-61.13,-18.08,191.04,103.60,255,
130.92,-2.35,-1.48,-1.35,0.84,-0.15,0.45,0.38,0.01,-0.31,-60.90,-18.25,190.19,103.60,255,
131.05,-2.44,-1.63,-1.57,0.84,-0.14,0.44,0.38,0.01,-0.31,-61.01,-17.92,190.32,103.60,255,
131.21,-2.29,-1.32,-1.39,0.84,-0.14,0.44,0.38,0.02,-0.31,-61.02,-17.90,191.23,103.60,255,
131.31,-2.41,-1.83,-1.44,0.84,-0.14,0.45,0.38,0.01,-0.30,-60.84,-17.47,190.38,103.60,255,
131.46,-2.30,-1.75,-1.34,0.84,-0.14,0.44,0.38,0.01,-0.31,-61.01,-17.99,190.85,103.60,255,
131.57,-2.32,-1.59,-1.61,0.84,-0.15,0.44,0.38,0.01,-0.31,-61.03,-18.25,190.44,103.60,255,
131.70,-2.45,-1.59,-1.44,0.84,-0.14,0.44,0.38,0.01,-0.31,-61.13,-17.96,190.68,103.29,255,
131.88,-2.38,-1.49,-1.26,0.84,-0.14,0.44,0.37,0.02,-0.31,-61.00,-17.85,191.05,103.60,255,
131.96,-2.22,-1.77,-1.26,0.84,-0.14,0.44,0.37,0.02,-0.31,-60.94,-18.04,190.99,103.60,255,
132.10,-2.36,-1.56,-1.23,0.84,-0.14,0.45,0.38,0.01,-0.31,-60.89,-17.65,190.37,103.60,255,
132.25,-2.43,-1.67,-1.61,0.84,-0.14,0.44,0.37,0.01,-0.31,-61.09,-17.79,190.84,103.29,255,
132.38,-2.50,-1.50,-1.56,0.84,-0.14,0.44,0.38,0.01,-0.31,-61.14,-17.74,189.75,103.60,255,
132.50,-2.38,-1.70,-1.21,0.84,-0.14,0.44,0.38,0.01,-0.31,-60.84,-18.05,190.21,103.60,255,
132.62,-2.41,-1.61,-1.44,0.84,-0.14,0.44,0.38,0.02,-0.32,-61.00,-17.98,191.72,103.60,255,
132.78,-2.38,-1.57,-1.60,0.84,-0.14,0.44,0.38,0.02,-0.30,-61.04,-17.94,191.60,103.60,255,
132.88,-2.17,-1.75,-1.25,0.84,-0.14,0.44,0.38,0.02,-0.31,-60.83,-18.03,191.52,103.60,255,
133.01,-2.22,-1.39,-1.50,0.84,-0.14,0.45,0.38,0.01,-0.31,-60.86,-17.73,190.73,103.60,255,
133.13,-2.35,-1.53,-1.34,0.84,-0.14,0.45,0.38,0.02,-0.31,-60.89,-17.87,190.95,103.60,255,
133.26,-2.41,-1.67,-1.18,0.84,-0.14,0.44,0.38,0.01,-0.31,-61.10,-17.97,190.38,103.60,255,
133.39,-2.44,-1.49,-1.26,0.84,-0.14,0.44,0.38,0.01,-0.31,-61.11,-18.06,190.63,103.60,255,
133.54,-2.43,-1.39,-1.26,0.84,-0.14,0.45,0.38,0.02,-0.31,-60.91,-17.89,190.97,103.60,255,
133.66,-2.21,-1.43,-1.40,0.84,-0.14,0.44,0.37,0.02,-0.30,-61.03,-18.14,191.33,103.60,255,
133.81,-2.24,-1.45,-1.29,0.84,-0.14,0.44,0.38,0.02,-0.30,-60.91,-17.84,191.28,103.29,255,
133.92,-2.11,-1.46,-1.18,0.84,-0.14,0.44,0.38,0.02,-0.30,-61.14,-17.79,190.95,103.60,255,
134.07,-2.23,-1.44,-1.45,0.84,-0.14,0.45,0.38,0.01,-0.30,-60.77,-17.73,190.36,103.60,255,
134.18,-2.37,-1.43,-1.23,0.84,-0.15,0.44,0.38,0.01,-0.31,-60.84,-18.35,190.52,103.60,255,
134.33,-2.39,-1.41,-1.23,0.84,-0.14,0.45,0.38,0.01,-0.31,-60.80,-17.95,190.18,103.60,255,
134.45,-2.44,-1.66,-1.26,0.84,-0.14,0.45,0.38,0.02,-0.31,-60.79,-17.74,190.97,103.60,255,
134.57,-2.35,-1.55,-1.50,0.84,-0.14,0.45,0.38,0.02,-0.30,-60.73,-17.65,191.39,103.60,255,
134.70,-2.38,-1.73,-1.35,0.84,-0.14,0.45,0.38,0.02,-0.30,-60.80,-17.99,191.06,103.60,255,
134.84,-2.34,-1.71,-1.52,0.84,-0.14,0.44,0.38,0.02,-0.31,-61.07,-17.82,190.93,103.60,255,
134.96,-2.33,-1.54,-1.31,0.84,-0.15,0.44,0.38,0.02,-0.31,-60.89,-18.13,191.37,103.60,255,
135.09,-2.24,-1.49,-1.53,0.84,-0.14,0.44,0.38,0.02,-0.31,-60.93,-17.82,191.83,103.60,255,
135.22,-2.33,-1.55,-1.18,0.84,-0.14,0.44,0.38,0.01,-0.31,-61.04,-18.08,190.56,103.60,255,
135.37,-2.36,-1.52,-1.33,0.84,-0.14,0.44,0.38,0.02,-0.31,-61.04,-18.15,191.13,103.29,255,
135.49,-2.27,-1.55,-1.47,0.84,-0.14,0.44,0.38,0.02,-0.32,-61.01,-18.04,191.04,103.60,255,
135.60,-2.36,-1.44,-1.39,0.84,-0.14,0.45,0.38,0.01,-0.31,-60.78,-17.91,190.52,103.60,255,
135.75,-2.09,-1.61,-1.18,0.84,-0.14,0.44,0.38,0.01,-0.30,-61.00,-18.10,190.73,103.60,255,
135.88,-2.46,-1.50,-1.53,0.84,-0.14,0.45,0.38,0.02,-0.31,-60.74,-17.73,191.33,103.60,255,
136.02,-2.26,-1.70,-1.41,0.84,-0.14,0.44,0.38,0.01,-0.31,-60.91,-18.06,190.00,103.60,255,
136.14,-2.39,-1.49,-1.41,0.84,-0.14,0.44,0.38,0.02,-0.30,-60.92,-17.95,191.24,103.60,255,
136.26,-2.44,-1.53,-1.63,0.84,-0.15,0.44,0.38,0.01,-0.31,-60.79,-18.09,189.88,103.60,255,
136.41,-2.18,-1.41,-1.47,0.84,-0.14,0.44,0.38,0.02,-0.31,-61.19,-17.96,191.21,103.60,255,
136.53,-2.12,-1.90,-1.59,0.84,-0.14,0.44,0.38,0.01,-0.30,-60.92,-17.81,190.48,103.60,255,
136.68,-2.43,-1.47,-1.45,0.84,-0.14,0.44,0.38,0.02,-0.31,-61.01,-17.90,190.95,103.29,255,
136.80,-2.27,-1.38,-1.44,0.84,-0.14,0.44,0.38,0.01,-0.30,-61.03,-17.97,190.63,103.60,255,
136.93,-2.18,-1.70,-1.32,0.84,-0.14,0.44,0.38,0.01,-0.30,-60.96,-17.97,189.65,103.60,255,
137.05,-2.39,-1.54,-1.49,0.84,-0.14,0.44,0.38,0.01,-0.32,-60.93,-17.75,190.31,103.60,255,
137.17,-2.49,-1.64,-1.40,0.84,-0.14,0.44,0.38,0.01,-0.31,-61.12,-18.08,190.83,103.60,255,
137.32,-2.39,-1.59,-1.62,0.84,-0.14,0.44,0.38,0.02,-0.31,-60.87,-17.94,191.05,103.60,255,
137.44,-2.24,-1.64,-1.23,0.84,-0.14,0.44,0.38,0.02,-0.31,-61.01,-17.83,191.74,103.29,255,
137.56,-2.33,-1.76,-1.75,0.84,-0.14,0.44,0.38,0.02,-0.31,-61.21,-18.05,190.92,103.29,255,
137.71,-2.30,-1.55,-1.38,0.84,-0.14,0.44,0.38,0.02,-0.31,-60.99,-17.89,191.12,103.60,255,
137.84,-2.39,-1.59,-1.25,0.84,-0.14,0.44,0.38,0.02,-0.31,-60.98,-17.96,191.18,103.60,255,
137.95,-2.27,-1.51,-1.45,0.84,-0.14,0.44,0.38,0.01,-0.31,-60.98,-17.99,190.66,103.60,255,
138.08,-2.33,-1.67,-1.29,0.84,-0.14,0.44,0.38,0.02,-0.31,-61.00,-17.95,191.43,103.60,255,
138.23,-2.21,-1.63,-1.47,0.84,-0.14,0.44,0.38,0.02,-0.31,-60.97,-18.03,191.35,103.60,255,
138.36,-2.20,-1.70,-1.41,0.84,-0.14,0.45,0.38,0.01,-0.30,-60.74,-17.69,190.06,103.60,255,
138.48,-2.24,-1.72,-1.26,0.84,-0.14,0.44,0.37,0.01,-0.30,-60.95,-18.05,189.89,103.29,255,
138.63,-2.36,-1.53,-1.33,0.84,-0.14,0.44,0.38,0.02,-0.31,-61.14,-17.89,190.88,103.60,255,
138.75,-2.58,-1.59,-1.64,0.84,-0.14,0.44,0.37,0.02,-0.31,-61.04,-17.85,191.81,103.60,255,
138.87,-2.44,-1.59,-1.16,0.84,-0.14,0.45,0.38,0.01,-0.31,-60.76,-17.76,190.82,103.60,255,
138.99,-2.26,-1.59,-1.25,0.84,-0.14,0.45,0.38,0.01,-0.31,-60.77,-17.88,190.67,103.60,255,
139.14,-2.37,-1.44,-1.41,0.84,-0.15,0.44,0.38,0.01,-0.30,-61.02,-18.30,189.94,103.60,255,
139.26,-2.36,-1.79,-1.24,0.84,-0.14,0.44,0.38,0.01,-0.31,-60.90,-17.94,190.83,103.60,255,
139.38,-2.17,-1.89,-1.51,0.84,-0.14,0.44,0.37,0.02,-0.31,-60.94,-17.94,191.46,103.60,255,
139.52,-2.33,-1.69,-1.60,0.84,-0.14,0.45,0.38,0.01,-0.30,-60.79,-17.84,190.33,103.60,255,
139.64,-2.25,-1.59,-1.47,0.84,-0.14,0.44,0.37,0.02,-0.31,-61.05,-17.96,191.68,103.60,255,
139.80,-2.22,-1.53,-1.22,0.84,-0.14,0.44,0.38,0.01,-0.31,-60.88,-17.90,190.83,103.60,255,
139.92,-2.18,-1.43,-1.35,0.84,-0.14,0.44,0.38,0.01,-0.31,-61.03,-18.08,190.41,103.60,255,
