2017-02-02-14-50-01
0
ophthalmoscope
D
0.00,195.11,172.80,19.33,255,
0.00,-0.59,-0.81,0.13,0.84,0.05,0.50,0.41,-0.12,-0.20,-59.04,5.59,172.73,19.33,255,
0.01,-0.44,-0.61,0.19,0.84,0.03,0.50,0.40,-0.12,-0.20,-59.21,3.80,172.13,19.33,255,
0.02,-0.53,-0.58,-0.04,0.84,0.05,0.50,0.41,-0.12,-0.19,-59.02,5.49,171.91,19.33,255,
0.04,-0.46,-0.79,-0.05,0.84,0.05,0.50,0.41,-0.12,-0.19,-59.10,5.26,172.76,19.33,255,
0.05,-0.64,-0.76,0.27,0.84,0.05,0.50,0.40,-0.12,-0.20,-59.12,5.18,171.82,19.33,255,
0.05,-0.50,-0.85,0.13,0.84,0.04,0.50,0.41,-0.12,-0.19,-59.28,5.02,172.68,19.33,255,
0.06,-0.58,-0.74,0.02,0.84,0.04,0.50,0.41,-0.12,-0.20,-59.18,5.00,172.50,19.33,255,
0.06,-0.47,-0.64,0.22,0.84,0.05,0.50,0.41,-0.12,-0.19,-59.17,5.34,172.82,19.33,255,
0.07,-0.19,-0.68,0.14,0.83,0.05,0.50,0.41,-0.12,-0.20,-59.12,5.42,171.92,19.33,255,
0.07,-0.36,-0.59,0.06,0.84,0.04,0.49,0.41,-0.12,-0.20,-59.46,5.20,172.13,19.33,255,
0.08,-0.37,-0.67,-0.10,0.83,0.05,0.50,0.41,-0.12,-0.20,-59.13,5.43,171.72,19.33,255,
0.08,-0.46,-0.61,0.01,0.84,0.05,0.50,0.40,-0.12,-0.19,-59.12,5.23,172.31,19.33,255,
0.09,-0.55,-0.64,0.07,0.83,0.05,0.50,0.41,-0.12,-0.20,-59.06,5.33,172.38,19.33,255,
0.09,-0.36,-0.81,0.04,0.84,0.05,0.50,0.40,-0.12,-0.19,-59.27,5.18,172.29,19.33,255,
0.10,-0.49,-0.81,0.19,0.83,0.04,0.50,0.40,-0.11,-0.19,-59.12,5.09,172.67,19.33,255,
0.10,-0.47,-0.70,0.17,0.84,0.05,0.50,0.41,-0.12,-0.20,-59.07,5.15,172.34,19.33,255,
0.11,-0.71,-0.71,0.13,0.84,0.04,0.49,0.40,-0.12,-0.19,-59.42,5.20,171.89,19.33,255,
0.11,-0.40,-0.62,0.16,0.84,0.05,0.50,0.41,-0.12,-0.20,-59.22,5.43,171.71,19.33,255,
0.12,-0.40,-0.83,0.05,0.83,0.04,0.50,0.40,-0.12,-0.20,-59.17,5.16,172.33,19.33,255,
0.12,-0.32,-0.46,0.19,0.84,0.05,0.49,0.40,-0.12,-0.20,-59.39,5.38,171.67,19.33,255,
0.13,-0.40,-0.58,0.13,0.84,0.04,0.50,0.40,-0.12,-0.20,-59.14,5.15,171.66,19.33,255,
0.13,-0.44,-0.70,0.07,0.84,0.05,0.51,0.40,-0.12,-0.20,-58.54,5.07,172.27,19.33,255,
0.14,-0.52,-0.79,0.19,0.84,0.05,0.50,0.40,-0.11,-0.20,-59.20,5.56,172.46,19.33,255,
0.15,-0.43,-0.74,0.16,0.83,0.05,0.50,0.40,-0.12,-0.20,-59.05,5.20,172.06,19.33,255,
0.26,-0.43,-0.74,0.23,0.84,0.04,0.49,0.40,-0.11,-0.20,-59.41,5.10,172.58,19.33,255,
0.41,-0.34,-0.63,0.15,0.84,0.04,0.50,0.40,-0.12,-0.20,-59.16,5.08,172.24,19.33,255,
0.54,-0.47,-0.52,-0.01,0.84,0.05,0.49,0.40,-0.11,-0.20,-59.39,5.25,172.78,19.33,255,
0.66,-0.34,-0.67,0.13,0.83,0.05,0.50,0.40,-0.12,-0.19,-59.10,5.37,172.27,19.33,255,
0.80,-0.55,-0.47,0.22,0.83,0.04,0.50,0.40,-0.11,-0.20,-59.04,5.06,172.77,19.33,255,
0.90,-0.37,-0.68,0.07,0.84,0.04,0.50,0.40,-0.12,-0.20,-59.19,5.11,171.60,19.33,255,
1.06,-0.34,-0.72,0.00,0.84,0.05,0.50,0.40,-0.12,-0.20,-59.25,5.32,172.44,19.33,255,
1.18,-0.47,-0.75,0.24,0.83,0.05,0.50,0.41,-0.12,-0.20,-59.05,5.26,172.48,19.33,255,
1.32,-0.46,-0.75,0.16,0.84,0.05,0.50,0.41,-0.12,-0.20,-59.19,5.31,172.64,19.33,255,
1.42,-0.34,-0.81,0.04,0.84,0.05,0.50,0.40,-0.12,-0.21,-59.15,5.30,171.77,19.33,255,
1.57,-0.16,-0.91,0.05,0.84,0.04,0.50,0.40,-0.12,-0.21,-59.09,5.14,171.88,19.33,255,
1.69,-0.25,-0.78,0.07,0.84,0.04,0.49,0.40,-0.12,-0.20,-59.31,5.09,171.60,19.33,255,
1.84,-0.49,-0.38,0.21,0.83,0.04,0.50,0.40,-0.13,-0.20,-59.07,4.82,171.00,19.33,255,
1.96,-0.36,-0.74,0.17,0.84,0.05,0.50,0.40,-0.12,-0.19,-59.14,5.16,172.13,19.33,255,
2.08,-0.58,-0.55,0.08,0.84,0.04,0.50,0.41,-0.11,-0.20,-59.21,5.11,172.76,19.33,255,
2.23,-0.50,-0.84,0.06,0.83,0.05,0.49,0.40,-0.12,-0.19,-59.21,5.27,172.47,19.33,255,
2.35,-0.74,-0.49,0.13,0.84,0.05,0.50,0.40,-0.12,-0.20,-59.09,5.31,171.78,19.33,255,
2.48,-0.57,-0.81,0.16,0.84,0.04,0.49,0.40,-0.12,-0.20,-59.35,5.18,172.05,19.33,255,
2.60,-0.62,-0.75,0.07,0.84,0.05,0.50,0.40,-0.12,-0.20,-59.16,5.30,172.31,19.33,255,
2.73,-0.64,-0.69,0.13,0.84,0.03,0.49,0.40,-0.12,-0.20,-59.32,3.63,172.49,19.33,255,
2.88,-0.34,-0.67,0.26,0.84,0.05,0.50,0.40,-0.12,-0.19,-59.18,5.19,172.12,19.33,255,
3.00,-0.40,-0.63,0.08,0.84,0.04,0.50,0.40,-0.12,-0.20,-59.09,4.98,172.04,19.33,255,
3.13,-0.40,-0.59,0.10,0.84,0.04,0.49,0.40,-0.12,-0.20,-59.28,5.15,172.04,19.33,255,
3.25,-0.68,-0.71,-0.08,0.84,0.05,0.50,0.40,-0.12,-0.21,-59.20,5.34,171.48,19.33,255,
3.39,-0.26,-0.73,0.07,0.84,0.05,0.50,0.40,-0.12,-0.21,-59.25,5.27,171.72,19.33,255,
3.52,-0.64,-0.58,0.10,0.84,0.05,0.50,0.40,-0.12,-0.21,-59.17,5.28,172.05,19.33,255,
3.65,-0.37,-0.78,0.13,0.84,0.05,0.49,0.40,-0.11,-0.20,-59.59,5.31,172.49,19.33,255,
3.77,-0.34,-0.68,0.29,0.84,0.05,0.50,0.40,-0.12,-0.20,-59.24,5.31,171.67,19.33,255,
3.92,-0.47,-0.68,0.06,0.84,0.04,0.50,0.40,-0.12,-0.20,-59.20,5.09,171.91,19.33,255,
4.06,-0.46,-0.67,0.17,0.84,0.04,0.50,0.39,-0.12,-0.20,-59.21,5.11,171.03,19.33,255,
4.18,-0.58,-0.72,0.19,0.84,0.04,0.49,0.40,-0.12,-0.20,-59.30,5.15,171.88,19.33,255,
4.29,-0.61,-0.54,0.12,0.84,0.04,0.50,0.40,-0.12,-0.20,-59.10,4.99,172.25,19.33,255,
4.43,-0.55,-0.73,-0.13,0.83,0.05,0.50,0.39,-0.12,-0.20,-59.19,5.25,171.71,19.33,255,
4.55,-0.47,-0.79,0.03,0.84,0.05,0.50,0.39,-0.12,-0.20,-59.18,5.23,171.89,19.33,255,
4.68,-0.53,-0.55,0.19,0.83,0.05,0.49,0.39,-0.12,-0.21,-59.44,5.42,171.60,19.33,255,
4.82,-0.62,-0.58,0.21,0.84,0.04,0.50,0.39,-0.12,-0.20,-59.22,5.18,171.41,19.33,255,
4.94,-0.34,-0.87,0.21,0.84,0.04,0.50,0.40,-0.12,-0.19,-59.24,4.98,171.69,19.33,255,
5.09,-0.38,-0.63,0.07,0.84,0.05,0.50,0.40,-0.12,-0.20,-59.14,5.34,171.46,19.33,255,
5.21,-0.27,-0.72,0.13,0.83,0.06,0.49,0.40,-0.12,-0.20,-59.17,6.94,171.10,19.33,255,
5.36,-0.61,-0.69,0.12,0.83,0.05,0.50,0.40,-0.12,-0.21,-59.21,5.29,171.18,19.33,255,
5.47,-0.58,-0.69,0.23,0.84,0.04,0.50,0.40,-0.12,-0.20,-59.16,5.03,171.63,19.33,255,
5.62,-0.32,-0.74,0.11,0.84,0.05,0.49,0.39,-0.12,-0.20,-59.32,5.48,171.49,19.33,255,
5.74,-0.50,-0.64,0.02,0.84,0.05,0.50,0.40,-0.12,-0.19,-59.27,5.41,172.15,19.33,255,
5.87,-0.62,-0.75,0.15,0.83,0.05,0.49,0.40,-0.12,-0.20,-59.26,5.45,172.25,19.33,255,
5.99,-0.61,-0.81,-0.05,0.83,0.05,0.50,0.39,-0.11,-0.20,-59.16,5.22,172.66,19.33,255,
6.12,-0.37,-0.92,0.00,0.84,0.05,0.49,0.40,-0.11,-0.20,-59.31,5.46,172.42,19.33,255,
6.26,-0.67,-0.93,0.23,0.84,0.04,0.50,0.39,-0.12,-0.19,-59.21,5.18,171.69,19.33,255,
6.38,-0.46,-0.94,-0.03,0.83,0.04,0.50,0.40,-0.12,-0.19,-59.13,4.90,172.58,19.33,255,
6.50,-0.45,-0.83,0.05,0.83,0.05,0.50,0.40,-0.12,-0.20,-59.03,5.33,172.14,19.33,255,
6.66,-0.49,-0.76,0.27,0.84,0.04,0.50,0.41,-0.12,-0.21,-59.14,4.79,171.82,19.33,255,
6.79,-0.57,-0.73,0.16,0.84,0.05,0.50,0.40,-0.12,-0.20,-59.09,5.36,172.01,19.33,255,
6.90,-0.55,-0.61,0.10,0.84,0.04,0.49,0.41,-0.12,-0.21,-59.34,4.86,172.34,19.33,255,
7.05,-0.73,-0.68,0.01,0.84,0.05,0.49,0.40,-0.12,-0.19,-59.35,5.38,172.04,19.33,255,
7.18,-0.41,-0.67,-0.01,0.83,0.04,0.50,0.40,-0.12,-0.21,-59.18,5.10,171.80,19.33,255,
7.29,-0.48,-1.00,0.29,0.84,0.05,0.50,0.40,-0.12,-0.20,-59.11,5.21,171.81,19.33,255,
7.43,-0.64,-0.79,0.10,0.84,0.05,0.50,0.40,-0.12,-0.20,-59.19,5.37,171.84,19.33,255,
7.57,-0.53,-0.55,0.18,0.84,0.05,0.49,0.40,-0.12,-0.20,-59.34,5.47,172.20,19.33,255,
7.68,-0.60,-0.58,0.22,0.84,0.04,0.50,0.39,-0.12,-0.21,-59.25,4.86,172.10,19.33,255,
7.83,-0.37,-0.67,0.11,0.83,0.05,0.49,0.40,-0.12,-0.21,-59.20,5.38,172.46,19.33,255,
7.95,-0.65,-0.84,0.14,0.84,0.05,0.50,0.39,-0.11,-0.20,-59.14,5.49,172.29,19.33,255,
8.08,-0.32,-0.74,-0.02,0.84,0.05,0.49,0.40,-0.12,-0.20,-59.30,5.20,172.11,19.33,255,
8.20,-0.65,-0.84,0.01,0.84,0.05,0.50,0.40,-0.12,-0.20,-59.23,5.39,171.50,19.33,255,
8.33,-0.72,-0.62,0.21,0.83,0.05,0.50,0.40,-0.12,-0.20,-58.80,5.38,171.39,19.33,255,
8.46,-0.64,-0.61,0.19,0.84,0.04,0.49,0.39,-0.12,-0.20,-59.34,5.11,171.04,19.33,255,
8.60,-0.41,-0.81,0.05,0.84,0.05,0.49,0.40,-0.12,-0.21,-59.30,5.40,171.46,19.33,255,
8.72,-0.58,-0.60,0.07,0.83,0.05,0.49,0.40,-0.12,-0.21,-59.34,5.52,171.69,19.33,255,
8.87,-0.52,-0.64,0.01,0.84,0.05,0.50,0.41,-0.12,-0.21,-59.13,5.28,171.96,19.33,255,
8.99,-0.47,-0.81,0.05,0.84,0.05,0.49,0.40,-0.12,-0.21,-59.28,5.28,171.38,19.33,255,
9.13,-0.26,-0.75,0.09,0.84,0.05,0.49,0.40,-0.12,-0.21,-59.30,5.31,171.56,19.33,255,
9.24,-0.40,-0.80,0.04,0.84,0.04,0.51,0.40,-0.12,-0.20,-58.70,5.05,171.59,19.33,255,
9.37,-0.46,-0.70,0.11,0.84,0.05,0.50,0.39,-0.12,-0.20,-59.06,5.20,171.47,19.01,255,
9.52,-0.64,-0.73,0.10,0.84,0.05,0.50,0.40,-0.12,-0.21,-59.24,5.40,172.21,19.01,255,
9.65,-0.70,-0.79,0.01,0.80,0.04,0.48,0.40,-0.12,-0.21,-58.98,5.01,172.07,18.69,255,
9.78,-0.38,-0.79,0.18,0.84,0.04,0.49,0.36,-0.12,-0.21,-59.81,4.41,170.73,18.06,255,
9.90,-0.63,-1.05,0.13,0.83,0.04,0.50,0.40,-0.12,-0.21,-58.89,5.17,171.59,17.11,62,
10.02,-0.86,-0.61,0.22,0.84,0.05,0.51,0.40,-0.12,-0.21,-58.65,5.75,171.77,3.49,62,
10.16,-0.49,-0.90,0.07,0.84,0.05,0.50,0.39,-0.12,-0.21,-59.07,5.27,171.85,2.22,58,
10.27,-0.07,-0.21,0.43,0.83,0.02,0.46,0.40,-0.12,-0.21,-61.23,2.68,171.67,1.58,40,
10.42,-0.45,-0.36,0.36,0.83,0.03,0.48,0.40,-0.12,-0.21,-59.97,3.90,172.13,1.27,27,
10.55,0.60,-0.44,0.42,0.80,0.02,0.49,0.40,-0.12,-0.21,-58.48,2.30,171.42,1.27,22,
10.67,160.80,-22.21,-12.64,0.81,-0.16,0.71,0.39,-0.10,-0.22,-47.93,-12.84,173.73,1.27,0,
10.83,49.02,-4.36,21.03,0.68,0.08,0.34,0.39,-0.05,-0.27,-62.63,12.90,-179.45,0.95,0,
10.93,-7.82,0.46,-4.31,1.35,-0.00,0.46,0.39,-0.03,-0.27,-71.22,-0.13,-176.31,0.95,0,
11.05,-49.42,10.83,12.67,0.96,0.08,1.10,0.40,-0.04,-0.27,-40.90,4.15,-177.76,1.27,0,
11.19,-21.47,29.52,-23.81,0.95,-0.28,0.34,0.43,-0.05,-0.23,-64.94,-39.59,-178.71,0.63,0,
11.32,-4.41,-15.02,-4.73,0.85,-0.06,0.31,0.42,-0.06,-0.24,-69.87,-10.94,179.92,0.63,0,
11.45,25.83,-22.94,-5.67,0.83,0.20,0.48,0.40,-0.08,-0.25,-57.83,22.84,177.12,0.95,0,
11.58,-13.91,-3.45,-3.61,0.91,0.18,-0.68,0.40,-0.07,-0.25,-52.40,165.54,179.08,0.95,0,
11.72,-4.64,-2.14,-0.37,1.15,0.02,0.38,0.39,-0.07,-0.26,-71.60,2.45,178.20,0.63,0,
11.87,-0.78,0.38,0.91,0.82,-0.07,0.52,0.39,-0.07,-0.25,-57.30,-7.30,178.35,0.95,0,
11.98,9.66,6.15,3.33,0.82,-0.11,0.70,0.39,-0.08,-0.25,-49.27,-8.58,176.84,0.95,0,
12.10,4.71,-2.61,5.10,1.05,0.09,0.25,0.40,-0.08,-0.24,-75.68,19.47,177.29,0.95,0,
12.23,2.27,-5.29,-2.27,0.83,-0.00,0.51,0.40,-0.09,-0.25,-58.60,-0.56,176.55,0.95,0,
12.35,-0.24,-1.41,0.67,0.84,-0.04,0.51,0.39,-0.07,-0.26,-58.52,-4.74,178.44,0.95,0,
12.50,6.31,2.39,4.99,-0.12,0.71,-0.44,0.40,-0.07,-0.26,8.29,121.82,178.20,0.95,0,
12.62,74.18,-213.19,100.16,0.72,-0.11,0.61,0.37,-0.05,-0.30,-49.37,-10.11,-179.51,0.32,0,
12.75,-112.72,44.18,-14.68,0.49,0.50,1.03,0.34,-0.11,-0.27,-23.20,25.94,170.60,1.27,0,
12.88,-111.32,55.21,-56.25,0.70,0.48,0.66,0.46,-0.14,-0.09,-40.57,35.77,171.47,2.22,0,
13.00,-209.51,20.32,-42.24,0.63,0.32,0.45,0.51,-0.10,0.08,-49.10,35.30,177.51,4.12,0,
13.14,-244.93,-47.59,-48.44,0.79,0.15,0.32,0.52,0.09,0.16,-65.82,24.22,198.79,10.14,0,
13.30,-161.35,-136.67,-82.21,0.69,-0.11,0.50,0.53,0.18,0.03,-53.59,-12.34,207.17,10.46,0,
13.40,-178.37,-42.32,-25.52,0.70,0.03,0.94,0.48,0.25,-0.10,-36.62,2.07,216.49,28.83,13,
13.53,-135.73,24.46,-24.96,0.37,0.41,0.62,0.43,0.09,-0.21,-26.83,33.48,199.93,2.85,0,
13.69,-84.57,-71.66,0.60,0.43,0.72,0.39,0.42,0.04,-0.23,-27.73,61.93,193.86,0.00,0,
13.79,7.56,-2.98,-10.74,0.50,0.72,0.56,0.38,-0.01,-0.24,-28.54,51.94,-172.81,0.00,0,
13.92,37.00,-2.12,4.93,0.53,0.73,0.46,0.39,0.01,-0.26,-31.61,58.01,190.80,0.00,0,
14.05,30.39,5.39,-1.80,0.53,0.61,0.51,0.39,0.05,-0.26,-33.48,50.00,195.85,0.00,0,
14.20,-6.64,15.31,2.76,0.58,0.61,0.53,0.40,0.05,-0.26,-35.46,48.95,195.89,0.00,0,
14.32,-14.55,8.99,6.96,0.60,0.66,0.50,0.40,0.05,-0.25,-35.71,52.87,195.83,0.00,0,
14.44,-6.06,15.44,-5.21,0.55,0.69,0.37,0.42,0.03,-0.24,-35.18,61.70,192.55,0.00,0,
14.57,-7.13,16.86,-3.80,0.62,0.66,0.40,0.43,0.02,-0.22,-38.70,58.55,191.80,0.00,0,
14.70,-2.03,3.25,-4.70,0.64,0.67,0.36,0.44,0.02,-0.22,-40.10,61.77,191.54,0.00,0,
14.83,-14.32,8.64,-2.09,0.60,0.73,0.20,0.44,0.03,-0.22,-38.44,74.59,192.27,0.00,0,
14.96,-1.28,-6.42,-10.58,0.70,0.62,0.34,0.44,0.02,-0.22,-44.78,61.00,191.45,0.00,0,
15.09,5.86,-2.86,-1.59,0.64,0.66,0.31,0.43,0.02,-0.22,-41.22,64.52,191.48,0.00,0,
15.22,-22.07,-12.38,-1.63,0.59,0.61,0.30,0.41,0.02,-0.22,-40.81,63.45,192.02,0.00,0,
15.35,-48.87,-8.22,9.47,0.62,0.69,0.22,0.41,0.01,-0.23,-40.44,72.39,189.77,0.00,0,
15.48,29.71,-26.45,-14.47,0.70,0.69,0.27,0.42,-0.01,-0.23,-43.22,68.23,-172.72,0.00,0,
15.64,-25.82,0.41,-17.76,0.65,0.69,0.29,0.42,-0.01,-0.23,-40.72,67.09,-172.88,0.00,0,
15.76,15.93,-2.98,-19.81,0.76,0.71,0.25,0.42,-0.02,-0.21,-45.54,70.78,-173.86,0.00,0,
15.89,0.25,13.53,-13.87,0.74,0.59,0.34,0.42,-0.01,-0.22,-47.46,60.62,-172.24,0.00,0,
16.02,-17.16,31.49,3.03,0.48,0.85,0.04,0.43,-0.00,-0.18,-29.61,87.41,-171.95,0.00,0,
16.13,114.25,4.52,-6.75,0.60,0.73,0.17,0.45,0.03,-0.19,-38.76,76.79,192.50,0.00,0,
16.26,-2.64,27.90,6.44,0.59,0.72,0.28,0.46,0.02,-0.17,-37.66,68.48,191.46,0.00,0,
16.38,34.13,28.42,11.74,0.71,0.60,0.16,0.49,0.03,-0.14,-49.08,75.01,191.55,0.00,0,
16.52,-1.50,16.34,19.85,0.60,0.71,0.01,0.48,0.03,-0.13,-40.53,89.25,192.42,0.00,0,
16.65,73.06,-29.46,-8.27,0.86,0.70,0.06,0.50,0.04,-0.11,-50.70,85.22,192.59,0.00,0,
16.80,33.77,32.46,-5.18,0.68,0.64,0.11,0.50,0.04,-0.10,-46.59,80.34,192.69,0.00,0,
16.92,-32.50,8.79,5.23,-1.14,0.58,0.05,0.52,0.04,-0.07,62.96,85.45,193.23,0.00,0,
17.04,59.69,68.40,-31.57,1.06,0.56,0.21,0.53,0.03,-0.04,-60.73,69.30,191.80,0.00,0,
17.17,89.89,130.27,-64.47,0.57,0.66,0.12,0.55,0.11,0.10,-40.37,79.52,199.76,0.00,0,
17.33,148.77,150.18,-9.29,0.42,0.52,0.02,0.50,0.06,0.24,-39.04,88.31,195.97,0.00,0,
17.45,55.90,12.52,-32.61,0.61,0.79,-0.40,0.44,0.00,0.31,-34.58,117.24,188.80,0.63,0,
17.56,48.05,22.65,-32.70,0.71,0.71,-0.19,0.44,-0.03,0.31,-44.02,105.19,-174.88,1.27,0,
17.71,-2.98,-9.20,-24.15,0.86,0.56,-0.14,0.46,-0.01,0.28,-56.07,103.81,-172.10,2.22,0,
17.83,-19.82,-33.59,-54.21,0.85,0.54,-0.20,0.48,0.03,0.26,-55.69,110.26,192.06,3.49,0,
17.97,-54.30,-37.27,-14.76,0.83,0.53,-0.14,0.50,0.08,0.23,-56.71,105.23,198.01,5.70,1,
18.10,-86.79,-40.52,-15.48,0.79,0.37,-0.03,0.51,0.13,0.18,-65.04,94.37,202.61,6.97,0,
18.21,-78.31,-38.88,-8.24,0.71,0.28,0.04,0.52,0.18,0.12,-68.26,81.43,207.20,6.34,0,
18.35,-30.22,-33.62,-20.11,1.02,0.23,0.19,0.51,0.22,0.07,-73.83,50.84,211.79,4.75,0,
18.50,-8.34,-19.81,17.24,0.90,0.32,0.31,0.51,0.20,0.04,-63.52,45.87,210.30,2.85,0,
18.61,11.99,-10.96,13.16,0.96,0.42,0.37,0.51,0.18,0.02,-59.75,48.76,208.13,1.90,0,
18.73,-0.03,-9.23,26.66,0.97,0.35,0.28,0.51,0.17,0.02,-65.14,50.95,206.63,2.53,0,
18.87,-39.57,-20.79,2.42,0.81,0.38,0.27,0.51,0.14,-0.00,-60.02,54.80,203.73,2.85,0,
19.00,-20.02,-13.02,-26.98,0.79,0.45,0.33,0.51,0.15,-0.03,-54.65,53.85,204.53,3.17,0,
19.12,-19.49,-7.39,-22.89,0.83,0.38,0.25,0.50,0.17,-0.04,-60.96,56.62,206.87,3.17,0,
19.27,2.92,15.95,-4.18,0.87,0.41,0.15,0.50,0.17,-0.04,-63.34,70.07,207.65,2.85,0,
19.39,11.34,18.85,8.43,0.96,0.33,0.24,0.51,0.18,-0.03,-67.04,54.46,208.04,3.49,0,
19.51,12.67,15.22,18.49,0.91,0.30,0.22,0.52,0.16,-0.00,-67.66,53.94,205.91,5.07,0,
19.67,24.05,38.34,12.20,0.80,0.34,0.13,0.52,0.15,0.04,-65.18,69.29,204.35,5.70,0,
19.79,47.36,67.39,39.28,1.02,0.22,0.28,0.52,0.10,0.09,-70.56,38.03,199.55,6.97,1,
19.90,131.95,171.98,46.80,0.68,0.67,0.56,0.47,0.02,0.21,-37.73,49.97,190.84,7.60,0,
20.05,123.73,66.03,-56.94,0.49,0.91,-0.13,0.40,-0.05,0.26,-27.91,97.85,-178.17,6.65,1,
20.17,98.84,3.70,-61.14,0.99,0.66,-0.20,0.38,-0.07,0.24,-55.02,106.78,178.43,6.65,2,
20.32,48.70,-5.54,19.31,0.59,0.76,-0.05,0.37,-0.09,0.22,-38.04,93.96,175.28,6.65,0,
20.44,-7.66,-29.73,-106.04,0.63,0.88,-0.18,0.38,-0.07,0.21,-34.84,101.33,178.75,6.02,0,
20.55,-51.42,21.94,-33.71,1.05,0.38,0.12,0.41,-0.01,0.20,-69.43,72.86,-172.25,6.65,0,
20.70,-108.26,12.66,-19.91,0.99,0.53,0.01,0.41,0.06,0.24,-61.73,89.34,197.24,7.29,0,
20.81,-136.59,11.90,16.98,1.02,0.32,-0.08,0.42,0.14,0.25,-71.89,104.19,206.28,6.34,0,
20.95,-94.50,2.98,-5.76,0.88,0.07,0.00,0.43,0.19,0.24,-85.39,87.58,212.12,4.75,0,
21.10,41.83,-7.98,8.29,0.21,-2.00,1.16,0.43,0.22,0.24,-5.19,-59.86,215.65,6.34,0,
21.21,48.33,19.96,11.07,0.98,0.25,-0.14,0.44,0.20,0.24,-73.83,120.02,212.90,6.02,7,
21.36,59.30,-29.53,29.89,1.00,0.86,-0.77,0.44,0.14,0.24,-40.76,132.08,205.84,13.94,7,
21.48,-24.33,-40.23,-19.19,0.92,0.25,-0.03,0.45,0.17,0.21,-74.47,96.67,209.31,16.79,7,
21.59,-12.20,2.51,1.99,0.97,0.27,0.18,0.45,0.18,0.20,-71.60,55.56,210.40,12.99,7,
21.75,8.03,8.83,40.61,1.09,0.40,-0.41,0.43,0.18,0.23,-62.33,135.86,210.81,11.09,7,
21.87,-101.06,-21.53,49.44,0.96,0.06,-0.27,0.45,0.17,0.21,-73.98,166.91,209.65,10.77,255,
21.99,-35.06,-46.25,-7.25,0.86,0.54,0.19,0.48,0.16,0.15,-56.55,70.81,207.21,11.72,255,
22.12,10.83,15.35,-2.27,0.84,0.41,-0.31,0.48,0.17,0.16,-58.79,127.21,208.31,12.04,255,
22.27,-34.17,3.53,-29.92,0.87,0.09,-0.20,0.48,0.20,0.15,-75.59,155.59,211.43,11.41,255,
22.39,-18.96,-35.31,12.31,0.90,0.26,0.04,0.48,0.21,0.13,-73.70,81.33,211.73,11.41,255,
22.53,41.53,-23.36,-21.50,1.10,0.38,-0.15,0.49,0.20,0.13,-69.49,111.94,210.50,12.67,255,
22.65,71.16,-16.08,-41.56,0.97,0.16,0.08,0.48,0.22,0.11,-79.71,63.55,212.74,16.48,255,
22.77,52.11,-3.34,-24.36,0.93,0.13,-0.20,0.48,0.22,0.12,-75.84,147.10,212.96,20.91,255,
22.92,67.73,-12.01,5.07,0.85,0.01,0.38,0.49,0.20,0.12,-66.20,2.26,210.42,22.81,255,
23.04,-21.74,11.71,21.14,1.00,0.14,0.07,0.49,0.19,0.13,-81.18,62.54,209.50,21.23,255,
23.18,-23.16,37.20,-11.07,0.99,0.23,-0.07,0.48,0.19,0.15,-76.60,106.09,209.61,19.64,255,
23.30,4.53,-9.56,-3.10,0.90,0.14,0.07,0.48,0.18,0.15,-79.95,62.75,209.60,17.11,255,
23.42,-6.60,6.02,2.03,0.94,0.15,-0.11,0.49,0.19,0.16,-79.04,127.14,209.69,11.41,255,
23.55,3.93,-4.06,0.90,0.96,0.31,-0.00,0.48,0.17,0.16,-72.04,90.52,208.69,10.77,255,
23.67,4.92,-11.14,-1.46,0.94,0.21,0.02,0.48,0.18,0.15,-77.56,84.24,208.73,13.31,255,
23.82,-7.15,-24.94,-0.07,1.00,0.23,-0.02,0.49,0.18,0.14,-77.07,96.22,208.94,15.52,255,
23.94,4.39,-57.01,-10.71,0.95,0.29,0.31,0.50,0.17,0.09,-66.05,42.44,206.90,23.13,255,
24.09,-13.35,3.89,-24.66,0.86,0.36,0.35,0.50,0.18,0.08,-59.64,45.87,208.70,23.13,255,
24.20,-0.43,0.64,-25.33,0.95,0.20,0.03,0.50,0.20,0.10,-77.92,81.73,210.18,23.45,255,
24.35,-76.50,101.04,19.66,0.68,-0.45,0.12,0.49,0.21,0.12,-55.72,-75.08,211.61,14.57,255,
24.46,-244.81,244.96,188.86,-0.19,-0.24,-0.70,0.42,0.18,0.27,14.63,-161.42,211.77,3.49,255,
24.61,-23.36,225.16,82.49,-0.25,0.59,-1.14,0.21,0.17,0.38,10.97,152.50,227.70,26.61,255,
24.74,-107.32,212.36,-3.91,-0.84,0.49,-1.41,0.02,0.21,0.34,29.43,161.04,272.03,22.81,112,
24.86,-60.71,114.67,-47.05,-1.18,0.38,-0.69,-0.08,0.24,0.26,56.31,151.57,296.22,19.01,77,
25.00,-57.12,78.50,21.65,-1.07,-0.20,-0.27,-0.14,0.26,0.20,72.55,-142.74,306.34,15.84,44,
25.12,-20.11,18.49,-17.70,-1.10,-0.05,-0.14,-0.15,0.27,0.16,82.35,-160.57,307.40,17.43,45,
25.24,-15.26,16.90,-2.61,-1.07,-0.09,-0.03,-0.16,0.28,0.15,84.74,-107.70,307.80,16.48,43,
25.39,7.80,-5.29,-5.17,-1.00,0.02,-0.11,-0.16,0.28,0.13,83.43,170.19,308.30,17.74,43,
25.51,-7.05,-0.17,34.42,-1.22,0.52,-0.05,-0.16,0.27,0.15,66.79,95.54,308.94,18.69,46,
25.66,-2.82,20.42,-0.70,-1.03,0.00,-0.07,-0.16,0.28,0.13,85.88,178.68,309.26,18.69,46,
25.78,-2.80,25.36,6.46,-1.00,-0.01,0.02,-0.17,0.29,0.11,88.67,-30.63,308.27,17.74,47,
25.89,-2.52,10.29,-23.60,-1.02,0.01,0.09,-0.17,0.28,0.09,85.08,6.43,309.28,16.79,46,
26.04,-0.60,-9.59,-9.61,-1.07,0.13,0.06,-0.19,0.27,0.10,82.62,65.18,313.54,16.79,45,
26.15,7.79,-49.24,3.01,-0.98,0.12,0.04,-0.19,0.26,0.12,82.43,73.52,314.46,17.11,41,
26.28,15.50,29.44,14.62,-1.10,-0.01,0.00,-0.18,0.28,0.13,89.29,-89.49,311.86,17.74,46,
26.43,5.22,-6.71,-3.17,-1.02,0.08,0.04,-0.18,0.28,0.11,84.82,63.82,312.14,17.43,47,
26.55,-1.48,-1.48,2.84,-1.02,0.01,0.11,-0.17,0.27,0.12,84.00,7.93,311.24,17.11,47,
26.67,-0.54,-0.96,0.53,-1.02,-0.00,0.01,-0.17,0.27,0.13,89.21,-5.22,310.57,17.43,50,
26.82,-0.56,0.46,-0.04,-1.04,0.03,-0.02,-0.17,0.27,0.13,87.91,128.80,311.08,17.43,47,
26.93,-0.65,-1.22,-1.80,-1.09,0.06,0.09,-0.17,0.28,0.13,84.31,32.20,310.50,16.79,47,
27.09,-0.52,-3.17,0.28,-1.01,0.03,0.03,-0.17,0.28,0.12,87.86,44.93,310.69,17.11,48,
27.21,-0.58,0.01,-0.34,-1.04,0.04,-0.01,-0.18,0.28,0.13,87.56,109.36,311.13,16.48,47,
27.32,-0.37,-1.50,0.41,-1.02,0.04,0.01,-0.18,0.27,0.12,87.60,70.42,311.40,16.79,47,
27.45,0.06,-0.64,0.49,-1.04,0.04,-0.01,-0.18,0.28,0.13,87.97,101.63,311.62,16.16,57,
27.58,28.94,-2.21,-0.13,-1.03,0.01,0.02,-0.18,0.26,0.14,88.89,20.92,312.74,16.16,71,
27.73,85.43,0.36,0.43,-1.04,-0.01,0.04,-0.18,0.26,0.16,87.99,-11.61,312.54,16.16,73,
27.85,46.08,-1.32,0.07,-1.04,-0.01,0.04,-0.18,0.25,0.15,87.89,-8.56,314.22,16.16,74,
28.00,8.25,0.73,0.10,-1.03,0.05,0.03,-0.19,0.25,0.16,86.94,59.73,315.36,16.16,73,
28.13,2.35,0.34,1.44,-1.04,0.05,0.02,-0.18,0.24,0.16,86.92,71.55,316.43,16.16,71,
28.25,72.17,-1.83,0.58,-1.04,-0.08,0.02,-0.18,0.22,0.17,85.76,-77.73,318.02,15.52,69,
28.37,31.31,0.07,-0.34,-1.02,0.06,0.02,-0.18,0.21,0.18,86.54,71.69,318.76,15.52,67,
28.49,117.45,3.72,3.76,-1.38,1.49,-0.23,-0.19,0.21,0.19,42.48,98.95,320.36,14.89,69,
28.65,39.20,-0.07,-0.31,-1.03,-0.02,0.05,-0.18,0.20,0.18,87.01,-23.46,321.63,14.57,68,
28.77,2.33,0.36,-0.13,-1.03,0.07,0.04,-0.19,0.20,0.19,85.62,61.62,322.55,14.26,71,
28.88,9.51,2.06,0.40,-1.05,0.12,0.05,-0.19,0.16,0.19,82.89,67.47,328.63,14.26,67,
29.01,100.83,-0.31,-2.06,-1.05,-0.12,0.04,-0.19,0.14,0.18,83.17,-72.47,331.94,14.57,73,
29.17,12.62,0.42,-0.11,-1.03,-0.00,0.07,-0.19,0.12,0.19,86.20,-0.82,335.38,14.89,73,
29.30,5.67,-0.26,0.66,-1.01,-0.01,0.06,-0.19,0.11,0.17,86.70,-13.32,339.10,15.21,77,
29.42,13.08,0.28,-1.11,-1.05,0.00,0.09,-0.18,0.09,0.17,85.14,2.27,341.63,15.84,78,
29.53,-0.68,-0.52,0.13,-1.03,-0.02,0.04,-0.19,0.08,0.16,87.30,-29.09,345.26,16.16,78,
29.68,-1.44,-4.16,-0.38,-1.03,-0.00,0.07,-0.18,0.07,0.16,86.02,-1.12,346.57,15.52,76,
29.79,-0.38,-2.10,0.16,-1.04,-0.09,0.02,-0.17,0.07,0.16,84.87,-76.32,347.54,14.89,81,
29.93,-0.69,0.19,-1.97,-1.04,-0.01,0.12,-0.17,0.07,0.17,83.14,-6.12,345.42,15.84,79,
30.08,-0.32,0.22,1.21,-1.03,0.03,0.03,-0.17,0.07,0.16,87.57,41.28,347.38,15.84,78,
30.20,0.00,-0.70,0.44,-1.03,0.01,0.07,-0.18,0.07,0.17,86.02,4.25,346.22,15.84,79,
30.34,49.11,1.61,0.09,-1.01,-0.05,0.05,-0.17,0.06,0.16,86.11,-42.11,348.19,16.48,75,
30.47,36.32,-3.18,-0.01,-1.03,-0.04,0.04,-0.18,0.06,0.16,87.03,-43.84,351.31,17.11,83,
30.57,46.57,0.19,0.41,-1.04,0.00,0.13,-0.17,0.04,0.15,83.11,2.26,355.84,17.11,91,
30.73,10.27,-3.99,1.17,-1.03,-0.02,0.04,-0.18,0.04,0.13,87.69,-25.63,357.16,17.43,94,
30.83,1.33,-0.49,0.37,-1.03,-0.01,0.04,-0.18,0.04,0.13,87.71,-19.89,356.49,17.11,96,
30.99,244.96,-0.80,-1.03,-1.06,-0.66,0.07,-0.18,0.03,0.12,57.96,-84.23,0.32,16.48,99,
31.14,0.02,-0.55,-0.11,-1.04,-0.01,0.03,-0.18,0.02,0.11,87.96,-20.38,2.35,16.16,99,
31.25,85.00,2.23,1.64,-0.98,-0.07,0.09,-0.18,0.01,0.09,83.59,-36.26,4.11,15.84,96,
31.36,33.50,1.82,1.00,-1.00,-0.05,0.02,-0.18,0.02,0.09,87.07,-63.13,2.40,15.52,97,
31.49,7.27,1.50,-0.09,-1.04,-0.03,0.05,-0.17,0.01,0.06,86.74,-27.36,5.63,14.89,97,
31.62,5.20,-1.83,-0.25,-1.03,-0.02,0.03,-0.18,0.01,0.05,88.00,-32.96,4.93,14.57,91,
31.74,10.36,-1.59,-0.37,-1.03,-0.02,0.02,-0.18,0.01,0.04,88.38,-47.56,6.52,14.26,90,
31.88,-0.58,-0.64,0.31,-1.03,-0.03,0.02,-0.17,0.01,0.03,88.01,-57.02,4.86,14.26,89,
32.03,-1.32,-0.70,-1.64,-1.04,-0.02,0.04,-0.17,0.00,0.04,87.55,-31.06,7.86,14.26,87,
32.15,-0.49,-1.12,-0.06,-1.02,-0.00,0.03,-0.16,-0.00,0.03,88.23,-5.77,10.17,14.57,85,
32.27,-0.55,-1.91,-0.97,-1.02,-0.01,-0.03,-0.16,0.00,0.04,88.33,-159.53,7.01,14.57,91,
32.42,-2.03,17.07,-12.49,-0.92,0.08,0.12,-0.16,-0.02,0.01,80.98,32.93,14.99,13.94,90,
32.55,-0.49,-1.19,-0.65,-0.95,-0.04,0.07,-0.16,-0.01,0.02,85.24,-31.86,11.17,13.94,90,
32.68,-0.49,-0.83,0.77,-1.05,-0.01,0.04,-0.16,-0.01,0.03,87.63,-12.28,13.66,13.62,92,
32.81,-0.55,-1.82,1.47,-1.00,0.03,0.03,-0.16,-0.01,0.03,87.28,45.47,12.16,14.26,94,
32.94,-0.74,-0.45,0.63,-1.02,0.01,-0.01,-0.17,-0.01,0.03,89.41,138.75,12.70,14.26,92,
33.05,-0.16,-3.89,1.01,-1.02,0.03,0.07,-0.16,-0.01,0.03,85.72,22.66,12.38,14.57,79,
33.20,121.18,-18.55,2.89,-1.02,0.18,-0.05,-0.16,-0.00,0.02,79.53,104.18,8.93,15.21,58,
33.35,1.61,1.77,0.91,-1.03,0.01,-0.02,-0.17,0.01,0.01,89.00,157.62,6.65,14.89,30,
33.44,78.21,9.26,3.08,-1.01,-0.01,-0.02,-0.17,0.02,-0.02,88.87,-158.91,2.22,13.94,23,
33.59,66.59,-0.43,-0.70,-1.03,0.00,-0.01,-0.17,0.03,-0.04,89.57,174.60,358.79,14.57,25,
33.72,29.29,-0.79,-0.47,-1.04,0.03,-0.05,-0.17,0.05,-0.06,86.61,146.64,353.77,16.48,46,
33.85,38.63,-0.81,1.68,-1.03,-0.01,0.02,-0.17,0.06,-0.08,88.95,-16.73,350.12,17.74,68,
33.98,16.03,-1.25,0.52,-1.02,-0.02,-0.02,-0.17,0.07,-0.07,88.45,-133.93,347.00,18.06,71,
34.10,38.69,-1.49,1.04,-1.02,0.03,-0.02,-0.18,0.07,-0.08,87.82,122.06,346.93,19.01,71,
34.23,21.44,-0.12,2.35,-1.04,-0.00,0.00,-0.18,0.09,-0.08,89.81,-81.72,341.06,19.01,73,
34.36,-1.26,-6.84,-1.11,-1.14,-0.10,-0.12,-0.17,0.08,-0.08,81.87,-140.37,343.84,19.33,68,
34.48,-2.33,-14.06,-10.59,-1.03,0.00,-0.07,-0.17,0.08,-0.08,85.85,176.77,342.78,19.33,72,
34.61,-0.81,-0.99,-0.46,-1.03,0.02,-0.02,-0.17,0.07,-0.09,88.29,142.09,344.58,19.33,69,
34.74,0.13,1.47,0.76,-1.04,-0.01,-0.01,-0.17,0.08,-0.09,89.31,-129.45,342.00,19.33,68,
34.90,1.64,-4.68,0.64,-1.03,-0.01,-0.01,-0.17,0.08,-0.08,89.12,-119.31,342.77,19.33,73,
35.02,134.81,3.57,6.39,-0.97,-0.06,0.01,-0.18,0.11,-0.09,86.53,-78.44,337.70,20.28,82,
35.13,17.40,-3.93,-0.21,-1.03,-0.00,-0.01,-0.18,0.11,-0.09,89.35,-172.84,336.88,20.59,81,
35.28,41.74,-1.65,0.19,-1.05,0.05,-0.05,-0.18,0.12,-0.09,86.11,131.17,333.88,20.91,74,
35.40,9.00,-0.53,-0.23,-1.04,0.02,-0.03,-0.18,0.13,-0.10,88.04,152.82,332.94,21.23,70,
35.53,12.52,-2.99,0.81,-1.06,0.00,-0.02,-0.18,0.15,-0.09,88.82,177.59,329.31,22.18,68,
35.70,42.44,1.05,-1.29,-1.04,0.27,-0.13,-0.18,0.16,-0.09,73.96,116.64,327.50,22.50,68,
35.80,0.09,-1.32,0.08,-1.03,0.01,-0.05,-0.18,0.17,-0.10,87.38,172.54,325.40,22.50,69,
35.93,45.79,2.01,-1.29,-1.09,0.20,-0.09,-0.19,0.17,-0.09,78.60,112.90,326.31,22.50,70,
36.07,8.29,0.01,-1.41,-1.02,0.04,-0.02,-0.18,0.18,-0.09,87.35,110.22,324.05,22.81,69,
36.19,39.98,-0.20,-1.75,-1.06,0.28,-0.12,-0.19,0.19,-0.09,73.79,113.38,323.02,23.45,71,
36.33,24.58,1.84,-0.98,-1.01,0.04,-0.00,-0.18,0.21,-0.08,87.93,95.34,319.46,23.45,73,
36.46,-0.67,-0.43,-0.59,-1.03,0.03,-0.03,-0.18,0.22,-0.08,87.85,130.86,317.52,23.45,74,
36.58,24.79,-0.42,0.67,-1.05,0.09,-0.04,-0.18,0.22,-0.09,84.69,112.64,319.03,23.13,43,
36.71,62.53,-3.72,4.13,-1.03,0.07,-0.01,-0.18,0.25,-0.06,86.13,101.47,314.57,22.18,43,
36.84,42.86,-1.41,2.50,-1.06,0.02,-0.00,-0.17,0.27,-0.02,88.92,94.91,310.34,21.54,44,
36.98,-0.02,-0.43,0.31,-1.03,0.04,-0.00,-0.17,0.28,-0.01,87.95,93.80,309.86,21.54,45,
37.09,15.48,-1.50,-0.61,-1.03,-0.02,0.04,-0.17,0.28,-0.01,87.60,-30.52,310.27,21.54,44,
37.21,20.52,-0.83,-1.42,-1.01,0.03,0.00,-0.17,0.29,0.02,88.28,87.70,309.31,21.54,45,
37.34,50.21,-0.28,0.44,-1.02,0.02,0.02,-0.17,0.29,0.02,88.55,43.47,308.87,21.54,42,
37.49,0.07,1.23,-0.89,-1.02,0.03,0.00,-0.17,0.29,0.03,88.11,83.94,309.38,21.54,45,
37.61,7.44,-1.47,-0.18,-1.02,0.05,0.00,-0.17,0.29,0.03,86.97,87.67,309.25,21.54,41,
37.76,35.55,-1.23,-0.93,-1.03,0.06,-0.00,-0.17,0.29,0.04,86.59,90.46,309.61,21.54,43,
37.87,25.73,-2.80,-1.38,-1.04,0.08,-0.01,-0.18,0.29,0.05,85.62,100.60,309.51,21.23,47,
37.99,34.54,0.79,-2.20,-1.03,0.04,0.01,-0.18,0.29,0.05,87.76,69.65,310.21,20.91,43,
38.14,8.99,1.05,0.10,-1.04,0.06,0.01,-0.18,0.29,0.06,86.47,85.30,309.82,20.91,44,
38.26,0.25,-0.31,0.79,-1.04,0.03,0.01,-0.19,0.30,0.06,87.93,67.09,310.73,20.59,45,
38.39,7.63,-0.50,-2.89,-1.04,0.08,0.03,-0.18,0.29,0.07,85.36,70.14,310.67,20.28,44,
38.53,25.94,-5.21,-1.44,-1.02,0.06,0.01,-0.18,0.28,0.08,86.44,84.10,311.94,19.64,44,
38.65,57.36,-8.25,-0.10,-1.05,0.01,0.00,-0.18,0.27,0.12,89.59,68.03,312.55,19.64,44,
38.79,18.45,-7.07,2.76,-1.04,0.05,0.02,-0.18,0.26,0.12,87.00,66.50,313.76,19.64,45,
38.95,-0.34,10.72,4.31,-0.88,0.18,0.02,-0.18,0.26,0.12,78.65,84.55,312.70,18.06,45,
39.05,-0.64,-1.30,0.51,-1.03,-0.03,0.05,-0.16,0.25,0.12,86.57,-27.73,311.50,18.38,45,
39.18,0.25,-0.01,5.82,-1.06,0.04,0.07,-0.17,0.27,0.13,85.81,30.27,310.88,18.69,46,
39.31,97.76,12.40,9.61,-1.01,0.24,0.10,-0.17,0.26,0.13,75.37,68.70,311.96,17.74,74,
39.44,82.63,4.31,1.84,-1.01,0.13,-0.05,-0.17,0.24,0.16,82.03,110.98,313.55,17.43,70,
39.61,24.84,-2.55,-3.45,-1.02,0.03,0.03,-0.17,0.20,0.19,87.68,41.96,317.65,17.11,66,
39.70,7.23,-0.38,1.00,-1.19,0.05,-0.00,-0.17,0.19,0.20,87.74,94.01,320.26,16.79,63,
39.82,37.81,-0.54,1.27,-1.03,0.08,0.02,-0.17,0.18,0.19,85.56,75.79,322.00,16.48,65,
39.97,70.24,-2.42,1.29,-1.01,-0.05,-0.00,-0.17,0.15,0.21,86.99,-94.37,327.15,16.48,68,
40.11,101.21,1.15,0.43,-1.10,-0.12,0.09,-0.17,0.12,0.21,82.04,-53.45,332.96,16.79,70,
40.21,43.17,-0.18,1.36,-1.01,-0.01,0.01,-0.17,0.09,0.20,89.51,-46.72,341.64,17.11,75,
40.36,26.48,2.15,0.28,-1.01,0.03,0.03,-0.17,0.08,0.19,87.61,53.44,344.24,17.43,77,
40.48,46.27,-1.65,-1.48,-1.05,0.36,-0.05,-0.17,0.06,0.17,70.89,98.15,349.65,17.74,73,
40.63,5.29,-2.00,0.06,-1.05,0.00,0.05,-0.17,0.05,0.17,87.08,2.88,352.49,17.74,75,
40.74,0.63,-1.26,-0.30,-1.03,0.02,0.04,-0.17,0.04,0.16,87.62,33.67,354.06,17.74,84,
40.89,32.22,-0.74,1.12,-1.02,0.00,0.04,-0.18,0.04,0.15,88.01,7.32,357.46,17.43,88,
40.99,3.23,-2.05,1.46,-1.04,0.00,0.02,-0.17,0.02,0.14,88.63,2.39,2.27,17.11,92,
41.14,11.97,1.88,0.46,-1.03,0.01,0.04,-0.18,0.03,0.13,87.52,15.36,0.51,17.11,91,
41.25,-0.59,-1.17,1.75,-1.03,0.00,0.04,-0.18,0.03,0.13,87.62,0.98,359.91,17.11,96,
41.38,-0.90,1.88,0.37,-1.04,0.01,0.06,-0.17,0.02,0.14,86.93,7.65,3.08,17.11,91,
41.54,-0.64,0.04,-0.34,-1.03,-0.00,0.06,-0.17,0.01,0.13,86.76,-1.26,3.94,15.52,93,
41.64,-0.72,-6.86,-3.30,-1.08,0.01,-0.04,-0.16,0.00,0.14,87.70,168.63,7.75,15.21,94,
41.77,-0.51,33.32,-4.07,-1.05,0.06,0.01,-0.16,0.00,0.14,86.81,78.62,6.87,14.57,96,
41.92,-2.39,-18.40,-2.46,-1.05,-0.02,0.05,-0.16,0.01,0.14,87.27,-24.91,6.15,15.21,89,
42.03,1.02,20.58,1.79,-1.04,0.10,-0.08,-0.16,0.01,0.16,82.92,126.25,4.96,14.89,96,
42.16,-8.03,-40.73,13.74,-1.07,-0.07,-0.04,-0.16,0.00,0.14,85.48,-121.33,6.90,15.52,90,
42.29,-0.76,12.43,2.39,-1.08,0.03,-0.05,-0.16,0.01,0.16,86.84,146.10,3.78,14.26,90,
42.42,14.36,6.55,-157.07,-1.04,-0.13,-0.33,-0.15,0.01,0.13,71.45,-158.91,5.37,4.12,1,
42.55,-189.26,-18.83,-50.99,-0.94,0.20,0.24,-0.12,0.02,0.19,71.70,39.17,357.28,3.80,143,
42.68,-164.23,-92.53,-109.33,-0.76,-0.19,-0.11,-0.10,0.07,0.27,73.95,-119.35,333.29,11.09,143,
42.83,-245.00,-109.21,-79.93,-0.71,0.05,-0.39,-0.05,0.23,0.32,60.83,172.78,290.55,7.60,164,
42.94,-16.71,-94.66,55.28,-0.53,0.31,-0.93,-0.01,0.29,0.32,28.12,161.69,281.02,5.07,255,
43.10,-98.32,-94.92,55.81,-0.39,-0.32,-1.32,0.05,0.38,0.31,16.05,-166.58,271.30,1.58,255,
43.20,-245.00,57.91,-101.08,-0.20,-0.77,-0.60,0.06,0.50,0.09,11.43,-127.89,272.24,1.27,255,
43.34,14.24,-6.07,-34.85,-0.45,-0.84,-0.15,0.01,0.51,0.09,27.72,-100.28,277.94,1.58,255,
43.49,43.57,-97.84,45.66,-0.44,-0.51,-0.40,-0.00,0.52,0.02,34.16,-128.30,278.75,2.22,255,
43.60,-8.87,-42.80,25.04,-0.24,-0.81,-0.14,0.00,0.53,0.01,16.49,-99.47,278.55,2.53,255,
43.75,-22.02,-35.86,1.65,-0.36,-0.98,-0.41,-0.01,0.54,-0.01,18.46,-112.66,279.12,2.53,255,
43.88,-3.96,-37.51,17.90,-0.19,-0.79,-0.37,0.02,0.55,-0.01,12.36,-115.50,276.72,2.53,255,
43.98,2.97,-14.13,-7.51,-0.05,-1.01,-0.64,0.05,0.56,0.02,2.42,-122.49,273.94,4.12,255,
44.14,-8.17,-21.14,3.69,-0.14,-1.12,-0.17,0.04,0.57,0.01,6.89,-98.74,274.39,6.02,91,
44.27,8.97,-8.52,25.02,-0.34,-1.00,-0.25,0.07,0.59,0.03,18.04,-104.13,271.86,6.02,74,
44.40,-26.33,-6.80,-4.31,0.10,-0.69,-0.39,0.11,0.58,0.03,-7.22,-119.55,268.30,6.02,74,
44.51,-5.81,-8.52,-2.63,-0.04,-1.01,-0.38,0.09,0.57,0.01,2.27,-110.55,269.88,6.02,91,
44.63,-59.43,7.87,-41.87,0.35,-0.63,-1.06,0.08,0.57,-0.02,-15.90,-149.28,270.46,6.65,97,
44.79,-24.59,15.40,5.87,0.01,-0.98,-0.21,0.07,0.55,-0.08,-0.38,-102.07,271.27,6.65,102,
44.92,-7.15,12.40,20.83,-0.05,-0.95,-0.12,0.08,0.55,-0.11,3.25,-97.14,270.03,6.97,100,
45.05,0.40,2.81,-0.09,0.04,-1.01,-0.15,0.10,0.55,-0.11,-2.49,-98.58,268.36,6.97,101,
45.18,0.29,-14.74,-6.72,0.05,-1.05,-0.12,0.09,0.55,-0.12,-2.50,-96.56,269.56,6.97,96,
45.29,1.26,-34.20,-32.95,-0.10,-0.89,-0.12,0.05,0.55,-0.10,6.36,-97.90,273.66,7.29,80,
45.44,177.94,-3.71,15.36,-0.08,-0.84,0.20,0.04,0.57,-0.02,5.27,-76.36,274.89,9.19,27,
45.57,244.96,-10.09,20.53,-0.03,-0.50,-0.75,0.06,0.51,0.29,1.74,-146.36,271.94,7.92,68,
45.68,49.76,-11.39,22.71,-0.13,0.22,-1.07,0.08,0.40,0.41,7.03,168.11,267.36,6.97,74,
45.82,23.54,-0.14,1.11,0.02,0.00,-0.98,0.08,0.37,0.44,-1.34,179.75,265.67,6.97,70,
45.93,20.60,-7.25,1.88,-0.01,0.12,-1.01,0.09,0.31,0.46,0.34,173.20,262.30,7.60,56,
46.07,6.96,-13.59,0.44,0.04,0.34,-0.92,0.10,0.20,0.50,-2.28,159.97,251.45,7.60,41,
46.19,-3.93,-6.03,-1.99,0.09,0.38,-0.80,0.12,0.18,0.50,-5.76,154.60,245.88,7.60,38,
46.32,-8.64,-22.92,11.35,0.08,0.27,-0.98,0.12,0.23,0.50,-4.73,164.58,250.94,7.29,27,
46.46,-0.59,-10.23,-5.53,0.13,0.27,-0.99,0.13,0.22,0.49,-7.31,164.58,248.00,6.97,35,
46.60,-1.61,20.82,0.27,0.03,0.12,-1.02,0.12,0.25,0.49,-1.73,173.26,252.48,7.60,76,
46.71,-82.93,-5.53,27.80,-0.11,-0.01,-0.99,0.09,0.30,0.46,6.35,-179.27,261.94,7.29,76,
46.85,0.01,0.08,-0.07,0.04,0.00,-0.94,0.10,0.32,0.46,-2.69,179.78,261.26,7.60,72,
46.98,244.90,4.53,4.90,0.05,0.04,-1.02,0.08,0.17,0.50,-2.63,177.88,253.02,6.97,52,
47.12,67.20,-14.87,3.39,-0.00,0.69,-0.75,0.09,0.01,0.48,0.24,137.21,193.34,8.24,41,
47.24,81.91,-14.51,-0.80,0.02,0.93,-0.54,0.11,-0.12,0.43,-0.91,120.12,141.65,8.87,38,
47.36,120.31,-15.04,1.67,0.03,0.85,-0.22,0.13,-0.22,0.37,-2.23,104.64,129.07,7.92,40,
47.50,27.75,-1.23,6.52,0.04,0.97,-0.07,0.13,-0.27,0.30,-2.34,94.33,124.16,7.60,43,
47.63,3.51,35.85,1.66,0.06,1.02,0.00,0.13,-0.27,0.30,-3.57,89.98,123.49,7.92,42,
47.76,-24.26,2.89,-2.11,0.01,0.97,-0.43,0.13,-0.17,0.41,-0.72,113.97,136.09,9.19,42,
47.89,-5.55,0.31,-4.61,0.07,0.91,-0.47,0.12,-0.15,0.43,-4.03,117.31,138.06,9.50,41,
48.02,10.09,-12.54,10.92,0.09,0.92,-0.42,0.12,-0.14,0.42,-4.85,114.56,138.05,9.19,40,
48.15,181.01,20.12,9.39,-0.01,1.04,0.19,0.11,-0.20,0.36,0.35,79.55,126.65,7.29,43,
48.29,107.19,-4.04,-7.88,0.04,1.07,0.21,0.10,-0.31,0.18,-2.31,78.87,117.07,6.34,44,
48.41,55.59,-3.70,-4.67,0.05,0.92,0.40,0.12,-0.33,0.09,-2.58,66.26,118.20,6.02,47,
48.54,47.74,0.61,-0.56,0.02,0.88,0.54,0.12,-0.32,0.01,-1.11,58.34,118.49,6.34,49,
48.68,117.84,-4.66,-1.55,0.04,0.78,0.64,0.12,-0.32,-0.08,-2.22,50.40,119.89,7.29,78,
48.80,165.63,-6.83,-3.15,0.00,0.38,0.98,0.12,-0.23,-0.22,-0.20,21.00,126.13,24.71,78,
48.93,-1.14,0.10,-1.62,0.05,0.30,0.95,0.13,-0.20,-0.26,-2.80,17.63,131.76,28.83,77,
49.08,1.11,3.95,1.79,-0.01,0.28,0.91,0.13,-0.20,-0.28,0.65,17.09,131.35,33.27,79,
49.19,-0.91,4.27,5.63,0.04,0.30,0.93,0.13,-0.20,-0.26,-2.52,17.99,131.05,35.17,78,
49.34,-1.00,-2.33,-5.43,0.05,0.31,0.94,0.13,-0.20,-0.26,-3.04,17.90,132.06,35.17,76,
49.46,-0.87,-4.32,-1.98,0.10,0.31,0.92,0.13,-0.19,-0.25,-5.77,18.45,132.47,33.27,72,
49.58,152.31,-6.19,-3.68,0.09,0.05,0.89,0.13,-0.18,-0.28,-5.45,3.31,133.65,29.78,71,
49.73,31.61,-0.99,-1.22,0.05,0.06,0.99,0.12,-0.10,-0.32,-3.11,3.22,149.08,9.19,73,
49.84,46.06,0.53,-1.76,0.05,-0.10,0.99,0.13,-0.06,-0.35,-2.74,-6.03,162.22,6.65,71,
49.99,31.03,2.16,-0.01,0.07,-0.16,0.98,0.12,-0.02,-0.37,-3.96,-9.46,177.83,6.34,74,
50.10,46.26,0.09,0.56,0.06,-0.26,0.96,0.13,0.02,-0.38,-3.71,-15.11,197.42,19.01,77,
50.23,55.10,-1.10,-1.14,0.07,-0.49,0.86,0.13,0.13,-0.39,-3.76,-29.86,233.70,27.88,84,
50.37,35.61,-3.85,0.98,0.03,-0.55,0.73,0.13,0.22,-0.38,-1.93,-37.12,248.01,28.83,78,
50.50,20.83,0.67,0.84,0.04,-0.68,0.67,0.12,0.27,-0.37,-2.31,-45.53,254.44,11.72,81,
50.62,-2.09,2.40,2.25,0.05,-0.75,0.63,0.13,0.29,-0.36,-3.17,-49.94,254.69,12.04,81,
50.76,-0.43,-4.97,3.78,0.02,-0.79,0.63,0.13,0.28,-0.36,-1.15,-51.55,253.51,12.04,80,
50.88,-0.92,-5.74,2.83,0.07,-0.79,0.57,0.12,0.28,-0.36,-4.27,-53.94,255.61,12.04,81,
51.01,-0.11,0.35,3.08,0.08,-0.82,0.64,0.12,0.28,-0.36,-4.36,-52.09,255.14,12.04,79,
51.14,1.20,-2.11,1.94,0.07,-0.75,0.62,0.11,0.29,-0.36,-4.36,-50.38,257.57,8.55,86,
51.27,176.09,-2.37,-3.39,0.09,-0.83,0.49,0.11,0.36,-0.32,-5.37,-59.35,261.66,8.24,102,
51.40,70.45,1.60,-2.61,0.08,-1.00,0.26,0.11,0.42,-0.27,-4.26,-75.73,263.59,8.87,102,
51.53,14.12,-1.97,0.94,0.04,-0.96,0.18,0.11,0.47,-0.23,-2.40,-79.30,265.79,8.87,99,
51.68,40.20,5.29,2.77,0.04,-0.98,0.05,0.11,0.51,-0.18,-2.17,-87.28,266.57,8.24,95,
51.81,79.29,2.87,-3.98,0.04,-0.99,-0.10,0.11,0.54,-0.10,-2.23,-95.66,266.94,8.55,89,
51.93,68.38,1.70,-0.33,0.04,-0.90,-0.33,0.10,0.57,-0.04,-2.40,-110.21,268.60,9.50,42,
52.05,117.19,1.86,-0.07,0.02,-0.99,-0.38,0.11,0.57,0.06,-0.86,-111.12,268.00,10.46,26,
52.20,-0.83,-4.17,0.72,0.03,-0.80,-0.55,0.10,0.56,0.10,-2.01,-124.52,268.50,10.77,28,
52.31,-13.63,2.62,-16.28,0.32,-0.66,-0.29,0.11,0.56,0.10,-23.81,-114.02,267.73,10.77,29,
52.46,-18.74,-16.05,-23.31,0.02,-0.81,-0.53,0.10,0.56,0.09,-1.28,-123.11,268.15,9.82,81,
52.58,3.01,-21.04,-19.81,-0.04,-0.92,-0.32,0.07,0.55,-0.02,2.53,-109.46,271.35,10.14,35,
52.70,159.94,-2.26,0.69,-0.12,-0.83,-0.19,0.06,0.56,0.08,7.76,-102.82,272.11,11.72,24,
52.85,89.47,0.62,5.33,-0.04,-0.62,-0.80,0.07,0.53,0.22,2.17,-142.26,271.57,10.14,58,
52.99,113.42,-1.14,11.60,-0.05,-0.40,-0.90,0.07,0.46,0.32,2.65,-155.92,269.60,7.92,72,
53.10,36.57,4.25,1.46,-0.01,-0.12,-1.01,0.08,0.40,0.40,0.76,-173.16,267.49,7.29,84,
53.22,39.70,-4.28,1.29,-0.01,0.07,-1.06,0.08,0.31,0.44,0.64,176.02,264.00,7.60,77,
53.35,94.53,3.45,3.59,0.01,0.23,-0.97,0.07,0.24,0.47,-0.78,166.84,262.33,7.60,73,
53.51,52.91,-2.59,2.00,-0.04,0.71,-1.11,0.08,0.14,0.50,1.82,147.64,247.93,6.97,72,
53.63,119.31,-8.46,7.32,0.05,0.73,-0.65,0.09,0.02,0.49,-3.01,131.71,200.01,7.60,43,
53.76,44.97,-4.59,0.77,0.02,0.92,-0.60,0.10,-0.08,0.46,-1.18,123.17,151.34,6.65,43,
53.89,138.56,-16.61,3.42,0.05,0.82,-0.17,0.11,-0.17,0.41,-3.11,101.46,130.97,5.39,41,
54.00,95.65,-4.70,4.27,0.03,0.89,-0.15,0.13,-0.25,0.34,-2.17,99.64,125.66,5.07,42,
54.13,14.66,3.87,3.95,0.02,1.00,-0.14,0.12,-0.26,0.31,-1.37,97.74,122.72,5.39,46,
54.29,-1.25,3.27,3.06,0.01,1.00,-0.11,0.11,-0.26,0.31,-0.80,96.44,121.07,6.34,41,
54.41,-163.46,22.04,-3.20,-0.02,0.97,-0.20,0.11,-0.22,0.37,0.97,101.33,125.04,6.65,45,
54.52,-153.70,12.53,-9.04,-0.02,0.95,-0.57,0.09,-0.10,0.45,1.23,121.19,139.78,7.29,55,
54.68,-61.44,-1.64,-0.10,-0.01,0.68,-0.66,0.09,-0.04,0.48,0.65,133.79,166.10,7.29,72,
54.80,-165.26,1.25,-7.81,-0.07,1.37,-0.53,0.08,0.08,0.49,2.69,111.28,231.36,7.92,75,
54.91,-58.56,-2.49,1.90,0.29,-0.91,-0.28,0.09,0.16,0.49,-17.03,-107.05,248.87,7.92,68,
55.07,-192.26,2.15,-4.93,-0.04,-0.31,-1.00,0.08,0.42,0.37,2.18,-162.63,267.20,9.82,24,
55.20,-98.94,0.95,-7.02,0.01,-0.55,-0.79,0.08,0.51,0.25,-0.45,-145.24,269.98,11.72,24,
55.32,-142.36,1.00,0.93,0.00,-0.73,-0.68,0.07,0.56,0.12,-0.25,-132.97,271.29,11.41,75,
55.46,-73.91,-5.28,-4.94,-0.01,-0.93,-0.38,0.07,0.55,0.00,0.66,-112.14,270.89,10.14,90,
55.59,-14.87,0.52,-3.19,0.03,-1.03,-0.13,0.07,0.53,-0.09,-1.52,-97.42,270.67,9.19,88,
55.70,-17.53,-0.28,-4.58,0.04,-1.03,0.02,0.07,0.50,-0.16,-2.08,-89.08,270.71,8.87,90,
55.85,-13.56,0.83,-1.54,-0.04,-0.97,0.17,0.07,0.47,-0.21,2.30,-80.11,270.46,8.24,91,
55.97,-45.20,-4.73,-0.84,-0.03,-0.93,0.27,0.07,0.41,-0.26,1.49,-74.08,268.87,7.60,75,
56.11,-15.89,0.31,0.58,-0.03,-0.84,0.52,0.06,0.33,-0.32,1.89,-57.93,267.87,7.29,73,
56.24,0.05,-2.52,0.37,-0.04,-0.80,0.59,0.07,0.32,-0.32,2.25,-53.50,266.60,7.29,74,
56.37,-0.31,-2.59,0.49,-0.03,-0.79,0.57,0.06,0.32,-0.33,1.94,-54.17,267.91,6.97,74,
56.48,-0.73,6.09,4.66,-0.03,-0.79,0.55,0.07,0.32,-0.33,1.53,-55.10,266.85,6.97,77,
56.63,-0.55,2.76,0.96,0.02,-0.79,0.64,0.09,0.32,-0.34,-1.21,-51.17,263.60,6.97,76,
56.76,-0.54,-10.85,-3.04,0.01,-0.80,0.58,0.08,0.32,-0.34,-0.57,-53.80,264.14,6.97,71,
56.87,-74.88,-15.25,-1.80,0.04,-1.18,0.85,0.07,0.28,-0.35,-1.55,-54.37,264.26,25.03,68,
57.00,-59.34,-4.61,-2.55,-0.03,-0.51,0.86,0.06,0.14,-0.39,1.60,-30.78,255.10,10.46,65,
57.15,-72.76,-1.64,-4.51,-0.06,-0.16,0.98,0.06,0.02,-0.37,3.22,-9.33,203.66,8.24,67,
57.29,-10.59,-3.05,-1.70,-0.05,0.01,0.99,0.06,-0.08,-0.34,2.71,0.81,136.08,15.21,72,
57.41,-3.92,-1.70,-2.84,-0.03,0.29,0.94,0.07,-0.18,-0.26,1.65,17.39,118.35,8.87,62,
57.54,-56.55,2.81,9.02,-0.04,0.57,0.76,0.06,-0.28,-0.11,2.33,37.14,110.99,6.65,52,
57.66,-0.81,1.08,0.12,-0.06,0.75,0.67,0.05,-0.29,-0.07,3.26,48.17,107.92,6.65,53,
57.81,-1.51,8.62,-7.54,-0.01,0.77,0.71,0.05,-0.30,-0.08,0.77,47.35,107.96,6.65,52,
57.94,-0.74,-2.06,0.10,-0.01,0.74,0.70,0.05,-0.29,-0.08,0.83,46.58,109.11,6.65,51,
58.13,-0.65,-3.36,0.58,-0.04,0.74,0.67,0.05,-0.30,-0.08,2.29,48.07,108.82,6.65,50,
58.47,-2.30,-4.93,-0.60,-0.04,0.73,0.70,0.05,-0.30,-0.06,2.51,46.30,108.02,6.34,46,
58.50,-86.49,-2.28,5.32,-0.04,0.87,0.45,0.04,-0.31,0.05,2.40,62.73,106.37,6.34,46,
58.51,-144.46,2.43,-1.16,-0.06,1.04,0.04,0.04,-0.30,0.17,3.43,87.97,106.26,7.29,47,
58.58,-88.76,-0.97,2.40,-0.06,0.95,-0.27,0.04,-0.20,0.35,3.61,105.69,108.50,8.55,46,
58.69,-166.72,-13.56,0.23,-0.23,1.52,-0.57,0.04,-0.10,0.43,8.03,110.46,118.21,7.29,78,
58.82,-44.61,5.29,-6.68,0.03,0.48,-0.79,0.04,0.10,0.50,-1.75,148.72,255.43,7.60,81,
58.97,-10.86,2.53,-0.13,-0.07,0.39,-0.93,0.03,0.16,0.48,3.93,157.30,266.06,7.92,94,
59.11,-180.97,4.60,-1.34,-0.07,0.23,-1.20,0.03,0.29,0.45,3.06,169.32,272.94,7.29,78,
59.22,-131.31,5.20,-4.70,-0.04,-0.41,-0.89,0.03,0.40,0.37,2.37,-155.58,274.81,8.24,67,
59.36,-1.58,7.57,9.03,-0.11,-0.37,-0.93,0.02,0.46,0.33,6.30,-158.07,276.15,8.24,72,
59.47,1.05,5.14,8.99,-0.14,-0.37,-0.93,0.02,0.46,0.32,7.77,-158.53,276.18,7.92,84,
59.62,-14.23,-24.35,-10.33,-0.17,-0.87,-0.62,0.01,0.45,0.33,8.85,-125.22,277.15,6.02,84,
59.75,20.40,14.00,24.22,-0.07,-0.34,-1.01,0.01,0.45,0.32,3.69,-161.34,277.26,1.90,84,
59.88,21.21,-6.86,40.19,-0.14,-0.26,-1.05,0.03,0.44,0.33,7.16,-166.29,275.10,1.90,84,
60.00,59.72,-11.03,119.86,-0.17,-0.17,-0.99,0.08,0.40,0.35,9.46,-170.13,267.98,1.90,84,
60.14,141.82,-60.96,147.13,-0.01,-0.00,-1.26,0.15,0.29,0.42,0.37,-179.90,250.94,3.80,84,
60.26,175.73,-240.96,127.06,-0.11,0.74,-0.57,0.31,0.09,0.40,6.53,127.55,204.45,7.29,255,
60.41,-1.70,-62.78,15.66,0.40,0.91,-0.39,0.42,-0.01,0.30,-21.93,113.46,-172.73,7.29,255,
60.53,18.74,-42.03,-2.69,0.34,0.79,-0.58,0.44,-0.01,0.25,-19.13,126.25,-173.37,9.19,255,
60.64,72.06,-42.99,-20.38,0.58,0.89,-0.04,0.47,-0.02,0.18,-33.31,92.71,-174.21,5.07,255,
60.80,2.81,17.65,-61.95,0.71,0.85,-0.08,0.49,0.01,0.16,-39.53,95.15,189.47,4.75,255,
60.91,-28.76,-6.94,-60.79,0.73,0.72,-0.14,0.49,0.09,0.16,-45.09,101.31,198.72,6.34,255,
61.03,49.86,-19.84,-80.08,0.73,0.34,-0.12,0.50,0.17,0.14,-63.72,109.48,207.29,10.14,255,
61.17,102.25,-4.01,-29.61,0.68,0.11,0.17,0.49,0.22,0.14,-73.36,34.04,212.21,16.79,255,
61.29,196.60,-36.40,-42.36,0.73,0.05,-0.17,0.47,0.20,0.19,-76.43,162.82,211.23,19.33,255,
61.44,204.54,-69.15,11.20,0.82,0.23,-0.13,0.49,0.13,0.18,-72.09,119.43,203.59,12.67,255,
61.56,141.51,-40.51,-1.59,0.97,0.40,0.18,0.50,0.07,0.12,-65.67,65.29,196.16,10.46,255,
61.69,105.59,-5.46,-71.55,0.99,-0.18,0.20,0.51,0.10,0.07,-74.74,-42.43,199.34,11.72,255,
61.84,244.96,20.40,-39.13,0.83,-0.23,0.58,0.50,0.13,0.04,-52.76,-21.90,202.56,8.55,255,
61.96,-156.02,22.98,63.04,0.82,-0.08,0.70,0.51,0.10,0.04,-49.32,-6.42,200.25,12.36,255,
62.07,-57.19,-1.65,5.12,0.79,-0.01,0.50,0.50,0.07,0.09,-57.88,-0.87,196.36,15.84,255,
62.21,-72.67,32.17,-35.25,0.82,-0.03,0.32,0.50,0.10,0.12,-68.56,-4.47,199.73,20.28,255,
62.36,-64.21,-3.61,19.39,0.95,-0.21,0.58,0.51,0.14,0.11,-56.95,-20.24,203.67,23.76,255,
62.46,-34.34,-3.64,-71.40,1.05,-0.16,0.20,0.50,0.19,0.13,-76.32,-38.66,209.15,24.40,255,
62.62,21.15,22.93,-36.61,0.83,-0.11,0.20,0.48,0.22,0.16,-74.87,-28.35,212.97,24.40,255,
62.74,-44.95,40.34,15.83,0.84,-0.22,0.36,0.47,0.24,0.17,-63.16,-31.87,216.32,22.50,255,
62.85,-100.43,39.64,13.68,0.97,-0.02,-0.04,0.46,0.26,0.19,-87.23,-157.41,218.03,15.52,255,
63.00,2.21,-17.14,-11.36,0.93,-0.11,0.31,0.46,0.29,0.15,-70.39,-18.82,220.35,17.74,255,
63.11,60.17,-30.51,-28.55,0.92,-0.29,0.44,0.45,0.30,0.16,-60.41,-33.23,222.09,23.13,255,
63.27,-11.69,3.81,-0.43,0.93,-0.28,0.11,0.44,0.31,0.18,-71.93,-68.77,223.43,23.45,255,
63.39,-9.89,2.00,0.81,0.90,-0.32,0.19,0.45,0.30,0.17,-67.22,-59.47,222.80,23.76,255,
63.53,-13.26,34.18,-13.91,0.91,-0.35,0.09,0.45,0.31,0.17,-68.39,-75.62,223.63,21.54,255,
63.65,78.49,-27.27,10.93,0.84,-0.43,0.08,0.44,0.31,0.19,-62.46,-79.77,223.31,22.18,255,
63.76,130.66,-37.89,34.89,0.88,-0.46,0.29,0.47,0.23,0.19,-58.22,-57.68,214.70,20.28,255,
63.92,91.57,-3.97,59.37,0.91,-0.06,0.43,0.49,0.14,0.19,-64.56,-8.42,204.38,15.21,255,
64.04,37.30,19.74,5.82,0.91,0.14,0.11,0.50,0.08,0.21,-78.97,51.18,197.73,12.04,255,
64.16,-2.77,10.50,-16.08,0.89,-0.12,0.23,0.50,0.09,0.20,-73.42,-27.36,198.37,11.72,255,
64.31,12.61,-27.57,-6.38,0.96,-0.10,0.35,0.50,0.10,0.19,-69.17,-16.04,199.52,12.99,255,
64.43,28.09,9.20,1.32,1.07,0.01,-0.05,0.50,0.11,0.19,-87.13,168.59,200.98,14.26,255,
64.55,-25.60,-5.56,-32.38,0.94,-0.47,0.26,0.50,0.13,0.19,-60.07,-61.70,203.07,15.84,255,
64.70,-44.43,16.31,46.26,0.82,-0.12,-0.04,0.50,0.13,0.21,-80.99,-107.42,203.78,16.79,255,
64.82,3.52,-39.50,-7.97,0.92,-0.24,0.31,0.50,0.12,0.17,-66.85,-38.37,201.88,16.48,255,
64.96,29.26,-4.91,-5.05,0.96,-0.28,0.50,0.51,0.11,0.14,-59.38,-29.71,201.05,16.16,255,
65.08,-27.78,59.85,24.58,0.84,-0.21,-0.05,0.51,0.10,0.18,-75.81,-103.03,199.68,15.52,255,
65.20,-40.39,-42.07,19.62,0.93,-0.00,0.23,0.50,0.09,0.19,-76.12,-1.22,199.20,14.89,255,
65.34,-6.50,-0.76,9.00,0.98,0.03,0.39,0.50,0.09,0.18,-68.18,3.86,198.85,13.62,255,
65.47,-0.97,15.81,-3.63,0.92,-0.04,0.19,0.50,0.10,0.20,-78.21,-12.30,199.58,11.09,255,
65.60,-21.47,8.49,5.91,0.96,0.02,0.09,0.49,0.09,0.22,-84.69,10.84,199.20,9.19,167,
65.72,-17.97,-7.20,-3.15,0.96,0.06,0.19,0.49,0.10,0.22,-78.17,18.75,200.56,7.60,144,
65.87,-6.57,20.87,1.11,1.01,0.00,0.24,0.49,0.11,0.22,-76.55,0.49,201.24,6.65,126,
65.99,-3.01,11.64,-1.84,0.97,0.03,0.04,0.48,0.11,0.24,-87.06,39.46,201.70,5.70,104,
66.10,1.84,-0.33,1.80,0.94,-0.03,0.17,0.48,0.11,0.24,-79.77,-8.90,201.24,5.39,65,
66.26,-0.09,20.03,-7.20,0.95,-0.06,0.01,0.46,0.12,0.26,-86.50,-76.97,202.64,5.07,49,
66.37,-6.94,-7.27,1.16,0.97,0.05,0.06,0.46,0.11,0.26,-85.49,37.44,202.24,4.75,34,
66.52,-10.15,6.24,-3.96,0.97,0.06,0.09,0.46,0.12,0.27,-83.75,36.70,203.70,4.75,25,
66.64,-11.16,6.79,3.66,0.97,0.02,0.05,0.47,0.12,0.27,-86.99,17.66,203.22,4.44,17,
66.76,-7.85,-1.32,4.07,0.98,0.03,0.04,0.46,0.12,0.27,-87.26,33.15,203.67,4.44,13,
66.91,2.81,3.68,-0.13,0.97,0.05,0.07,0.46,0.12,0.28,-84.77,36.55,203.50,4.44,7,
67.04,-0.95,-6.96,2.80,0.94,0.01,-0.03,0.46,0.13,0.28,-87.79,161.05,204.18,4.75,16,
67.17,-2.62,-14.82,1.53,1.00,0.03,-0.05,0.46,0.13,0.27,-86.49,145.49,204.66,5.07,39,
67.29,12.31,-15.04,6.46,0.99,0.06,-0.01,0.47,0.12,0.25,-86.54,101.26,203.32,4.75,73,
67.41,5.43,-16.18,-1.64,0.98,-0.03,0.00,0.48,0.13,0.24,-88.26,-87.05,203.30,5.70,73,
67.55,-17.76,-13.06,6.74,0.96,0.12,0.13,0.49,0.12,0.22,-79.62,42.32,202.41,6.65,115,
67.67,-10.36,-7.80,0.07,0.94,-0.02,0.09,0.49,0.12,0.22,-84.29,-10.02,202.70,10.14,147,
67.81,-16.09,-7.61,4.12,0.97,0.10,0.25,0.50,0.12,0.20,-74.44,22.41,202.04,15.52,186,
67.95,-3.19,-16.63,-4.24,0.90,0.01,0.32,0.49,0.13,0.18,-70.69,1.76,202.78,19.33,255,
68.07,1.76,-27.10,-0.18,0.86,0.10,0.66,0.51,0.12,0.16,-52.35,8.67,202.03,20.28,255,
68.19,3.47,-1.04,0.85,0.92,0.04,0.41,0.51,0.12,0.15,-66.07,5.12,202.38,19.33,255,
68.34,25.12,17.14,-1.33,0.95,0.10,0.32,0.51,0.12,0.17,-70.75,16.87,202.14,19.33,255,
68.46,16.12,22.43,-1.84,0.98,0.02,0.16,0.50,0.12,0.19,-80.43,5.67,201.78,9.82,192,
68.62,16.25,15.07,-1.95,0.96,-0.01,0.15,0.50,0.11,0.20,-81.26,-4.17,201.01,7.60,167,
68.71,7.33,16.28,-1.69,0.94,-0.03,0.14,0.49,0.11,0.23,-81.50,-13.91,200.79,6.65,139,
68.84,26.28,3.60,-10.40,0.95,-0.10,0.05,0.48,0.11,0.24,-83.44,-62.95,201.01,5.70,118,
68.97,7.34,0.31,4.28,0.97,-0.01,0.16,0.48,0.10,0.24,-80.76,-3.36,200.46,5.70,78,
69.10,11.23,10.93,1.26,1.01,0.07,0.03,0.48,0.09,0.26,-85.66,64.52,199.76,5.70,60,
69.23,3.37,3.37,3.76,0.94,0.00,0.09,0.47,0.08,0.26,-84.63,3.10,198.88,6.02,35,
69.36,3.53,10.91,-2.90,0.98,0.06,-0.03,0.46,0.09,0.28,-86.46,114.50,199.77,6.34,19,
69.49,-6.37,6.86,3.19,0.93,-0.02,-0.10,0.45,0.09,0.29,-83.72,-166.78,199.86,6.34,14,
69.66,-9.92,8.70,4.91,1.01,0.06,-0.02,0.45,0.09,0.28,-86.29,109.76,200.35,6.02,13,
69.75,-4.73,0.62,-3.24,0.96,-0.02,-0.18,0.44,0.09,0.29,-79.28,-174.11,199.91,6.34,27,
69.88,-9.55,-5.67,-0.28,0.99,0.00,-0.07,0.45,0.10,0.29,-86.06,177.02,201.51,6.02,50,
70.04,-4.93,-12.86,0.54,0.97,-0.02,-0.06,0.46,0.10,0.27,-86.53,-161.11,200.21,5.39,76,
70.15,-3.22,-9.88,2.15,0.95,0.07,0.00,0.47,0.09,0.26,-85.69,90.00,199.49,5.39,76,
70.29,-8.31,-7.63,0.87,0.94,0.01,0.05,0.48,0.09,0.24,-87.04,17.93,198.95,6.34,98,
70.40,-15.73,-14.97,0.09,0.97,0.02,0.18,0.49,0.10,0.23,-79.42,5.82,199.64,7.60,133,
70.55,-4.91,-15.99,-9.79,0.92,-0.02,0.11,0.49,0.10,0.21,-82.91,-8.59,199.96,10.46,169,
70.66,-5.05,-30.71,3.53,0.93,0.05,0.28,0.50,0.11,0.19,-72.92,10.43,200.53,14.57,255,
70.82,-25.15,-12.08,3.47,0.94,-0.06,0.28,0.52,0.10,0.17,-73.00,-12.31,199.83,17.43,255,
70.94,-12.32,-14.18,2.37,0.91,0.00,0.46,0.52,0.11,0.15,-62.87,0.11,200.10,19.33,255,
71.07,-6.74,8.87,-5.85,0.90,0.06,0.61,0.53,0.10,0.14,-55.54,5.18,199.82,19.01,255,
71.18,5.68,12.78,4.51,0.92,-0.01,0.44,0.52,0.11,0.16,-64.30,-1.05,200.91,17.11,255,
71.34,8.11,34.29,-1.00,0.91,0.03,0.24,0.50,0.10,0.17,-74.98,7.48,199.84,12.67,255,
71.46,12.29,21.50,-3.93,0.94,-0.00,0.08,0.50,0.10,0.21,-84.85,-0.49,199.91,8.24,187,
71.58,9.04,6.76,-4.46,0.93,0.01,0.23,0.50,0.10,0.22,-76.16,3.05,200.41,6.97,162,
71.71,15.59,8.91,-3.96,0.94,-0.06,0.11,0.48,0.10,0.24,-82.41,-26.40,200.35,6.02,126,
71.86,5.32,16.49,6.12,0.98,0.08,-0.03,0.47,0.10,0.26,-84.84,108.81,200.34,5.70,70,
71.99,-6.93,11.41,4.60,0.96,-0.03,0.13,0.46,0.09,0.27,-82.18,-13.14,199.17,6.34,40,
72.11,3.34,4.87,-3.23,0.97,-0.03,-0.06,0.45,0.09,0.29,-85.95,-156.27,200.08,6.65,23,
72.25,2.80,5.02,3.52,0.94,-0.02,-0.00,0.45,0.08,0.30,-88.87,-99.87,199.35,6.97,12,
72.38,-5.37,6.86,-0.78,0.95,-0.04,-0.12,0.44,0.09,0.31,-82.42,-163.48,200.32,6.65,9,
72.50,-3.94,-3.21,0.37,0.99,0.05,-0.17,0.44,0.09,0.31,-79.52,162.64,200.69,6.65,16,
72.64,-3.42,-8.19,1.41,0.99,0.06,-0.14,0.44,0.09,0.30,-81.37,155.79,199.74,6.65,34,
72.76,-2.03,-17.27,1.67,0.96,0.00,-0.04,0.45,0.09,0.29,-87.41,178.38,200.29,6.34,56,
72.90,-20.98,-8.43,1.57,0.95,-0.03,-0.10,0.46,0.10,0.28,-83.74,-162.17,200.25,5.39,56,
73.02,-6.34,-26.34,3.02,0.97,0.05,0.05,0.47,0.09,0.25,-85.83,46.72,199.28,6.34,90,
73.16,-22.03,-13.27,0.79,0.96,0.05,0.18,0.48,0.09,0.23,-79.12,14.95,199.19,6.97,126,
73.28,3.36,-18.71,-10.30,0.95,0.05,-0.00,0.49,0.10,0.22,-87.14,92.14,199.90,10.46,166,
73.41,-13.26,-22.85,0.04,0.93,0.04,0.26,0.50,0.10,0.20,-74.32,9.67,199.66,14.89,255,
73.54,2.14,-13.65,-2.66,0.95,0.03,0.24,0.51,0.11,0.19,-75.57,5.93,200.76,17.43,255,
73.67,-14.80,-17.18,0.42,0.88,-0.02,0.27,0.51,0.11,0.16,-72.98,-4.21,200.43,19.64,255,
73.81,-1.72,3.31,-1.77,0.90,0.02,0.47,0.52,0.11,0.16,-62.43,2.34,200.40,19.33,255,
73.94,10.24,9.27,2.42,0.95,0.10,0.37,0.51,0.11,0.16,-68.22,15.00,200.24,17.43,255,
74.05,12.70,5.97,2.84,0.98,0.12,0.29,0.51,0.09,0.18,-72.02,23.20,198.98,14.89,255,
74.19,7.60,7.63,-0.02,0.95,0.02,0.28,0.51,0.10,0.19,-73.33,4.04,199.50,11.72,255,
74.31,-2.58,17.91,-1.65,0.94,0.09,0.13,0.50,0.10,0.22,-80.69,34.07,199.69,8.55,175,
74.46,3.55,11.34,-0.95,0.95,-0.03,0.05,0.49,0.10,0.23,-86.29,-32.93,200.03,7.29,158,
74.58,0.44,25.22,3.61,0.98,-0.00,0.04,0.48,0.10,0.24,-87.45,-0.88,200.36,6.34,132,
74.72,4.41,10.71,5.43,0.98,0.12,-0.03,0.47,0.09,0.25,-82.92,104.13,199.13,5.07,87,
74.84,10.45,7.42,-7.73,0.98,0.02,-0.04,0.46,0.10,0.26,-87.18,152.43,200.52,5.39,69,
74.96,1.76,13.29,-1.54,0.97,0.01,0.00,0.46,0.10,0.28,-89.59,87.99,200.75,5.70,50,
75.12,5.00,-2.73,2.52,0.97,0.04,-0.02,0.44,0.09,0.28,-87.11,114.04,200.42,6.02,40,
75.22,-4.58,8.61,-1.84,0.97,-0.01,-0.08,0.44,0.10,0.30,-85.56,-175.46,200.90,6.34,22,
75.35,-5.35,10.38,0.43,0.96,0.02,-0.01,0.45,0.09,0.29,-88.62,129.32,200.57,6.02,13,
75.48,-0.65,1.61,0.41,0.97,0.04,-0.10,0.43,0.10,0.31,-83.52,158.55,201.17,5.70,7,
75.62,1.98,-1.84,-1.12,0.96,0.02,-0.01,0.44,0.09,0.31,-88.57,104.78,200.67,5.70,13,
75.74,-3.54,-8.61,-3.30,0.95,-0.03,-0.21,0.43,0.10,0.31,-77.71,-171.40,201.75,6.02,30,
75.87,-10.70,-6.80,0.51,0.96,-0.02,-0.19,0.45,0.09,0.29,-79.01,-175.33,200.42,5.39,62,
76.01,-13.98,-10.43,5.26,0.97,0.02,-0.08,0.45,0.11,0.28,-85.29,163.40,201.80,5.07,62,
76.13,-17.10,-10.41,6.74,0.99,0.07,0.02,0.47,0.10,0.26,-85.75,74.07,200.97,6.34,90,
76.28,-3.72,-15.28,-1.18,0.94,-0.01,0.10,0.47,0.10,0.24,-84.21,-3.49,200.61,7.29,126,
76.39,-6.42,-17.50,-7.25,0.98,0.07,0.12,0.49,0.10,0.23,-82.03,28.39,200.59,10.77,160,
76.54,-14.65,-21.76,4.72,0.93,0.05,0.17,0.50,0.11,0.21,-79.19,15.97,201.09,15.21,195,
76.66,-6.64,-11.28,8.22,0.92,0.09,0.24,0.50,0.11,0.20,-74.49,21.18,200.64,17.43,255,
76.78,5.08,-7.20,0.65,0.93,0.09,0.50,0.50,0.11,0.19,-61.61,10.11,200.45,17.43,255,
76.94,8.37,-0.37,-2.82,0.98,0.05,0.23,0.50,0.10,0.20,-76.51,11.71,200.21,15.52,255,
77.04,4.19,-9.08,1.54,0.96,0.11,0.28,0.50,0.10,0.20,-72.88,21.60,200.53,13.62,255,
77.18,1.88,15.23,-0.96,0.95,0.12,0.18,0.49,0.10,0.22,-76.94,33.82,200.55,10.14,186,
77.30,10.61,12.44,-2.67,0.94,0.12,0.14,0.49,0.10,0.23,-78.82,39.31,200.26,7.29,157,
77.44,14.45,2.57,-6.30,0.95,0.01,0.15,0.48,0.11,0.23,-80.98,3.24,200.94,6.65,143,
77.57,0.42,11.74,5.88,1.00,0.11,0.06,0.47,0.10,0.24,-82.94,60.16,200.97,5.39,110,
77.69,-1.58,5.10,5.76,1.00,0.10,-0.07,0.47,0.10,0.27,-83.32,123.65,200.19,5.39,71,
77.84,-1.05,13.27,-2.10,0.96,0.02,0.11,0.47,0.09,0.26,-83.40,10.69,199.69,5.39,49,
77.98,4.90,10.63,-3.24,0.98,0.12,-0.02,0.45,0.10,0.28,-83.05,98.46,201.07,5.70,29,
78.09,0.18,13.38,1.26,0.96,0.08,-0.09,0.45,0.09,0.30,-82.79,138.84,200.54,6.02,11,
78.21,6.78,-1.04,-0.09,0.99,0.10,-0.12,0.44,0.10,0.31,-80.98,138.90,202.09,6.02,17,
78.34,-3.09,-14.75,-0.23,0.96,-0.01,-0.24,0.44,0.10,0.30,-76.07,-178.07,201.47,6.02,50,
78.49,-3.08,-18.36,4.01,0.98,0.01,-0.02,0.45,0.10,0.28,-88.58,164.15,201.47,5.07,77,
78.60,-29.00,1.44,1.90,0.99,0.04,-0.26,0.47,0.10,0.27,-75.30,170.68,200.58,6.34,77,
78.75,-8.73,-21.21,-3.33,0.92,0.04,0.24,0.48,0.11,0.24,-75.06,8.55,200.91,7.60,126,
78.88,-11.17,-15.93,4.90,0.94,0.04,0.23,0.49,0.10,0.22,-76.30,9.20,200.67,11.41,164,
79.00,-14.52,-8.58,2.21,0.97,0.04,0.11,0.49,0.11,0.21,-82.92,18.37,201.28,15.52,255,
79.16,-14.65,-13.33,8.90,0.94,0.21,0.19,0.50,0.10,0.20,-73.48,47.75,200.26,18.69,255,
79.26,1.73,-4.81,-9.86,0.90,0.15,0.59,0.50,0.11,0.19,-56.06,14.15,200.61,18.69,255,
79.40,11.13,15.77,0.20,0.98,0.08,0.30,0.50,0.11,0.21,-72.50,15.35,201.14,18.69,255,
79.53,17.47,22.86,-5.79,0.98,0.08,0.18,0.49,0.10,0.21,-78.36,24.08,200.62,8.55,186,
79.64,20.31,17.46,1.72,0.93,0.05,-0.00,0.47,0.10,0.24,-86.69,93.50,200.37,6.65,145,
79.80,3.39,31.51,3.84,0.95,0.03,0.01,0.46,0.10,0.27,-88.14,78.38,201.10,5.39,59,
79.91,17.47,29.47,-7.01,0.94,-0.03,-0.23,0.43,0.10,0.30,-75.89,-172.51,201.53,6.34,30,
80.04,5.04,-0.70,1.30,0.92,-0.06,-0.29,0.42,0.09,0.31,-72.06,-168.42,200.52,6.34,53,
80.16,13.14,-15.25,22.36,0.94,0.11,0.12,0.44,0.08,0.30,-80.48,42.41,199.26,6.34,53,
80.30,5.00,-13.22,74.08,1.08,0.24,0.10,0.45,0.01,0.27,-76.37,67.25,190.42,6.65,79,
80.43,14.56,18.00,142.12,0.69,0.17,-0.04,0.38,-0.09,0.29,-75.93,103.98,175.39,7.29,79,
80.55,27.84,-45.75,150.67,0.52,1.03,0.06,0.29,-0.18,0.26,-26.66,86.89,156.43,7.29,107,
80.68,-19.17,-36.04,84.64,0.35,0.78,0.23,0.21,-0.21,0.26,-23.23,73.89,143.85,6.97,129,
80.81,-9.73,-3.84,43.94,0.14,0.75,-0.08,0.17,-0.19,0.29,-10.16,95.70,138.93,6.34,144,
80.96,-10.92,-2.09,-3.22,0.08,0.91,0.06,0.15,-0.19,0.30,-4.89,86.26,137.80,6.02,141,
81.10,-0.49,2.56,2.40,0.07,0.91,0.01,0.16,-0.19,0.30,-4.38,89.16,139.07,6.02,125,
81.20,-5.52,6.34,7.00,0.08,1.02,0.04,0.15,-0.19,0.30,-4.74,87.79,137.21,5.70,78,
81.34,-17.12,5.61,6.36,0.06,1.06,-0.11,0.13,-0.18,0.31,-3.09,96.19,135.17,5.39,52,
81.46,0.25,5.86,6.24,0.05,0.97,-0.09,0.13,-0.18,0.31,-3.15,95.14,134.74,5.39,30,
81.60,-4.62,6.06,-8.81,0.04,1.03,-0.10,0.12,-0.17,0.32,-2.33,95.58,135.48,5.70,16,
81.74,-0.43,-3.36,-2.54,0.02,1.02,-0.24,0.12,-0.17,0.33,-1.19,102.99,133.94,5.39,16,
81.86,6.44,-4.65,-12.93,0.07,0.91,-0.15,0.12,-0.16,0.33,-4.10,99.60,135.36,5.39,29,
82.01,8.99,-5.55,-11.01,0.04,1.03,-0.22,0.13,-0.17,0.32,-1.99,101.97,135.52,5.39,59,
82.15,8.55,-12.34,-10.05,0.09,0.91,-0.18,0.14,-0.17,0.31,-5.52,101.34,138.11,5.39,59,
82.24,9.41,-11.50,-3.36,0.11,0.92,-0.09,0.16,-0.19,0.30,-6.97,95.66,138.74,5.70,100,
82.39,9.24,-14.80,0.56,0.09,0.88,0.01,0.17,-0.19,0.30,-5.94,89.26,140.10,6.65,144,
82.51,11.29,-17.26,-6.97,0.09,0.96,0.03,0.18,-0.20,0.28,-5.53,88.22,140.79,8.87,181,
82.66,5.17,-14.45,13.32,0.10,0.99,0.23,0.19,-0.21,0.26,-5.91,76.96,141.08,10.14,255,
82.77,-6.40,1.38,0.14,0.09,0.99,0.21,0.18,-0.21,0.26,-4.96,77.89,139.64,9.50,255,
82.92,-15.14,5.79,15.12,0.10,1.03,0.19,0.18,-0.21,0.27,-5.39,79.56,139.52,7.92,255,
83.04,-10.87,11.96,7.22,0.07,1.11,-0.02,0.16,-0.20,0.28,-3.50,90.94,138.18,6.34,173,
83.15,-16.51,7.18,11.75,0.01,1.13,-0.12,0.15,-0.19,0.30,-0.32,96.13,137.19,5.70,142,
83.30,-10.73,18.83,3.31,0.03,1.08,-0.14,0.13,-0.18,0.31,-1.47,97.52,133.77,5.39,110,
83.42,-9.82,14.62,1.85,0.03,0.99,-0.06,0.12,-0.17,0.33,-1.65,93.67,134.15,5.39,55,
83.55,2.86,1.29,4.25,-0.01,1.03,-0.10,0.11,-0.16,0.34,0.29,95.51,132.89,5.39,34,
83.68,6.27,14.83,-7.37,-0.04,1.01,-0.12,0.10,-0.16,0.32,2.26,97.03,129.92,5.39,22,
83.83,-8.28,-2.74,3.94,-0.01,1.08,-0.14,0.10,-0.15,0.33,0.32,97.13,130.81,5.07,20,
83.94,2.43,1.93,-7.88,0.01,0.93,-0.24,0.10,-0.16,0.32,-0.62,104.69,131.33,5.39,32,
84.09,-1.06,-7.07,3.77,-0.02,0.96,-0.26,0.10,-0.16,0.33,1.17,104.96,131.92,5.39,65,
84.20,1.89,-13.56,1.47,-0.00,1.00,-0.16,0.11,-0.17,0.32,0.07,98.99,132.38,5.39,65,
84.34,6.59,-21.60,6.62,0.04,1.06,0.01,0.12,-0.18,0.31,-1.92,89.70,132.33,5.70,96,
84.46,9.24,-14.32,-2.95,0.04,1.06,0.03,0.13,-0.19,0.30,-1.94,88.12,133.05,6.02,135,
84.61,16.87,-0.07,-7.94,0.04,0.97,-0.04,0.14,-0.19,0.29,-2.46,92.19,133.72,6.97,159,
84.72,5.73,-6.74,-8.95,0.04,1.08,0.03,0.15,-0.20,0.28,-1.86,88.57,134.56,7.29,190,
84.87,3.24,1.95,-10.72,0.11,1.01,0.33,0.16,-0.21,0.27,-5.95,71.97,136.51,6.97,255,
84.99,-7.57,16.25,1.43,0.06,1.05,0.06,0.16,-0.20,0.29,-3.37,86.49,136.39,6.02,194,
85.11,-7.10,19.48,9.45,0.04,1.10,0.00,0.14,-0.20,0.28,-2.27,89.81,133.06,5.70,165,
85.24,-9.85,16.67,-7.33,0.07,1.04,-0.15,0.13,-0.19,0.30,-4.06,98.01,132.84,5.39,127,
85.37,-22.10,10.63,14.96,0.12,1.08,0.03,0.11,-0.18,0.31,-6.27,88.46,129.43,4.75,43,
85.51,-2.18,14.12,-2.98,0.01,1.08,-0.24,0.09,-0.16,0.33,-0.59,102.66,128.50,4.44,28,
85.63,3.56,1.84,-14.48,0.01,1.06,-0.11,0.09,-0.17,0.32,-0.68,96.16,127.53,4.44,35,
85.79,7.91,-19.42,-40.52,-0.01,1.14,-0.44,0.11,-0.16,0.32,0.66,110.94,132.37,5.39,35,
85.89,27.35,-45.56,-72.63,0.22,0.89,-0.29,0.19,-0.19,0.31,-13.35,107.89,143.62,6.02,99,
86.04,20.80,-26.22,-129.03,0.40,0.58,-0.15,0.32,-0.17,0.26,-33.94,104.84,160.48,11.09,186,
86.16,48.17,-14.47,-204.31,0.65,0.34,0.14,0.42,-0.08,0.22,-60.71,68.22,177.41,18.38,255,
86.28,26.39,-89.64,-211.74,0.76,-0.79,0.09,0.50,0.10,0.15,-43.84,-83.20,199.51,19.01,255,
86.42,-53.08,-72.55,99.85,0.81,-0.00,0.72,0.51,0.11,0.07,-48.26,-0.17,200.31,17.11,255,
86.54,-41.94,-117.91,44.29,0.71,0.54,1.11,0.49,0.04,-0.01,-29.87,25.67,193.35,18.69,255,
86.67,-212.83,130.43,244.96,-0.22,0.05,-0.20,0.44,-0.08,0.08,46.80,167.01,178.51,9.50,255,
86.82,-132.40,69.40,123.92,-0.54,0.70,-0.10,0.18,-0.15,0.24,37.44,98.08,148.59,2.85,255,
86.94,-81.74,106.72,41.79,-0.93,0.93,-0.90,-0.01,-0.01,0.31,35.86,134.10,49.81,1.58,255,
87.09,-70.28,63.12,106.46,-1.11,0.64,-0.47,-0.08,0.04,0.30,54.44,126.33,337.76,13.31,69,
87.20,-4.97,23.10,16.40,-1.02,0.30,-0.21,-0.10,0.06,0.29,69.94,124.95,335.76,21.23,65,
87.34,-7.22,28.09,13.21,-1.00,0.31,-0.33,-0.13,0.08,0.27,65.81,136.60,338.22,22.81,65,
87.50,4.86,-29.18,-11.22,-2.00,2.00,-1.40,-0.13,0.07,0.26,39.33,124.98,339.49,22.50,69,
87.58,-73.43,29.26,41.05,-1.06,0.26,-0.10,-0.15,0.11,0.24,75.42,111.65,333.70,20.28,70,
87.72,-125.53,57.09,85.24,2.00,-0.66,1.29,-0.16,0.16,0.22,-54.03,-26.91,323.53,19.33,65,
87.86,18.47,12.10,-10.13,-1.12,-0.02,0.03,-0.17,0.20,0.21,88.30,-38.43,318.09,18.69,67,
87.97,-1.47,6.33,17.13,-0.99,0.04,0.02,-0.17,0.20,0.21,87.52,62.56,318.91,18.06,69,
88.11,3.36,7.36,-1.29,-1.03,-0.04,-0.00,-0.18,0.22,0.21,87.59,-96.11,317.56,17.43,69,
88.24,28.11,11.48,-0.05,-1.02,-0.07,0.04,-0.18,0.21,0.21,85.62,-57.78,318.67,16.79,69,
88.39,94.72,-23.82,-31.19,-0.42,0.27,-0.07,-0.19,0.17,0.20,56.56,104.47,325.41,18.69,63,
88.51,32.52,-3.01,2.30,-1.06,0.21,-0.01,-0.18,0.13,0.21,78.62,93.82,331.59,19.64,67,
88.63,244.96,-7.53,16.46,-0.92,-0.24,0.11,-0.18,0.09,0.20,74.14,-65.89,342.38,20.91,72,
88.76,153.06,4.39,9.67,-1.08,-0.07,-0.20,-0.18,0.04,0.16,78.84,-160.39,355.34,21.54,91,
88.88,244.96,-5.53,-0.79,-1.01,0.11,-0.29,-0.18,0.02,0.12,72.74,160.21,2.88,19.01,95,
89.02,96.68,8.84,-2.77,-1.07,0.51,-0.17,-0.17,-0.01,0.07,63.11,108.83,12.92,16.79,95,
89.14,-1.08,-2.64,-1.98,-1.09,0.01,0.01,-0.16,-0.02,0.06,89.35,58.11,15.38,16.79,94,
89.29,-0.50,-0.37,-0.76,-1.01,0.07,0.01,-0.17,-0.01,0.06,86.13,81.17,13.48,16.79,93,
89.41,-0.85,-3.52,0.46,-1.03,0.03,-0.02,-0.16,-0.01,0.06,87.93,128.10,13.81,17.11,96,
89.53,-0.34,0.58,-0.47,-1.02,0.02,0.07,-0.17,-0.01,0.07,85.71,16.55,11.42,17.11,93,
89.67,0.16,1.92,1.22,-1.02,0.02,-0.01,-0.17,-0.01,0.05,88.64,124.41,13.58,17.11,94,
89.82,62.39,0.59,1.03,-1.04,0.09,0.03,-0.17,-0.01,0.06,84.98,71.05,12.02,17.11,78,
89.95,49.89,2.39,2.90,-1.06,-0.37,0.00,-0.17,-0.01,0.02,71.04,-89.64,10.94,16.16,23,
90.06,106.96,-2.71,-0.02,-1.00,-0.09,0.14,-0.16,0.02,-0.01,80.48,-33.01,3.27,14.57,25,
90.21,106.97,-2.92,0.77,-1.10,-0.16,-0.15,-0.16,0.03,-0.06,78.78,-132.81,358.82,16.48,66,
90.33,49.10,-1.28,1.85,-1.03,-0.02,0.00,-0.17,0.06,-0.07,88.68,-83.35,347.58,18.38,73,
90.45,58.75,-2.44,0.86,-1.03,-0.00,-0.03,-0.17,0.08,-0.08,88.27,-175.14,343.95,19.33,81,
90.58,45.80,2.72,1.91,-1.06,0.07,-0.04,-0.17,0.10,-0.09,85.88,119.69,337.62,19.96,84,
90.71,3.39,-1.91,-0.10,-1.04,0.02,-0.01,-0.17,0.11,-0.09,89.00,122.29,336.84,20.28,88,
90.84,-1.08,4.92,-2.95,-0.96,-0.02,-0.04,-0.16,0.10,-0.09,87.46,-151.38,335.66,19.96,87,
90.99,-0.67,0.64,0.34,-1.00,0.04,0.04,-0.16,0.10,-0.09,86.63,43.16,336.01,20.59,84,
91.10,-0.57,1.33,0.70,-1.05,-0.02,-0.02,-0.16,0.10,-0.09,88.30,-141.85,337.20,20.59,83,
91.23,-0.17,-2.17,-2.56,-1.01,0.05,-0.04,-0.16,0.10,-0.09,86.42,125.61,335.75,20.59,90,
91.38,19.90,4.81,0.19,-1.03,0.03,0.00,-0.17,0.11,-0.10,88.30,82.99,335.91,20.59,90,
91.51,26.10,-3.13,0.79,-1.05,0.00,0.03,-0.16,0.14,-0.11,88.25,7.54,328.99,21.86,74,
91.62,34.15,-4.83,0.94,-1.09,0.01,0.02,-0.16,0.16,-0.10,88.69,27.82,323.78,23.13,72,
91.78,11.94,-0.69,-0.52,-1.04,0.05,0.01,-0.18,0.18,-0.09,86.99,74.67,322.06,24.08,74,
91.90,40.47,-4.05,3.72,-0.98,-0.02,-0.08,-0.17,0.21,-0.09,85.35,-163.58,316.87,24.08,43,
92.01,234.91,4.22,-3.21,-0.95,0.22,0.04,-0.16,0.25,-0.07,76.71,80.66,312.22,23.45,44,
92.14,92.59,-2.18,0.61,-1.03,-0.11,0.16,-0.16,0.26,-0.03,79.19,-33.81,310.16,22.50,45,
92.29,28.34,-2.99,0.21,-1.05,0.06,-0.01,-0.17,0.29,-0.00,86.81,104.82,308.77,22.50,45,
92.41,-0.57,-3.36,-1.17,-1.04,0.02,0.03,-0.16,0.28,0.01,87.93,30.28,309.04,22.81,43,
92.53,-1.08,-4.26,-0.78,-1.04,-0.05,0.09,-0.16,0.28,0.01,84.37,-29.92,308.45,22.50,45,
92.69,-0.71,-1.05,1.12,-1.02,0.03,-0.00,-0.16,0.27,0.01,88.48,91.68,308.67,22.81,47,
92.79,-0.62,0.74,1.07,-1.03,0.02,-0.00,-0.16,0.28,0.01,88.84,94.51,309.19,22.50,47,
92.94,0.09,-3.60,1.41,-1.03,-0.02,-0.00,-0.16,0.28,0.01,88.67,-97.74,307.90,22.50,45,
93.06,75.64,-3.19,-0.60,-1.04,-0.09,0.08,-0.17,0.29,0.01,83.49,-47.39,308.31,22.50,45,
93.20,6.12,-0.64,-0.73,-1.03,0.02,0.01,-0.16,0.29,0.05,88.87,49.62,307.38,22.18,46,
93.32,17.44,-3.36,-0.56,-1.03,0.01,0.01,-0.16,0.29,0.05,89.04,41.99,307.69,22.18,46,
93.44,60.64,-1.17,1.76,-1.01,0.05,-0.03,-0.16,0.29,0.08,86.35,122.45,307.67,21.54,46,
93.60,96.17,-2.56,0.77,-1.05,-0.03,0.03,-0.16,0.28,0.09,87.75,-45.96,309.27,20.59,50,
93.72,28.37,0.00,1.23,-1.02,0.02,-0.01,-0.16,0.27,0.13,88.61,123.77,309.74,19.96,69,
93.85,66.27,0.98,1.27,-1.04,-0.05,0.04,-0.16,0.25,0.15,86.16,-51.43,310.86,19.01,75,
93.98,45.72,-1.50,4.20,-1.05,0.05,0.03,-0.16,0.24,0.17,86.63,62.88,312.15,18.69,72,
94.10,47.67,-3.16,-0.47,-0.95,-0.02,0.02,-0.16,0.21,0.18,88.12,-46.42,316.25,18.06,65,
94.24,49.29,3.02,-0.18,-1.07,-0.07,0.04,-0.16,0.20,0.20,85.98,-60.53,317.59,17.11,66,
94.37,27.49,-0.40,-0.92,-1.03,0.03,0.00,-0.17,0.18,0.20,88.36,82.30,321.61,16.79,63,
94.50,23.81,-0.67,-0.85,-1.12,-0.02,0.01,-0.17,0.17,0.20,89.10,-63.08,323.34,16.48,64,
94.61,15.27,0.31,-0.45,-1.03,0.05,-0.01,-0.16,0.15,0.21,86.88,102.23,325.61,16.16,65,
94.76,34.52,-0.37,-1.47,-1.04,0.06,-0.02,-0.17,0.13,0.21,86.41,106.87,330.81,16.79,65,
94.89,59.82,-2.74,0.13,-1.05,0.06,-0.02,-0.17,0.10,0.21,86.63,113.14,337.09,17.74,69,
95.01,22.74,-0.65,-0.38,-1.04,0.02,-0.00,-0.16,0.09,0.21,88.72,95.11,340.18,18.38,70,
95.16,-2.18,-1.08,-0.30,-1.03,0.04,-0.01,-0.16,0.08,0.20,87.60,110.00,343.58,18.06,70,
95.28,-24.19,1.50,-3.86,-1.04,-0.03,0.02,-0.15,0.07,0.20,87.98,-61.22,344.31,17.11,65,
95.40,-32.42,2.06,-3.30,-1.04,0.06,-0.02,-0.15,0.10,0.21,86.25,110.00,335.26,16.79,67,
95.52,-62.69,-1.32,-2.43,-0.97,-0.10,0.02,-0.15,0.13,0.21,84.17,-76.54,327.30,17.11,65,
95.67,-27.13,-3.75,0.10,-0.93,-0.08,0.04,-0.15,0.14,0.21,84.27,-64.49,324.61,17.74,62,
95.79,-19.79,0.18,-2.09,-1.02,-0.06,-0.01,-0.15,0.17,0.20,86.48,-98.75,320.07,18.69,68,
95.91,-72.01,3.39,1.94,-0.89,-0.36,0.33,-0.15,0.19,0.19,61.28,-47.76,316.38,19.33,60,
96.06,-127.02,0.50,-4.22,-1.01,-0.02,0.10,-0.16,0.23,0.15,84.14,-8.81,313.48,19.96,43,
96.19,-27.36,-0.41,-1.14,-1.02,0.05,-0.00,-0.16,0.26,0.13,87.11,93.47,309.64,20.28,43,
96.30,-25.09,0.26,0.23,-1.02,-0.19,0.08,-0.16,0.25,0.11,78.74,-66.50,310.79,21.23,46,
96.45,-56.79,3.02,-1.25,-1.02,-0.16,0.10,-0.16,0.27,0.08,79.39,-59.28,309.87,21.86,43,
96.57,-0.22,-1.20,-0.02,-1.04,0.04,-0.02,-0.16,0.27,0.07,87.47,111.15,309.78,21.86,45,
96.72,-0.78,-1.42,0.06,-0.96,-0.00,0.05,-0.16,0.28,0.06,87.13,-4.97,308.62,21.86,44,
96.84,-0.42,2.16,0.99,-1.02,0.03,-0.03,-0.16,0.27,0.07,87.69,130.01,308.86,22.50,42,
96.99,-1.53,-2.59,-1.40,-1.02,0.06,-0.03,-0.16,0.28,0.07,86.00,117.84,307.79,22.50,45,
97.11,-62.47,1.38,0.54,-1.02,0.10,-0.11,-0.16,0.27,0.06,81.60,138.75,309.73,23.13,46,
97.23,-61.08,0.08,0.50,-1.13,0.21,-0.18,-0.16,0.27,0.02,76.15,129.74,309.75,23.45,44,
97.37,-143.50,1.09,0.78,-1.05,-0.39,-0.66,-0.16,0.26,-0.01,53.92,-149.45,309.77,23.76,44,
97.49,-60.51,-1.20,1.57,-1.01,0.04,-0.06,-0.16,0.25,-0.03,86.02,141.99,311.30,24.40,45,
97.60,-14.28,0.24,0.28,-1.01,-0.05,0.01,-0.15,0.23,-0.05,86.95,-76.86,311.50,24.71,44,
97.76,-22.52,-0.13,3.11,-1.05,0.01,-0.01,-0.15,0.22,-0.06,89.12,114.64,313.07,24.71,57,
97.88,-45.68,-4.82,-2.48,-1.16,0.01,0.01,-0.15,0.20,-0.07,89.21,67.95,315.70,24.71,67,
98.01,-5.23,-0.67,0.46,-1.04,0.00,-0.03,-0.15,0.20,-0.07,88.40,174.82,316.85,25.03,73,
98.13,-7.72,0.05,0.22,-1.01,-0.00,-0.02,-0.15,0.19,-0.07,88.93,-179.81,317.65,24.40,72,
98.28,-20.64,0.35,-0.69,-1.04,0.00,-0.01,-0.16,0.17,-0.09,89.42,179.66,321.25,23.45,71,
98.40,0.13,-8.82,3.75,-1.02,-0.06,-0.05,-0.16,0.15,-0.09,85.80,-126.84,325.13,23.13,71,
98.54,-0.56,-1.67,3.15,-1.19,-0.06,-0.03,-0.16,0.15,-0.10,86.56,-114.95,326.10,22.50,71,
98.66,-0.79,7.42,-1.13,-1.03,-0.03,0.01,-0.16,0.15,-0.09,88.02,-69.97,324.95,22.50,68,
98.78,-1.27,1.22,-1.81,-1.04,0.12,0.02,-0.16,0.15,-0.10,83.13,79.14,325.59,22.50,68,
98.91,-6.95,-3.09,2.68,-1.04,0.00,-0.00,-0.16,0.15,-0.09,89.96,109.98,325.61,22.18,75,
99.06,-3.84,-1.44,1.37,-1.03,-0.01,-0.00,-0.16,0.13,-0.10,89.58,-122.01,328.88,21.23,87,
99.18,-30.12,-2.27,-4.26,-1.02,-0.04,0.00,-0.16,0.11,-0.10,87.89,-86.72,334.53,20.28,71,
99.30,-92.70,-1.14,1.10,-1.01,0.01,-0.03,-0.16,0.07,-0.09,88.19,152.85,344.02,18.06,30,
99.45,-143.96,-2.00,0.36,-1.03,0.36,-0.10,-0.16,0.03,-0.06,70.04,105.47,356.30,14.26,22,
99.57,-54.23,0.46,1.70,-1.00,-0.19,0.10,-0.16,0.01,-0.03,77.84,-61.87,4.74,13.62,29,
99.69,-147.11,-1.57,1.29,-1.11,0.03,0.03,-0.17,0.01,0.00,88.05,42.39,4.02,14.26,63,
99.83,-48.22,-1.58,1.64,-1.04,-0.02,0.02,-0.17,-0.01,0.01,88.64,-39.99,11.71,14.57,78,
99.95,-52.88,-0.92,-0.25,-1.07,0.27,-0.18,-0.17,0.00,0.03,73.09,124.45,7.39,14.89,83,
100.10,-0.19,-0.55,0.25,-1.04,-0.01,0.01,-0.16,-0.01,0.03,89.24,-33.41,10.43,14.89,86,
100.21,-0.68,-2.61,-3.58,-0.94,0.04,0.08,-0.17,0.00,0.03,84.44,27.16,8.11,14.57,81,
100.36,-0.58,4.08,-0.21,-1.04,0.01,-0.03,-0.17,-0.01,0.03,88.06,163.32,11.32,14.57,85,
100.48,-1.57,-3.90,0.42,-1.03,0.01,0.01,-0.17,-0.00,0.03,88.97,50.39,9.69,14.57,94,
100.59,-37.86,-6.48,-0.17,-1.01,-0.14,0.05,-0.17,-0.00,0.06,81.72,-68.59,10.10,15.52,95,
100.75,-51.39,2.15,-1.48,-1.06,0.02,0.01,-0.17,-0.01,0.08,88.54,56.27,11.55,16.48,96,
100.87,-59.49,-2.10,-1.31,-1.05,0.00,-0.00,-0.16,-0.01,0.10,89.70,125.84,11.89,17.74,95,
101.01,-29.62,-3.75,1.82,-0.99,-0.03,0.01,-0.17,0.01,0.12,88.43,-68.75,6.12,19.01,93,
101.14,-15.29,2.50,-0.79,-1.03,-0.01,0.02,-0.17,0.01,0.12,88.68,-26.30,5.15,19.01,92,
101.26,-245.00,9.02,4.85,-1.04,0.66,0.46,-0.16,0.01,0.13,52.31,55.25,5.79,19.64,81,
101.41,-13.56,1.14,-1.61,-1.04,-0.00,0.03,-0.17,0.03,0.16,88.49,-8.04,357.08,19.01,75,
101.52,-41.62,0.60,-0.14,-0.99,-0.18,0.15,-0.18,0.05,0.17,76.76,-48.92,352.55,17.43,73,
101.64,-61.69,-0.79,-0.05,-1.01,0.08,0.09,-0.18,0.09,0.18,83.19,44.09,341.47,16.16,67,
101.76,-53.06,0.40,-1.22,-1.03,-0.22,0.12,-0.18,0.13,0.20,76.38,-60.35,334.00,15.84,69,
101.92,-23.57,-1.17,0.58,-1.03,0.03,0.05,-0.18,0.16,0.20,87.03,31.65,327.04,15.84,68,
102.03,-48.58,-3.81,-1.55,-1.07,0.07,0.03,-0.18,0.20,0.19,85.93,69.30,321.48,15.84,71,
102.18,-125.90,4.08,2.21,-1.02,0.27,-0.02,-0.18,0.21,0.18,74.94,93.89,318.57,15.52,77,
102.31,-26.80,-1.15,3.11,-1.01,-0.04,0.06,-0.18,0.25,0.16,86.00,-38.84,314.12,15.84,74,
102.43,-0.19,-0.90,-2.53,-1.03,0.04,0.02,-0.18,0.25,0.16,87.65,60.07,314.07,15.84,75,
102.55,0.01,-3.99,-0.67,-1.01,0.02,0.04,-0.19,0.26,0.16,87.40,21.94,314.40,16.16,72,
102.70,0.01,-7.59,-0.90,-1.04,0.06,0.01,-0.18,0.25,0.16,86.82,83.81,314.15,16.48,68,
102.82,0.21,-17.35,-3.75,-1.05,0.06,-0.01,-0.18,0.26,0.17,86.59,99.00,313.76,17.43,69,
102.96,0.28,-6.80,7.68,-1.01,-0.13,-0.08,-0.17,0.27,0.18,81.50,-121.30,311.25,17.74,72,
103.08,53.42,55.19,-24.28,-1.24,-0.28,0.08,-0.18,0.21,0.19,76.56,-73.80,318.98,12.04,72,
103.20,118.19,-86.86,-80.44,-1.13,-0.24,0.02,-0.17,0.19,0.20,77.83,-84.46,319.23,10.14,72,
103.35,114.80,-117.21,-74.33,-0.92,0.24,-0.34,-0.13,0.08,0.25,65.90,144.82,337.46,7.60,255,
103.47,79.43,-48.35,-111.91,-0.49,0.28,-0.38,-0.06,-0.04,0.28,46.12,144.14,44.69,2.53,255,
103.60,96.50,9.60,33.13,-0.36,0.96,-0.08,-0.06,-0.13,0.23,20.41,94.67,74.72,2.85,255,
103.72,54.75,-71.77,-69.34,-0.37,1.02,0.04,-0.05,-0.18,0.18,19.81,88.00,82.89,2.85,255,
103.87,47.13,-14.68,-54.53,-0.10,0.59,0.38,0.04,-0.24,0.16,8.10,57.09,107.61,2.85,255,
103.98,34.18,20.46,1.26,-0.27,1.02,0.23,0.02,-0.25,0.14,14.67,77.09,103.58,1.90,255,
104.14,21.09,-2.60,-41.00,-0.33,0.88,0.25,0.02,-0.27,0.14,19.50,74.29,103.14,2.53,105,
104.26,17.14,21.95,-9.67,-0.38,0.80,0.15,0.06,-0.28,0.09,25.11,79.23,109.65,4.44,49,
104.37,12.33,27.98,-22.71,-0.21,0.84,0.56,0.05,-0.29,0.10,11.71,56.31,107.78,5.07,32,
104.53,-4.64,56.98,11.64,-0.28,0.84,0.39,0.03,-0.29,0.10,16.98,65.18,105.18,4.44,39,
104.66,-9.07,52.56,-21.56,-0.32,1.00,0.35,0.03,-0.30,0.09,16.89,70.58,104.09,3.80,52,
104.76,-2.82,29.02,7.86,-0.05,0.96,0.73,0.04,-0.30,0.08,2.59,52.95,106.77,3.80,46,
104.89,-24.80,14.27,-18.56,-0.14,0.86,0.45,0.04,-0.31,0.07,8.00,62.61,106.22,3.80,52,
105.05,-3.84,3.83,5.78,-0.08,0.90,0.39,0.06,-0.30,0.09,4.68,66.36,110.48,3.80,48,
105.17,-65.30,1.17,5.68,0.32,1.25,0.87,0.04,-0.30,0.14,-11.75,55.15,106.07,3.80,46,
105.31,-0.57,24.57,-0.76,-0.11,0.90,0.29,0.03,-0.29,0.17,6.85,72.02,105.47,3.80,48,
105.43,-3.48,2.62,11.64,-0.08,0.97,0.23,0.03,-0.29,0.16,4.84,76.47,104.68,3.80,46,
105.56,6.38,-12.67,-32.71,0.07,1.04,0.18,0.04,-0.28,0.17,-3.66,80.17,106.33,3.80,46,
105.68,31.49,7.94,-2.94,0.02,0.98,0.46,0.07,-0.31,0.07,-1.27,64.75,110.59,3.49,45,
105.82,38.73,6.68,0.25,0.04,0.86,0.59,0.08,-0.30,-0.02,-2.18,55.80,112.95,3.80,64,
105.94,164.56,-3.98,0.19,0.05,0.71,0.75,0.08,-0.26,-0.12,-2.61,43.17,115.70,6.34,69,
106.08,149.63,-2.46,-1.09,-0.08,0.12,0.99,0.09,-0.14,-0.30,4.72,7.10,131.24,4.75,71,
106.20,33.52,8.13,-11.35,0.02,-0.12,0.99,0.09,-0.02,-0.36,-0.95,-6.75,177.32,3.80,72,
106.33,-1.97,-6.93,-2.33,0.02,-0.15,1.06,0.10,-0.01,-0.37,-0.84,-8.18,-179.74,3.80,69,
106.46,-6.09,-17.69,-3.54,-0.03,-0.12,1.01,0.09,-0.01,-0.35,1.47,-6.54,-179.48,3.80,68,
106.61,-0.97,-2.89,1.32,-0.01,-0.12,0.95,0.09,-0.02,-0.36,0.36,-7.45,176.52,3.80,71,
106.72,0.99,3.67,-8.83,0.03,-0.11,0.98,0.10,-0.01,-0.36,-1.59,-6.20,-179.34,3.80,73,
106.87,20.45,-4.91,0.46,0.02,-0.22,0.95,0.10,0.03,-0.38,-1.07,-12.96,202.78,13.62,73,
106.97,15.93,3.53,0.69,0.01,-0.44,0.89,0.10,0.14,-0.38,-0.63,-26.45,243.23,25.03,75,
107.12,16.75,-5.26,1.84,0.01,-0.51,0.81,0.09,0.16,-0.38,-0.72,-32.10,248.97,25.35,80,
107.26,118.94,-12.17,2.30,-0.01,-0.73,0.79,0.08,0.25,-0.37,0.36,-43.07,260.85,15.84,88,
107.37,139.88,-2.76,3.62,0.01,-0.73,0.29,0.09,0.37,-0.31,-0.45,-68.39,265.04,6.65,103,
107.51,56.83,1.30,-3.09,0.01,-1.01,0.22,0.09,0.47,-0.24,-0.51,-77.87,268.16,6.65,102,
107.64,87.42,3.79,0.34,-0.00,-0.95,-0.09,0.08,0.54,-0.13,0.06,-95.65,270.09,5.07,103,
107.77,-0.78,-1.98,-1.93,-0.12,-0.99,-0.12,0.08,0.55,-0.11,6.88,-96.89,269.83,5.07,105,
107.90,-0.65,0.21,-1.66,-0.01,-0.97,-0.15,0.09,0.55,-0.11,0.78,-98.83,269.23,5.07,104,
108.02,-0.67,-1.26,-0.19,0.01,-0.96,-0.12,0.09,0.55,-0.11,-0.85,-97.30,269.49,5.39,102,
108.17,-0.19,-10.09,-6.05,0.01,-0.98,-0.16,0.09,0.55,-0.10,-0.76,-99.29,269.62,5.07,86,
108.30,134.60,1.26,-9.84,-0.02,-0.94,-0.45,0.07,0.57,0.00,1.00,-115.69,271.58,5.39,24,
108.41,186.14,2.11,-8.64,-0.03,-0.68,-0.81,0.06,0.56,0.18,1.44,-140.28,272.65,5.70,67,
108.56,102.64,-2.86,-11.72,-0.06,-0.31,-0.93,0.05,0.47,0.32,3.76,-161.84,271.98,4.75,81,
108.68,115.11,-5.54,2.95,-0.06,-0.15,-0.96,0.05,0.38,0.40,3.72,-171.22,270.68,5.07,93,
108.82,65.41,-4.36,2.98,-0.04,0.01,-1.01,0.06,0.31,0.44,2.37,179.41,266.69,6.34,78,
108.93,20.30,-6.65,1.49,-0.05,0.17,-0.98,0.07,0.26,0.47,2.99,170.09,263.57,6.65,75,
109.05,-13.47,15.69,-7.48,-0.11,0.05,-0.99,0.08,0.25,0.47,6.36,177.00,260.59,6.34,70,
109.22,-245.00,17.44,-10.44,-0.01,-0.18,-0.80,0.05,0.47,0.31,0.72,-167.17,272.30,6.34,51,
109.34,152.87,-1.02,11.13,-0.07,-0.48,-0.93,0.05,0.48,0.31,4.04,-152.94,272.67,5.70,81,
109.47,59.96,-11.14,7.15,-0.09,-0.13,-1.05,0.05,0.41,0.38,4.65,-173.10,271.33,5.70,87,
109.60,42.42,1.92,-3.14,-0.08,0.37,-1.14,0.05,0.27,0.47,3.97,162.14,267.72,7.29,76,
109.71,161.71,-3.45,4.57,-0.12,0.66,-0.92,0.04,0.13,0.49,6.18,144.41,260.71,6.65,55,
109.85,134.62,-6.22,3.59,-0.07,0.55,-0.64,0.05,-0.01,0.47,4.41,139.28,173.64,7.29,45,
109.97,108.45,-10.03,-4.61,-0.07,1.11,-0.49,0.06,-0.16,0.41,3.06,113.94,119.62,5.39,44,
110.12,108.41,1.63,4.13,-0.06,1.02,-0.05,0.07,-0.27,0.27,3.19,92.99,113.46,4.44,42,
110.24,78.73,1.98,-0.69,-0.05,1.07,0.31,0.07,-0.32,0.13,2.37,73.89,111.18,4.44,43,
110.38,147.63,-5.59,-15.99,-0.06,0.88,0.55,0.08,-0.32,-0.03,3.07,57.95,112.77,5.07,72,
110.49,88.40,3.01,-8.55,-0.02,0.57,0.81,0.09,-0.28,-0.16,1.16,35.16,117.14,15.21,78,
110.62,19.56,2.11,2.88,0.00,0.46,0.90,0.10,-0.24,-0.20,-0.25,27.16,121.79,19.64,74,
110.76,-2.65,-4.54,-2.48,-0.01,0.44,0.88,0.10,-0.24,-0.21,0.49,26.49,121.89,18.38,74,
110.88,-118.74,3.87,3.76,0.02,0.55,0.83,0.10,-0.27,-0.15,-0.87,33.50,119.66,5.39,48,
111.03,-68.94,0.55,0.53,0.01,0.77,0.61,0.10,-0.32,-0.06,-0.66,51.59,116.16,5.39,44,
111.16,-46.74,3.94,1.94,0.00,0.88,0.52,0.10,-0.34,0.03,-0.27,59.35,115.54,4.75,46,
111.27,-34.98,1.41,1.41,0.00,0.92,0.38,0.10,-0.33,0.09,-0.13,67.47,115.27,4.75,44,
111.43,-62.30,1.61,0.63,0.01,0.97,0.30,0.10,-0.33,0.11,-0.38,72.71,115.02,5.07,45,
111.56,-27.96,-1.90,2.84,0.01,0.99,0.19,0.09,-0.31,0.17,-0.38,79.07,115.35,5.39,45,
111.66,-27.43,1.61,5.82,-0.02,1.03,0.12,0.09,-0.30,0.20,1.28,83.41,114.50,5.70,46,
111.81,-22.68,-1.75,3.31,-0.01,1.02,0.05,0.08,-0.29,0.23,0.79,87.11,114.52,5.70,46,
111.92,-28.49,-1.11,0.73,-0.02,1.02,-0.03,0.08,-0.28,0.27,1.29,91.58,114.19,5.70,44,
112.07,-33.90,-2.78,2.10,-0.02,1.00,-0.11,0.08,-0.25,0.31,1.32,96.16,115.65,6.02,44,
112.18,-23.32,-0.54,1.61,-0.03,1.00,-0.21,0.07,-0.24,0.34,1.75,101.65,115.23,6.34,45,
112.31,-59.66,-2.53,1.39,-0.04,0.95,-0.31,0.07,-0.20,0.38,2.05,108.02,118.14,6.97,44,
112.46,-33.28,0.37,1.94,-0.04,0.87,-0.44,0.08,-0.15,0.42,2.57,116.73,125.08,7.92,44,
112.60,-33.77,1.11,-0.06,-0.04,0.82,-0.57,0.07,-0.09,0.44,2.35,124.71,136.08,8.24,45,
112.71,-27.31,2.95,1.37,-0.06,0.79,-0.67,0.07,-0.05,0.47,3.45,130.28,153.29,7.60,61,
112.83,-37.17,3.78,2.20,-0.07,0.63,-0.75,0.05,0.01,0.48,4.08,140.11,193.83,6.97,76,
112.98,-32.44,-1.03,1.14,-0.08,0.60,-0.82,0.05,0.05,0.49,4.73,143.89,233.88,6.97,74,
113.10,-22.67,-0.01,0.94,-0.08,0.48,-0.88,0.06,0.11,0.49,4.49,151.31,250.42,7.29,76,
113.22,-14.29,1.02,0.48,-0.07,0.47,-0.90,0.06,0.13,0.50,3.96,152.48,254.78,7.92,78,
113.37,-34.37,4.27,-0.84,-0.05,0.20,-0.93,0.05,0.22,0.47,3.23,167.59,264.76,7.92,101,
113.48,-8.87,8.37,0.25,-0.02,0.04,-0.97,0.05,0.31,0.45,1.10,177.46,270.06,6.97,103,
113.61,4.07,-5.44,-3.20,-0.12,0.04,-1.07,0.04,0.33,0.45,6.29,178.00,270.99,6.97,97,
113.76,2.09,-4.51,8.17,-0.07,0.01,-1.01,0.05,0.32,0.45,3.85,179.31,269.91,7.29,104,
113.87,-2.80,18.21,-5.91,-0.10,0.05,-0.95,0.05,0.32,0.44,6.07,177.14,269.32,6.97,95,
114.02,-173.73,-3.91,-2.42,-0.14,0.08,-1.09,0.06,0.38,0.42,7.07,175.75,269.81,6.97,38,
114.13,-208.42,-1.93,-5.55,-0.03,-0.51,-0.82,0.05,0.50,0.27,1.97,-147.96,273.25,8.87,28,
114.27,-157.69,0.82,0.69,-0.12,-0.99,-0.50,0.05,0.56,0.11,6.13,-116.60,273.37,6.97,88,
114.40,-81.90,0.15,1.33,-0.10,-0.90,-0.29,0.06,0.56,-0.03,6.02,-107.61,272.66,6.65,100,
114.52,-56.79,-4.47,-0.12,-0.08,-1.00,-0.12,0.06,0.54,-0.10,4.62,-97.05,272.72,6.65,99,
114.66,-119.85,-5.63,-0.67,-0.13,-0.91,0.04,0.05,0.50,-0.19,8.20,-87.23,272.91,6.97,97,
114.78,-78.81,-0.12,-0.13,-0.09,-0.94,0.30,0.05,0.44,-0.26,5.33,-72.39,272.05,6.34,85,
114.91,-90.32,-0.23,-1.40,-0.10,-0.77,0.50,0.04,0.38,-0.30,6.30,-57.07,272.57,5.70,74,
115.05,-118.08,-7.59,-3.51,-0.13,-0.38,0.60,0.04,0.31,-0.34,10.52,-32.78,270.80,12.67,67,
115.20,-26.65,-8.48,-4.13,-0.15,-0.58,0.78,0.03,0.21,-0.38,9.00,-36.64,269.26,12.99,58,
115.31,-65.51,-8.18,-2.69,-0.10,-0.35,0.87,0.02,0.06,-0.36,6.12,-21.72,257.74,8.24,51,
115.46,-62.62,-8.34,7.78,-0.13,-0.02,1.01,0.02,-0.06,-0.32,7.45,-1.35,117.36,10.77,46,
115.57,-0.43,0.10,-0.07,-0.14,0.10,0.99,0.01,-0.09,-0.30,8.24,5.93,103.40,10.77,60,
115.73,31.79,13.79,-3.77,-0.36,1.29,1.99,0.03,-0.09,-0.31,8.69,32.96,114.87,8.55,85,
115.83,26.65,-65.12,15.38,-0.34,0.48,1.41,-0.03,-0.08,-0.31,13.01,18.70,74.81,17.11,255,
115.98,192.59,103.88,-102.51,-0.30,-0.63,0.77,0.04,0.06,-0.37,16.62,-39.05,247.38,64.63,255,
116.09,195.53,244.96,-91.55,-0.35,-1.32,0.43,0.19,0.33,-0.29,14.14,-71.89,249.56,25.66,255,
116.21,108.67,190.97,82.33,0.30,-1.21,-0.14,0.38,0.41,-0.10,-13.85,-96.76,235.62,4.12,255,
116.35,15.07,175.85,41.57,0.30,-0.63,-0.44,0.44,0.35,0.06,-21.35,-125.02,226.96,2.22,255,
116.50,-9.79,-37.32,109.85,0.33,-0.68,-1.32,0.45,0.27,0.17,-12.65,-152.75,219.81,2.53,255,
116.61,66.19,-20.86,42.94,0.42,-0.59,-0.40,0.49,0.20,0.14,-30.44,-124.35,210.94,2.53,255,
116.76,44.59,-62.72,56.06,0.57,-0.34,-0.08,0.51,0.11,0.10,-58.65,-103.44,200.34,2.85,255,
116.87,-5.27,-21.10,54.46,0.52,0.43,-0.20,0.51,0.03,0.07,-47.85,115.23,192.50,3.80,255,
117.00,19.36,-17.68,33.42,0.83,-0.48,-0.24,0.51,0.05,0.04,-57.28,-116.21,194.47,4.12,255,
117.13,-14.31,10.62,34.43,0.97,0.03,-0.15,0.49,0.01,0.03,-80.82,168.08,189.97,3.80,255,
117.27,-0.96,-19.31,1.39,0.96,0.01,-0.50,0.49,-0.00,0.04,-62.54,179.23,-171.71,4.44,255,
117.40,-8.40,-13.65,-20.19,0.91,-0.19,-0.08,0.50,0.02,0.01,-76.88,-113.10,191.07,5.07,255,
117.51,0.69,9.09,-7.57,1.09,-0.11,-0.27,0.50,0.04,-0.01,-74.77,-157.65,192.83,5.39,255,
117.65,-14.51,-8.78,-5.41,1.00,-0.13,-0.11,0.49,0.06,-0.03,-80.46,-131.00,195.25,5.70,255,
117.80,-17.35,6.08,23.42,0.93,-0.15,-0.02,0.49,0.05,-0.03,-80.49,-95.80,194.80,5.39,255,
117.94,-29.27,-11.45,19.07,1.17,-0.35,-0.25,0.49,0.04,0.00,-69.72,-125.70,192.75,4.75,255,
118.17,-4.71,26.65,-11.27,1.04,-0.30,-0.38,0.49,0.03,0.01,-65.20,-141.63,191.63,4.44,255,
118.44,15.69,-15.42,16.55,0.97,-0.41,0.12,0.50,0.01,0.01,-66.55,-73.57,189.53,4.44,255,
118.49,35.43,35.82,64.17,0.79,-0.45,-0.05,0.50,-0.03,0.05,-59.94,-96.44,-174.79,3.49,255,
118.51,-53.28,137.91,80.93,0.58,0.48,-0.20,0.43,-0.13,0.14,-48.44,112.10,172.02,2.22,255,
118.57,-2.74,-25.71,23.64,0.06,0.50,-1.86,0.36,-0.15,0.22,-1.79,164.98,166.33,2.53,255,
118.69,58.85,-84.18,-135.49,0.57,0.40,-0.15,0.43,-0.12,0.12,-53.63,110.33,172.61,2.85,255,
118.84,1.69,-9.50,-13.68,0.91,-0.21,-0.90,0.49,-0.04,0.08,-44.40,-166.60,-176.17,3.49,255,
118.95,82.39,4.34,-38.21,0.88,-0.39,0.00,0.50,-0.01,0.02,-66.25,-89.83,-172.48,4.44,255,
119.08,-37.46,-76.88,-85.64,0.42,-0.22,-0.70,0.51,0.03,0.01,-29.61,-162.33,192.40,8.87,255,
119.21,-109.55,-119.37,-56.88,0.95,-0.73,0.34,0.48,0.10,-0.10,-49.71,-65.06,200.67,30.42,255,
119.34,-103.16,-87.31,-7.84,0.97,-0.41,0.56,0.44,0.10,-0.16,-54.13,-36.18,200.79,37.39,255,
119.47,-66.89,-62.48,-17.82,0.87,-0.34,0.15,0.40,0.07,-0.20,-66.81,-66.03,198.49,72.24,255,
119.63,-50.89,-27.81,6.47,0.73,-0.48,0.46,0.37,0.03,-0.23,-47.77,-46.02,193.70,101.07,255,
119.76,-0.37,-3.78,-5.23,0.67,-0.19,1.10,0.34,0.00,-0.24,-31.13,-9.74,189.06,109.94,255,
119.88,-22.83,-22.18,5.31,-1.64,-0.02,0.75,0.35,0.00,-0.23,65.43,-1.56,188.81,121.66,255,
120.01,-48.64,-35.87,11.70,0.54,-1.13,2.00,0.33,-0.03,-0.24,-13.30,-29.49,-176.69,133.07,255,
120.14,-33.97,-4.38,14.45,0.64,-0.14,0.76,0.32,-0.06,-0.23,-39.59,-10.57,178.20,142.57,255,
120.25,-82.30,-6.74,15.29,0.56,-0.04,0.81,0.30,-0.12,-0.19,-34.83,-2.90,166.79,81.11,255,
120.39,-45.26,-15.62,6.45,0.52,0.36,0.86,0.29,-0.18,-0.12,-29.31,22.61,156.13,32.32,255,
120.51,15.35,-4.05,1.94,0.44,0.33,0.79,0.27,-0.19,-0.12,-27.27,22.62,153.80,46.26,255,
120.64,37.62,4.72,-0.47,0.48,0.23,0.84,0.27,-0.17,-0.15,-28.98,15.36,157.03,86.50,255,
120.78,134.60,28.13,2.67,0.52,0.04,0.89,0.27,-0.11,-0.21,-30.27,2.42,165.63,122.30,255,
120.91,52.31,33.46,9.04,0.56,-0.34,0.75,0.30,0.01,-0.27,-34.46,-24.39,191.09,76.99,255,
121.04,69.03,9.38,9.25,0.61,-0.33,0.61,0.31,0.07,-0.27,-41.37,-28.78,202.05,41.50,255,
121.16,208.19,13.41,10.82,0.55,-0.84,0.48,0.31,0.17,-0.27,-29.52,-60.53,217.44,27.88,255,
121.29,243.18,-7.75,56.14,0.75,-0.47,-0.08,0.33,0.37,-0.16,-57.73,-99.33,237.59,11.41,255,
121.44,97.83,5.05,23.40,0.75,-0.51,-0.21,0.35,0.41,-0.08,-53.85,-112.08,237.78,13.31,255,
121.55,64.32,15.07,17.59,0.74,-0.41,-0.48,0.37,0.42,0.00,-49.33,-139.19,237.16,13.94,255,
121.71,11.90,17.21,0.36,0.81,-0.34,-0.43,0.36,0.42,0.04,-56.17,-141.81,238.08,12.04,255,
121.81,-11.22,1.61,-11.19,0.75,-0.33,-0.54,0.37,0.41,0.06,-49.89,-148.55,235.94,11.72,255,
121.94,20.30,-9.65,-26.13,0.73,-0.39,-0.55,0.38,0.40,0.06,-47.19,-144.72,235.20,11.41,255,
122.07,-116.40,37.27,-7.90,0.68,-0.43,-0.37,0.37,0.41,0.05,-50.03,-130.95,236.60,11.41,255,
122.22,-30.37,1.92,6.93,0.72,-0.50,-0.40,0.37,0.39,-0.02,-48.26,-128.65,235.10,12.04,255,
122.33,-245.00,-8.55,-37.55,0.75,-0.58,-0.06,0.34,0.38,-0.14,-52.01,-95.98,236.54,13.31,255,
122.47,-172.88,-9.10,-0.61,0.70,-0.65,0.25,0.34,0.28,-0.22,-45.18,-69.27,227.61,35.17,255,
122.59,-64.67,10.08,-6.59,0.70,-0.63,0.46,0.34,0.15,-0.26,-42.33,-53.90,212.87,34.53,255,
122.75,-155.14,-5.36,-9.82,0.67,-0.50,0.56,0.33,0.07,-0.26,-41.86,-41.89,200.98,84.91,255,
122.85,-78.64,2.32,-7.85,0.65,-0.43,0.73,0.34,-0.04,-0.22,-37.42,-30.57,-177.41,140.99,255,
122.99,-128.64,-18.03,4.59,0.65,0.26,0.75,0.34,-0.12,-0.17,-39.28,19.25,169.61,63.05,255,
123.11,57.48,-8.49,-7.28,0.60,0.25,0.76,0.29,-0.15,-0.11,-37.13,18.27,160.64,87.13,255,
123.27,97.20,27.96,-0.73,0.60,0.06,0.76,0.29,-0.11,-0.19,-38.27,4.54,168.16,134.65,255,
123.41,118.81,29.73,3.11,0.69,-0.19,0.62,0.32,0.02,-0.26,-46.65,-17.09,191.30,52.28,255,
123.53,217.25,-1.51,7.25,0.67,-0.63,0.41,0.33,0.17,-0.27,-41.53,-57.00,215.28,30.10,255,
123.65,201.60,-2.34,2.27,0.73,-0.75,-0.03,0.33,0.34,-0.19,-44.01,-92.08,234.12,11.72,255,
123.78,148.21,-6.76,17.02,0.72,-0.50,-0.38,0.34,0.42,-0.07,-48.99,-127.28,239.40,13.62,255,
123.90,134.86,9.88,2.77,0.74,-0.33,-0.53,0.35,0.43,0.05,-49.64,-147.73,240.05,11.41,255,
124.05,22.83,8.83,1.17,0.73,-0.28,-0.60,0.34,0.43,0.10,-48.07,-155.32,240.04,10.46,255,
124.15,-18.91,6.29,-6.08,0.74,-0.19,-0.54,0.36,0.41,0.11,-52.33,-160.92,237.54,10.14,255,
124.29,4.80,-12.85,-1.72,0.67,-0.17,-0.68,0.36,0.40,0.11,-43.46,-165.84,236.86,11.41,255,
124.42,37.54,-5.96,25.48,0.81,-0.25,-0.48,0.35,0.42,0.12,-56.33,-152.05,238.63,12.04,255,
124.54,26.52,-15.75,17.71,0.79,-0.02,-0.57,0.35,0.41,0.14,-54.25,-177.71,238.07,12.99,255,
124.69,-40.97,-4.70,11.84,0.91,0.05,-0.46,0.39,0.38,0.13,-62.75,173.47,233.46,13.31,0,
124.82,-47.62,-37.53,22.39,0.82,-0.14,-0.57,0.42,0.37,0.09,-54.40,-166.71,229.70,12.67,0,
124.95,-21.30,-6.98,-80.85,0.87,0.05,-0.04,0.43,0.37,0.08,-85.61,128.28,229.38,17.11,255,
125.10,75.65,-80.12,-42.02,1.00,-0.03,-0.58,0.41,0.38,0.14,-59.83,-177.11,231.05,14.89,255,
125.20,-13.11,-21.53,-53.26,0.85,-0.09,-0.38,0.40,0.39,0.18,-65.49,-167.01,232.34,12.04,255,
125.35,37.20,-37.64,-35.50,0.75,-0.02,-0.48,0.38,0.39,0.22,-57.21,-177.85,234.19,8.87,255,
125.45,80.87,-17.57,32.73,0.45,-0.10,-0.25,0.41,0.37,0.25,-58.87,-158.04,231.32,8.24,255,
125.58,37.85,-46.69,-15.90,0.36,0.07,-0.41,0.45,0.26,0.29,-40.77,169.95,219.04,12.36,255,
125.75,-5.16,54.78,-30.13,1.07,0.38,-0.54,0.44,0.20,0.32,-58.06,144.91,212.71,14.89,255,
125.87,77.09,4.44,62.64,1.03,0.18,-0.51,0.39,0.11,0.38,-62.21,160.62,204.66,15.52,255,
126.02,74.39,-113.74,26.71,0.81,0.54,-0.02,0.43,-0.05,0.30,-56.18,91.96,-178.61,16.79,255,
126.11,-31.16,26.80,-43.71,0.89,0.41,-0.10,0.46,-0.05,0.28,-64.50,104.05,-177.52,16.79,255,
126.24,-11.15,-3.93,-2.41,0.92,0.41,-0.03,0.45,-0.04,0.29,-65.70,94.10,-176.23,16.48,255,
126.37,5.50,6.21,64.80,0.51,0.60,0.55,0.47,-0.06,0.27,-32.12,47.52,-178.23,15.84,255,
126.51,46.96,-1.97,26.42,0.93,0.42,-0.24,0.44,-0.11,0.28,-62.62,120.41,174.01,16.48,255,
126.64,35.22,-2.94,26.92,0.92,0.61,-0.16,0.42,-0.17,0.25,-55.49,104.66,166.45,16.48,255,
126.77,37.98,-15.19,20.34,0.83,0.63,0.23,0.41,-0.19,0.22,-51.40,70.24,163.34,16.48,255,
126.90,-20.94,3.13,-24.54,0.68,0.38,-0.01,0.42,-0.17,0.25,-61.20,91.65,166.75,16.48,255,
127.03,-22.40,-2.02,-165.13,0.80,0.16,0.16,0.45,-0.09,0.26,-74.35,45.61,176.69,16.48,255,
127.15,13.89,29.26,70.02,0.96,0.49,-0.29,0.44,-0.11,0.27,-59.11,120.84,174.38,16.16,255,
127.30,-3.87,-23.12,41.06,0.30,0.64,-0.18,0.41,-0.14,0.28,-24.40,105.27,170.07,16.16,255,
127.41,20.97,-46.45,10.47,0.80,0.77,1.32,0.42,-0.19,0.21,-27.59,30.29,164.11,16.48,0,
127.54,-5.53,56.63,-5.65,0.91,1.01,-0.21,0.39,-0.19,0.23,-41.38,101.94,162.56,1.27,0,
127.67,-21.85,4.03,10.93,0.90,0.43,0.53,0.40,-0.19,0.23,-52.91,39.18,163.25,0.63,0,
127.83,-61.96,22.52,-1.40,0.49,0.33,0.10,0.39,-0.18,0.24,-54.35,72.84,163.49,0.00,0,
127.93,-145.30,26.73,-3.93,0.90,0.50,-0.84,0.39,-0.17,0.27,-42.55,149.17,165.43,1.90,0,
128.06,-67.78,19.19,-23.15,1.45,0.82,0.16,0.39,-0.13,0.30,-60.22,79.24,170.58,10.77,27,
128.23,-0.65,-1.20,-0.72,0.80,0.54,-0.07,0.39,-0.13,0.29,-55.89,97.44,169.90,17.43,27,
128.33,-0.40,-0.79,0.06,0.82,0.53,-0.08,0.39,-0.13,0.29,-56.64,98.10,169.48,17.74,26,
128.46,-0.40,-0.74,0.20,0.81,0.54,-0.07,0.39,-0.13,0.29,-56.44,97.77,170.19,17.74,26,
128.58,-0.78,-0.78,0.03,0.82,0.54,-0.08,0.39,-0.13,0.29,-56.42,97.96,170.06,17.74,25,
128.72,-0.67,-0.74,0.17,0.82,0.54,-0.08,0.39,-0.13,0.30,-56.53,97.98,170.65,17.74,26,
128.84,-0.67,-0.90,0.08,0.82,0.53,-0.08,0.39,-0.13,0.29,-56.69,98.07,169.79,17.74,27,
128.99,-0.64,-1.02,-0.04,0.82,0.54,-0.07,0.39,-0.13,0.29,-56.55,97.73,169.69,17.74,25,
129.10,-0.79,-0.76,0.24,0.83,0.54,-0.07,0.39,-0.13,0.30,-56.75,97.74,170.26,17.74,26,
129.23,-0.70,-0.81,-0.10,0.82,0.54,-0.07,0.38,-0.12,0.29,-56.44,97.75,170.85,17.74,27,
129.36,-0.71,-0.76,0.19,0.82,0.54,-0.07,0.39,-0.13,0.29,-56.51,97.56,169.84,17.74,26,
129.49,-0.55,-0.78,0.31,0.82,0.53,-0.07,0.39,-0.13,0.30,-56.69,97.85,170.28,17.74,24,
129.62,-0.78,-0.79,0.13,0.82,0.54,-0.07,0.39,-0.13,0.30,-56.73,97.76,169.85,17.74,26,
129.78,-1.03,-1.00,0.13,0.82,0.54,-0.07,0.38,-0.12,0.29,-56.67,97.83,170.87,17.74,25,
129.90,-0.62,-0.62,0.23,0.82,0.54,-0.08,0.39,-0.13,0.30,-56.56,97.97,169.95,17.74,23,
130.01,-0.85,-0.69,0.10,0.82,0.54,-0.08,0.38,-0.12,0.29,-56.53,98.21,170.68,17.74,29,
130.16,-0.69,-0.90,0.09,0.83,0.53,-0.08,0.39,-0.13,0.29,-56.82,98.05,170.54,17.74,25,
130.28,-0.59,-0.73,0.08,0.82,0.54,-0.07,0.38,-0.13,0.29,-56.58,97.88,170.51,17.74,26,
130.40,-0.75,-0.95,0.10,0.82,0.54,-0.07,0.39,-0.12,0.30,-56.70,97.88,171.13,17.74,25,
130.53,-0.66,-0.69,0.09,0.82,0.54,-0.08,0.39,-0.13,0.30,-56.53,98.40,170.33,17.74,26,
130.67,-0.75,-0.72,0.12,0.83,0.54,-0.08,0.38,-0.12,0.30,-56.69,97.96,170.46,17.74,27,
130.80,-0.64,-0.99,0.14,0.82,0.54,-0.07,0.39,-0.13,0.30,-56.70,97.95,169.75,17.74,26,
130.92,-0.79,-0.89,0.09,0.82,0.53,-0.07,0.38,-0.13,0.30,-56.76,97.91,170.44,17.74,26,
131.05,-0.74,-0.82,0.16,0.82,0.54,-0.07,0.39,-0.13,0.30,-56.56,97.72,169.51,17.74,25,
131.21,-1.00,-0.76,0.11,0.82,0.54,-0.07,0.39,-0.13,0.30,-56.67,97.80,170.43,17.74,26,
131.31,-0.76,-0.76,0.16,0.82,0.54,-0.07,0.39,-0.13,0.30,-56.65,97.81,170.23,17.74,27,
131.46,-0.69,-0.74,0.08,0.82,0.54,-0.07,0.38,-0.13,0.30,-56.54,97.84,169.72,17.74,26,
131.57,-0.73,-0.99,-0.01,0.82,0.54,-0.07,0.39,-0.13,0.31,-56.65,97.83,170.46,17.74,27,
131.70,-0.76,-0.82,0.22,0.82,0.54,-0.08,0.39,-0.13,0.30,-56.61,98.17,170.13,17.74,25,
131.88,-0.81,-0.57,0.10,0.82,0.54,-0.07,0.39,-0.13,0.29,-56.64,97.71,170.08,17.74,24,
131.96,-0.67,-0.67,0.13,0.82,0.54,-0.07,0.39,-0.13,0.30,-56.61,97.91,169.70,17.74,26,
132.10,-0.64,-1.00,0.04,0.82,0.54,-0.08,0.39,-0.13,0.29,-56.64,97.97,170.33,17.74,25,
132.25,-0.61,-0.81,0.16,0.83,0.54,-0.08,0.39,-0.13,0.29,-56.77,97.99,170.41,17.74,25,
132.38,-0.66,-0.90,0.09,0.82,0.54,-0.08,0.39,-0.12,0.29,-56.53,97.97,171.09,17.74,25,
132.50,-0.50,-0.64,0.19,0.82,0.54,-0.07,0.39,-0.13,0.29,-56.65,97.83,170.24,17.74,26,
132.62,-0.79,-0.88,0.14,0.82,0.54,-0.07,0.38,-0.12,0.30,-56.64,97.61,171.22,17.74,28,
132.78,-0.66,-0.67,0.12,0.82,0.53,-0.07,0.39,-0.13,0.30,-56.73,97.31,170.35,17.74,27,
132.88,-0.58,-0.89,0.22,0.82,0.54,-0.07,0.39,-0.13,0.30,-56.63,97.48,170.77,17.74,24,
133.01,-0.52,-0.95,0.21,0.82,0.54,-0.07,0.40,-0.14,0.30,-56.63,97.56,169.66,17.74,27,
133.13,-0.65,-0.96,0.19,0.82,0.53,-0.07,0.39,-0.13,0.29,-56.78,97.99,170.67,17.74,24,
133.26,-0.57,-0.98,0.07,0.82,0.53,-0.07,0.40,-0.13,0.29,-56.72,97.55,170.71,17.74,25,
133.39,-0.49,-0.90,0.22,0.82,0.54,-0.07,0.39,-0.13,0.29,-56.48,97.72,170.22,17.74,26,
133.54,-0.63,-0.83,0.05,0.82,0.54,-0.07,0.39,-0.12,0.29,-56.57,97.87,171.03,17.74,26,
133.66,-0.28,-0.82,0.20,0.82,0.54,-0.08,0.39,-0.13,0.29,-56.66,98.01,170.76,17.74,25,
133.81,-0.48,-0.81,0.13,0.82,0.54,-0.07,0.39,-0.13,0.29,-56.58,97.80,170.88,17.74,26,
133.92,-0.61,-0.87,0.13,0.82,0.54,-0.07,0.39,-0.13,0.29,-56.68,97.65,170.17,17.74,27,
134.07,-0.53,-0.86,0.16,0.82,0.53,-0.07,0.39,-0.12,0.29,-56.72,97.86,170.96,17.74,24,
134.18,-0.67,-0.73,0.02,0.82,0.54,-0.07,0.39,-0.13,0.30,-56.60,97.86,170.79,17.74,27,
134.33,-0.47,-0.74,0.01,0.82,0.54,-0.08,0.39,-0.12,0.30,-56.56,98.31,171.16,17.74,26,
134.45,-0.52,-0.90,0.13,0.82,0.54,-0.07,0.39,-0.13,0.30,-56.62,97.71,170.23,17.74,25,
134.57,-0.62,-0.58,0.15,0.82,0.54,-0.07,0.39,-0.12,0.29,-56.64,97.88,170.74,17.74,25,
134.70,-0.58,-0.65,-0.06,0.82,0.54,-0.07,0.39,-0.12,0.31,-56.63,97.94,171.15,17.74,28,
134.84,-0.90,-0.68,0.14,0.82,0.54,-0.07,0.39,-0.13,0.29,-56.65,97.37,170.41,17.74,26,
134.96,-0.64,-0.76,0.04,0.82,0.54,-0.07,0.39,-0.12,0.29,-56.72,97.67,171.94,17.74,28,
135.09,-0.70,-0.81,0.17,0.82,0.53,-0.07,0.39,-0.12,0.30,-56.68,97.79,170.87,17.74,25,
135.22,-0.52,-0.73,0.17,0.82,0.54,-0.08,0.39,-0.12,0.30,-56.65,97.98,170.83,17.74,28,
135.37,-0.54,-0.84,0.18,0.83,0.54,-0.07,0.39,-0.13,0.29,-56.80,97.61,169.70,17.74,25,
135.49,-0.46,-0.89,0.22,0.82,0.53,-0.07,0.39,-0.12,0.30,-56.78,97.37,171.04,17.74,25,
135.60,-0.46,-0.61,0.08,0.82,0.54,-0.07,0.39,-0.13,0.30,-56.61,97.89,170.30,17.74,26,
135.75,-0.68,-0.80,0.08,0.82,0.54,-0.08,0.39,-0.13,0.29,-56.50,98.40,170.42,17.74,27,
135.88,-0.70,-0.78,0.08,0.83,0.54,-0.07,0.39,-0.13,0.30,-56.72,97.49,170.58,17.74,26,
136.02,-0.68,-0.65,0.10,0.82,0.54,-0.08,0.38,-0.12,0.29,-56.51,97.94,170.76,17.74,25,
136.14,-0.70,-0.80,0.22,0.82,0.54,-0.07,0.39,-0.13,0.29,-56.62,97.62,170.18,17.74,29,
136.26,-0.76,-0.71,0.02,0.82,0.54,-0.08,0.39,-0.12,0.30,-56.64,97.97,171.24,17.74,26,
136.41,-0.60,-0.78,0.14,0.82,0.53,-0.07,0.39,-0.13,0.29,-56.84,97.80,170.29,17.74,24,
136.53,-0.70,-0.76,0.02,0.82,0.54,-0.07,0.39,-0.12,0.30,-56.57,97.95,170.87,17.74,25,
136.68,-0.67,-0.75,0.11,0.82,0.54,-0.07,0.39,-0.13,0.29,-56.66,97.62,170.54,17.74,27,
136.80,-0.82,-0.73,0.16,0.82,0.54,-0.07,0.39,-0.13,0.29,-56.63,97.86,170.69,17.74,25,
136.93,-0.67,-0.65,0.01,0.82,0.54,-0.08,0.38,-0.12,0.30,-56.48,98.88,170.81,17.74,27,
137.05,-0.40,-0.88,0.11,0.83,0.54,-0.08,0.39,-0.13,0.29,-56.79,98.24,170.40,17.74,29,
137.17,-0.54,-0.85,0.13,0.82,0.54,-0.07,0.39,-0.12,0.30,-56.64,97.81,171.56,17.74,27,
137.32,-0.70,-0.73,0.24,0.82,0.54,-0.07,0.39,-0.13,0.29,-56.67,97.65,170.06,17.74,24,
137.44,-0.49,-0.79,0.15,0.82,0.54,-0.07,0.39,-0.12,0.29,-56.64,97.91,170.66,17.74,24,
137.56,-0.76,-0.79,0.17,0.82,0.54,-0.07,0.39,-0.12,0.29,-56.49,97.88,170.90,17.74,28,
137.71,-0.49,-1.05,0.07,0.83,0.54,-0.07,0.38,-0.12,0.29,-56.69,97.60,171.27,17.74,25,
137.84,-0.51,-0.60,0.14,0.82,0.54,-0.07,0.39,-0.13,0.29,-56.70,97.67,170.57,17.74,26,
137.95,-0.49,-0.99,0.28,0.82,0.54,-0.07,0.39,-0.13,0.29,-56.71,97.37,170.59,17.74,28,
138.08,-0.54,-0.72,0.08,0.82,0.54,-0.07,0.39,-0.13,0.30,-56.69,97.87,170.49,17.74,26,
138.23,-0.70,-0.96,0.19,0.82,0.53,-0.08,0.39,-0.12,0.29,-56.67,98.45,171.06,17.74,26,
138.36,-0.47,-0.86,0.26,0.82,0.53,-0.08,0.39,-0.12,0.31,-56.76,98.05,171.12,17.74,23,
138.48,-0.70,-0.60,0.07,0.82,0.54,-0.08,0.39,-0.13,0.30,-56.59,98.06,170.75,17.74,24,
138.63,-0.79,-0.71,0.17,0.82,0.54,-0.07,0.40,-0.13,0.29,-56.61,97.70,170.60,17.74,24,
138.75,-0.69,-0.90,0.15,0.82,0.54,-0.08,0.39,-0.13,0.29,-56.58,97.96,170.58,17.74,26,
138.87,-0.53,-0.59,0.11,0.82,0.54,-0.07,0.39,-0.12,0.30,-56.62,97.79,170.76,17.74,28,
138.99,-0.81,-0.70,0.07,0.82,0.54,-0.08,0.39,-0.13,0.30,-56.66,98.09,170.70,17.74,24,
139.14,-0.79,-0.80,0.16,0.82,0.54,-0.07,0.39,-0.12,0.30,-56.62,97.69,170.96,17.74,28,
139.26,-0.90,-0.79,0.20,0.82,0.54,-0.07,0.39,-0.12,0.30,-56.59,97.89,171.10,17.74,26,
139.38,-0.55,-0.55,0.13,0.82,0.54,-0.07,0.39,-0.12,0.29,-56.61,97.52,171.03,17.74,27,
139.52,-0.73,-0.66,0.21,0.82,0.54,-0.08,0.39,-0.13,0.30,-56.60,98.38,170.45,17.74,24,
139.64,-0.67,-0.83,0.08,0.82,0.54,-0.07,0.39,-0.13,0.29,-56.63,97.78,170.53,17.74,26,
139.80,-0.67,-0.81,0.05,0.82,0.54,-0.07,0.39,-0.12,0.28,-56.62,97.71,171.59,17.74,25,
139.92,-0.74,-1.00,0.22,0.83,0.54,-0.07,0.39,-0.13,0.30,-56.63,97.69,170.60,17.74,28,
