2017-01-26-15-09-24
0
ophthalmoscope
D
0.00,97,4.31,168.99,94.73,29,
0.00,-1.98,-1.57,-0.46,0.84,0.03,0.46,0.40,-0.14,-0.24,-61.27,4.34,169.15,94.73,28,
0.01,-2.11,-1.38,-0.34,0.84,0.04,0.45,0.40,-0.15,-0.23,-61.45,4.97,168.61,94.73,28,
0.01,-1.98,-1.25,-0.22,0.83,0.03,0.46,0.40,-0.15,-0.23,-61.24,4.22,168.38,94.73,28,
0.02,-2.16,-1.49,-0.15,0.84,0.04,0.46,0.40,-0.14,-0.23,-61.08,4.40,168.65,94.73,29,
0.02,-2.18,-1.31,-0.46,0.84,0.04,0.46,0.40,-0.15,-0.24,-61.42,4.47,168.34,94.73,28,
0.03,-2.00,-1.11,-0.33,0.84,0.03,0.47,0.40,-0.14,-0.25,-60.79,3.60,168.57,94.73,29,
0.03,-1.89,-1.33,-0.22,0.84,0.04,0.46,0.40,-0.15,-0.23,-61.21,4.61,167.85,94.73,27,
0.04,-1.88,-1.61,-0.16,0.84,0.04,0.46,0.40,-0.15,-0.24,-61.11,4.51,167.88,94.73,27,
0.07,-2.00,-1.83,-0.12,0.84,0.04,0.46,0.40,-0.15,-0.23,-60.99,4.60,168.15,94.73,30,
0.19,-1.98,-1.36,-0.45,0.84,0.03,0.46,0.39,-0.15,-0.24,-61.08,4.27,168.20,94.73,30,
0.34,-2.10,-1.28,-0.25,0.84,0.03,0.46,0.40,-0.15,-0.24,-61.27,4.15,168.13,94.73,29,
0.47,-2.03,-1.32,-0.24,0.84,0.04,0.46,0.40,-0.15,-0.24,-61.34,4.59,168.25,94.73,30,
0.58,-1.98,-1.38,-0.28,0.84,0.03,0.46,0.40,-0.14,-0.24,-61.18,4.17,168.62,94.73,27,
0.72,-1.95,-1.33,-0.10,0.84,0.04,0.46,0.40,-0.15,-0.25,-61.34,4.60,167.77,94.73,28,
0.86,-2.20,-1.18,-0.24,0.84,0.03,0.46,0.40,-0.14,-0.24,-61.29,4.20,169.01,94.73,29,
0.99,-2.05,-1.53,-0.43,0.84,0.03,0.46,0.39,-0.14,-0.24,-61.12,4.28,168.48,94.73,29,
1.12,-1.93,-1.41,-0.21,0.84,0.03,0.46,0.40,-0.14,-0.23,-61.12,4.19,168.85,94.73,27,
1.25,-2.18,-1.29,-0.24,0.84,0.03,0.46,0.40,-0.14,-0.24,-61.20,4.17,168.65,94.73,28,
1.36,-2.06,-1.69,-0.33,0.84,0.03,0.46,0.39,-0.15,-0.24,-61.10,4.18,168.36,94.73,29,
1.49,-2.15,-1.29,-0.55,0.84,0.03,0.46,0.40,-0.15,-0.23,-61.12,4.30,168.60,94.73,29,
1.61,-1.97,-1.46,-0.26,0.84,0.03,0.46,0.40,-0.15,-0.24,-61.22,4.02,168.17,94.73,29,
1.75,-1.94,-1.50,-0.31,0.84,0.03,0.46,0.40,-0.14,-0.23,-61.24,4.36,168.85,94.73,28,
1.87,-1.87,-1.29,-0.28,0.84,0.03,0.46,0.40,-0.14,-0.24,-61.15,4.28,168.96,95.05,28,
2.00,-2.00,-1.31,-0.24,0.84,0.04,0.46,0.40,-0.15,-0.24,-61.20,4.52,167.85,95.05,27,
2.16,-1.75,-1.25,-0.37,0.84,0.03,0.46,0.40,-0.15,-0.24,-61.12,4.23,168.10,95.05,30,
2.28,-1.99,-1.53,-0.35,0.84,0.03,0.46,0.40,-0.15,-0.23,-61.31,4.34,168.41,95.05,28,
2.40,-2.03,-1.34,-0.33,0.84,0.04,0.46,0.40,-0.15,-0.24,-61.07,4.55,168.51,95.05,29,
2.54,-2.12,-1.41,-0.44,0.84,0.03,0.46,0.40,-0.15,-0.24,-61.12,4.20,167.55,95.05,30,
2.65,-2.12,-1.33,-0.34,0.84,0.03,0.46,0.40,-0.15,-0.24,-61.23,4.13,168.19,95.05,27,
2.78,-1.97,-1.28,-0.16,0.83,0.04,0.46,0.40,-0.15,-0.24,-61.04,4.55,167.50,95.05,29,
2.91,-2.12,-1.09,-0.23,0.84,0.03,0.46,0.40,-0.15,-0.24,-61.18,4.21,168.00,95.05,29,
3.04,-2.17,-1.39,-0.33,0.84,0.03,0.46,0.40,-0.15,-0.24,-61.20,4.29,168.14,95.05,30,
3.19,-2.09,-1.37,-0.29,0.84,0.04,0.46,0.40,-0.15,-0.25,-61.31,4.53,168.24,95.05,27,
3.33,-1.99,-1.50,-0.23,0.84,0.03,0.46,0.40,-0.14,-0.24,-61.28,4.09,169.02,95.05,30,
3.43,-2.12,-1.23,-0.25,0.84,0.03,0.46,0.40,-0.15,-0.25,-61.12,4.31,168.23,95.05,28,
3.57,-2.03,-1.41,-0.37,0.84,0.03,0.46,0.40,-0.15,-0.25,-61.21,4.13,168.68,95.05,27,
3.69,-2.27,-1.37,-0.22,0.84,0.04,0.46,0.40,-0.14,-0.24,-61.02,4.46,168.72,95.05,28,
3.84,-1.92,-1.37,-0.21,0.84,0.03,0.46,0.40,-0.14,-0.23,-61.14,4.29,169.04,95.05,28,
3.96,-1.90,-1.41,-0.37,0.84,0.03,0.46,0.40,-0.14,-0.23,-61.28,4.25,168.99,95.05,28,
4.09,-2.08,-1.54,-0.28,0.84,0.04,0.46,0.40,-0.14,-0.24,-61.22,4.60,169.25,95.05,28,
4.21,-2.01,-1.52,-0.33,0.84,0.03,0.46,0.40,-0.14,-0.24,-61.10,4.33,169.00,95.05,28,
4.35,-1.95,-1.35,-0.34,0.84,0.03,0.46,0.40,-0.15,-0.24,-61.28,4.15,168.46,95.05,29,
4.48,-1.94,-1.38,-0.41,0.84,0.04,0.45,0.40,-0.14,-0.24,-61.53,4.60,169.37,95.05,28,
4.60,-2.31,-1.20,-0.37,0.84,0.04,0.46,0.40,-0.14,-0.24,-61.15,4.49,168.90,95.05,29,
4.73,-2.06,-1.32,-0.26,0.84,0.03,0.46,0.40,-0.14,-0.24,-61.37,4.30,169.26,95.05,29,
4.86,-2.11,-1.17,-0.31,0.84,0.04,0.46,0.40,-0.15,-0.25,-61.21,4.51,168.01,95.05,28,
4.99,-1.78,-1.21,-0.37,0.84,0.03,0.46,0.40,-0.14,-0.23,-61.29,4.32,168.96,95.05,27,
5.13,-2.00,-1.63,-0.22,0.84,0.04,0.45,0.40,-0.15,-0.24,-61.46,4.49,167.73,95.05,30,
5.27,-2.01,-1.37,-0.43,0.84,0.04,0.46,0.40,-0.15,-0.24,-61.15,4.55,168.37,95.05,30,
5.39,-2.13,-1.45,-0.39,0.84,0.03,0.46,0.40,-0.15,-0.24,-61.35,4.29,168.05,95.05,29,
5.54,-1.97,-1.53,-0.17,0.84,0.04,0.46,0.40,-0.15,-0.24,-61.17,4.37,167.83,95.05,27,
5.66,-1.97,-1.53,-0.35,0.84,0.03,0.46,0.39,-0.15,-0.24,-61.27,4.08,168.32,95.05,29,
5.77,-1.97,-1.41,-0.40,0.84,0.03,0.46,0.40,-0.15,-0.23,-61.21,4.02,168.41,95.05,28,
5.92,-2.00,-1.50,-0.21,0.84,0.04,0.46,0.40,-0.14,-0.24,-61.09,4.36,168.59,95.05,28,
6.04,-1.91,-1.39,-0.20,0.84,0.04,0.46,0.40,-0.14,-0.24,-61.31,4.52,169.13,95.05,29,
6.17,-2.00,-1.37,-0.36,0.84,0.04,0.46,0.40,-0.14,-0.24,-61.18,4.73,168.69,95.05,27,
6.31,-2.15,-1.32,-0.27,0.84,0.03,0.46,0.40,-0.14,-0.24,-61.41,4.22,168.91,95.05,27,
6.44,-1.91,-1.49,-0.41,0.84,0.04,0.46,0.39,-0.14,-0.23,-61.34,4.54,169.38,95.05,26,
6.59,-2.18,-1.47,-0.46,0.84,0.04,0.46,0.40,-0.14,-0.24,-61.15,4.42,169.68,95.05,29,
6.68,-2.00,-1.41,-0.34,0.84,0.03,0.46,0.40,-0.14,-0.23,-61.26,3.97,168.95,95.05,30,
6.82,-1.72,-1.44,-0.47,0.84,0.03,0.46,0.39,-0.14,-0.24,-61.25,4.17,168.47,95.05,28,
6.94,-2.09,-1.30,-0.39,0.83,0.03,0.46,0.40,-0.14,-0.24,-61.17,4.29,168.75,95.05,29,
7.09,-1.95,-1.50,-0.33,0.84,0.03,0.46,0.40,-0.15,-0.24,-61.13,4.07,168.43,95.05,29,
7.19,-1.93,-1.48,-0.40,0.84,0.03,0.46,0.41,-0.15,-0.23,-61.25,4.24,168.81,95.05,28,
7.34,-2.17,-1.42,-0.25,0.84,0.03,0.46,0.40,-0.15,-0.24,-61.26,4.37,168.09,95.05,27,
7.46,-2.03,-1.38,-0.57,0.84,0.03,0.46,0.40,-0.15,-0.23,-60.97,4.19,168.32,95.05,28,
7.59,-2.15,-1.61,-0.33,0.84,0.03,0.46,0.40,-0.15,-0.25,-61.17,4.33,168.68,95.05,28,
7.71,-2.03,-1.35,-0.16,0.84,0.03,0.46,0.40,-0.15,-0.24,-61.21,3.92,168.49,95.05,30,
7.84,-1.94,-1.52,-0.43,0.84,0.04,0.46,0.40,-0.15,-0.25,-61.06,4.50,168.71,95.05,27,
7.98,-2.15,-1.82,-0.34,0.84,0.03,0.46,0.40,-0.15,-0.25,-61.27,4.21,168.25,95.05,29,
8.10,-2.04,-1.10,-0.19,0.84,0.03,0.46,0.40,-0.15,-0.24,-61.10,4.13,167.54,95.05,29,
8.24,-2.18,-1.42,-0.19,0.84,0.03,0.46,0.40,-0.15,-0.24,-61.18,4.20,168.38,95.05,28,
8.37,-2.21,-1.44,-0.30,0.84,0.04,0.46,0.40,-0.14,-0.24,-61.24,4.41,168.84,95.05,28,
8.53,-1.97,-1.48,-0.09,0.84,0.03,0.46,0.40,-0.14,-0.23,-61.14,4.25,168.83,95.05,29,
8.63,-1.86,-1.23,-0.25,0.84,0.03,0.46,0.40,-0.15,-0.24,-61.06,4.14,168.38,95.05,27,
8.78,-2.04,-1.32,-0.13,0.84,0.03,0.46,0.40,-0.14,-0.23,-61.11,4.15,169.15,95.05,31,
8.90,-2.27,-1.48,-0.30,0.84,0.03,0.46,0.40,-0.14,-0.23,-61.37,4.38,168.88,95.05,30,
9.03,-2.09,-1.56,-0.45,0.84,0.03,0.46,0.40,-0.15,-0.24,-61.26,4.34,168.35,95.05,27,
9.14,-2.21,-1.59,-0.48,0.84,0.03,0.46,0.40,-0.14,-0.24,-61.23,4.13,168.79,95.05,28,
9.27,-2.17,-1.33,-0.47,0.84,0.03,0.46,0.40,-0.14,-0.24,-61.20,4.26,168.82,95.05,27,
9.40,-2.01,-1.38,-0.46,0.84,0.03,0.46,0.40,-0.14,-0.24,-61.27,4.32,168.97,95.05,29,
9.53,-2.16,-1.26,-0.33,0.84,0.04,0.46,0.40,-0.14,-0.24,-61.17,4.40,168.75,95.05,30,
9.79,-1.97,-1.26,-0.21,0.84,0.04,0.46,0.40,-0.15,-0.24,-61.30,4.41,168.20,95.05,30,
10.00,-1.86,-1.69,-0.23,0.84,0.03,0.46,0.40,-0.15,-0.23,-61.12,4.33,168.07,95.05,29,
10.06,-2.00,-1.42,-0.28,0.84,0.03,0.46,0.40,-0.15,-0.24,-61.24,4.17,167.85,95.05,27,
10.07,-2.16,-1.16,-0.28,0.84,0.03,0.46,0.40,-0.15,-0.24,-61.23,4.19,168.58,95.05,27,
10.19,-2.09,-1.29,-0.33,0.84,0.04,0.46,0.40,-0.15,-0.24,-61.17,4.60,168.07,95.05,28,
10.31,-2.05,-1.47,-0.31,0.84,0.03,0.46,0.40,-0.15,-0.24,-61.35,4.31,167.28,95.05,31,
10.47,-2.04,-1.50,-0.34,0.84,0.03,0.46,0.40,-0.15,-0.25,-61.13,4.28,168.61,95.05,30,
10.59,-2.04,-1.39,-0.29,0.84,0.03,0.46,0.40,-0.15,-0.24,-61.13,4.20,168.70,95.05,29,
10.70,-2.18,-1.26,-0.28,0.84,0.03,0.46,0.40,-0.14,-0.24,-61.34,4.04,168.92,95.05,28,
10.84,-2.00,-1.35,-0.24,0.84,0.03,0.46,0.40,-0.15,-0.24,-61.18,3.97,168.32,95.05,28,
10.97,-2.09,-1.51,-0.21,0.84,0.03,0.46,0.40,-0.15,-0.24,-61.34,4.38,168.22,95.05,29,
11.10,-1.90,-1.42,-0.27,0.84,0.03,0.46,0.40,-0.15,-0.24,-61.29,4.23,168.50,95.05,29,
11.23,-2.12,-1.41,-0.40,0.84,0.03,0.46,0.39,-0.14,-0.24,-61.22,4.10,168.92,95.05,29,
11.35,-1.97,-1.38,-0.23,0.84,0.04,0.46,0.39,-0.14,-0.24,-61.38,4.41,169.58,95.05,28,
11.49,-1.94,-1.41,-0.25,0.84,0.04,0.46,0.40,-0.14,-0.24,-61.26,4.55,169.26,95.05,30,
11.61,-1.90,-1.26,-0.28,0.84,0.04,0.46,0.40,-0.14,-0.24,-61.24,4.42,169.43,95.05,30,
11.76,-1.97,-1.45,-0.25,0.84,0.04,0.46,0.40,-0.14,-0.24,-61.32,4.52,168.81,95.05,28,
11.87,-0.01,-1.20,-0.17,0.84,0.03,0.46,0.40,-0.15,-0.24,-61.16,4.07,168.55,95.05,29,
12.02,-1.90,-1.44,-0.16,0.84,0.04,0.46,0.40,-0.14,-0.24,-61.13,4.51,169.33,95.05,29,
12.14,-2.05,-1.31,-0.28,0.84,0.03,0.46,0.40,-0.14,-0.23,-61.32,4.33,169.23,95.05,31,
12.28,-2.23,-1.38,-0.31,0.84,0.03,0.46,0.40,-0.14,-0.24,-61.25,4.26,168.89,95.05,31,
12.40,-2.30,-1.51,-0.31,0.84,0.03,0.46,0.40,-0.14,-0.24,-61.39,4.32,168.46,95.05,30,
12.54,-1.80,-1.45,-0.16,0.84,0.03,0.46,0.40,-0.15,-0.24,-61.20,4.24,168.06,95.05,27,
12.65,-1.85,-1.44,-0.16,0.84,0.04,0.46,0.40,-0.15,-0.25,-61.30,4.44,168.36,95.05,28,
12.80,-2.03,-1.54,-0.29,0.84,0.03,0.46,0.40,-0.15,-0.25,-61.22,4.15,168.16,95.05,28,
12.92,-2.05,-1.48,-0.15,0.83,0.03,0.46,0.40,-0.15,-0.24,-61.03,4.14,168.44,95.05,29,
13.06,-2.01,-1.58,-0.41,0.84,0.04,0.46,0.40,-0.15,-0.25,-61.08,4.35,167.62,95.05,28,
13.18,-2.30,-1.36,-0.24,0.84,0.04,0.46,0.40,-0.15,-0.24,-61.31,4.37,168.69,95.05,28,
13.30,-2.18,-1.37,-0.19,0.84,0.03,0.46,0.40,-0.14,-0.24,-61.30,4.27,168.70,95.05,30,
13.45,-1.90,-1.35,-0.02,0.84,0.03,0.46,0.40,-0.15,-0.24,-61.26,4.24,168.19,95.05,29,
13.58,-1.71,-1.34,-0.21,0.84,0.04,0.46,0.40,-0.15,-0.24,-61.34,4.46,168.48,95.05,28,
13.69,-2.08,-1.34,-0.34,0.84,0.03,0.46,0.40,-0.14,-0.24,-61.16,4.32,168.50,95.05,29,
13.82,-2.03,-1.53,-0.23,0.84,0.03,0.46,0.40,-0.14,-0.23,-61.25,4.24,169.02,95.05,30,
13.97,-1.98,-1.27,-0.10,0.84,0.03,0.46,0.40,-0.15,-0.23,-61.34,4.35,168.30,95.05,28,
14.08,-1.82,-1.27,-0.23,0.84,0.03,0.46,0.40,-0.14,-0.23,-61.26,3.84,169.30,95.05,27,
14.21,-2.02,-1.32,-0.26,0.84,0.03,0.46,0.40,-0.15,-0.24,-61.17,4.15,168.60,95.05,28,
14.33,-1.82,-1.21,-0.24,0.84,0.03,0.46,0.40,-0.15,-0.23,-61.38,4.30,168.52,95.05,28,
14.46,-2.21,-1.53,-0.10,0.84,0.03,0.46,0.40,-0.15,-0.23,-61.28,4.18,167.94,95.05,30,
14.59,-1.97,-1.32,-0.28,0.84,0.03,0.46,0.40,-0.15,-0.24,-61.06,3.96,167.55,95.05,28,
14.72,-2.03,-1.33,-0.16,0.84,0.03,0.46,0.40,-0.15,-0.24,-61.31,4.21,167.75,95.05,30,
14.86,-1.85,-1.23,-0.19,0.84,0.03,0.45,0.40,-0.15,-0.24,-61.46,4.16,168.11,95.05,29,
14.98,-2.04,-1.38,-0.19,0.84,0.03,0.46,0.40,-0.15,-0.24,-61.40,4.34,167.43,95.05,29,
15.11,-1.99,-1.43,-0.31,0.84,0.03,0.46,0.40,-0.15,-0.24,-61.32,4.33,167.37,95.05,30,
15.24,-1.88,-1.50,-0.28,0.84,0.03,0.46,0.40,-0.15,-0.24,-61.14,4.19,168.16,95.05,29,
15.38,-2.18,-1.17,-0.23,0.84,0.03,0.45,0.40,-0.15,-0.23,-61.53,4.35,168.09,95.05,29,
15.51,-2.05,-1.31,-0.13,0.84,0.03,0.46,0.40,-0.15,-0.25,-61.28,3.86,168.64,95.05,29,
15.63,-2.18,-1.32,-0.20,0.84,0.03,0.46,0.40,-0.15,-0.24,-61.17,4.30,167.88,95.05,27,
15.78,-1.82,-1.29,-0.34,0.84,0.03,0.46,0.39,-0.14,-0.24,-61.21,4.18,168.39,95.05,28,
15.90,-1.92,-1.55,-0.20,0.84,0.04,0.46,0.40,-0.15,-0.23,-61.30,4.51,168.56,95.05,27,
16.02,-2.12,-1.56,-0.34,0.84,0.04,0.46,0.40,-0.14,-0.23,-61.16,4.48,169.31,95.05,29,
16.16,-1.85,-1.30,-0.25,0.84,0.03,0.46,0.39,-0.14,-0.23,-61.37,4.31,168.41,95.05,29,
16.30,-2.09,-1.40,-0.21,0.84,0.04,0.46,0.40,-0.15,-0.22,-61.35,4.43,168.38,95.05,29,
16.42,-2.17,-1.29,-0.22,0.84,0.03,0.46,0.40,-0.15,-0.23,-61.13,4.26,168.63,95.05,30,
16.57,-2.14,-1.41,-0.49,0.84,0.03,0.46,0.40,-0.14,-0.23,-61.19,4.12,169.44,94.73,27,
16.68,-2.21,-1.47,-0.43,0.84,0.03,0.46,0.40,-0.15,-0.24,-61.36,4.23,168.26,94.73,29,
16.83,-2.07,-1.40,-0.36,0.84,0.04,0.46,0.40,-0.14,-0.24,-61.24,4.41,169.31,94.73,30,
16.95,-2.09,-1.47,-0.24,0.84,0.04,0.46,0.40,-0.14,-0.24,-61.26,4.40,169.08,94.73,29,
17.06,-2.13,-1.56,-0.40,0.84,0.03,0.46,0.40,-0.15,-0.24,-60.88,4.12,168.29,94.73,29,
17.19,-1.91,-1.44,-0.29,0.84,0.03,0.46,0.40,-0.15,-0.24,-61.14,4.14,167.93,94.42,28,
17.32,-2.13,-1.46,-0.34,0.84,0.04,0.46,0.40,-0.15,-0.23,-61.35,4.48,167.80,94.42,27,
17.45,-2.13,-1.23,-0.24,0.84,0.03,0.46,0.40,-0.15,-0.24,-61.18,4.16,168.22,94.42,30,
17.57,-2.00,-1.54,-0.40,0.84,0.04,0.46,0.40,-0.15,-0.24,-61.34,4.39,168.56,94.42,29,
17.72,-2.06,-1.52,-0.47,0.84,0.03,0.46,0.39,-0.15,-0.24,-61.18,4.14,167.91,94.42,29,
17.84,-1.96,-1.37,-0.44,0.84,0.03,0.46,0.40,-0.14,-0.24,-61.24,4.27,168.45,94.73,30,
17.97,-2.15,-1.67,-0.24,0.84,0.03,0.46,0.40,-0.15,-0.23,-61.26,4.04,167.47,94.73,27,
18.12,-2.15,-1.52,-0.35,0.84,0.03,0.46,0.40,-0.14,-0.24,-61.22,4.35,168.89,94.73,30,
18.23,-2.09,-1.35,-0.30,0.84,0.04,0.46,0.39,-0.15,-0.24,-61.46,4.48,167.43,94.73,29,
18.38,-2.09,-1.33,-0.31,0.84,0.04,0.46,0.39,-0.14,-0.24,-61.38,4.38,168.78,94.73,29,
18.49,-1.76,-1.53,-0.25,0.84,0.03,0.46,0.40,-0.15,-0.23,-61.36,4.34,168.22,94.73,27,
18.62,-2.05,-1.35,-0.35,0.84,0.04,0.46,0.40,-0.15,-0.24,-61.30,4.45,168.56,94.73,29,
18.75,-2.20,-1.33,-0.51,0.83,0.04,0.46,0.40,-0.14,-0.23,-61.13,4.42,169.02,94.73,29,
18.90,-2.05,-1.31,-0.37,0.84,0.03,0.46,0.40,-0.15,-0.24,-61.26,4.13,168.65,94.42,30,
19.03,-2.00,-1.39,-0.19,0.84,0.03,0.46,0.39,-0.15,-0.23,-61.09,4.18,168.29,94.42,28,
19.14,-2.12,-1.56,-0.33,0.84,0.03,0.46,0.40,-0.14,-0.24,-61.15,4.02,169.31,94.42,28,
19.29,-2.04,-1.61,-0.25,0.84,0.03,0.46,0.40,-0.14,-0.24,-61.26,4.38,168.77,94.42,29,
19.41,-2.04,-1.41,-0.31,0.84,0.03,0.46,0.40,-0.14,-0.23,-61.24,4.13,168.90,94.42,28,
19.53,-1.91,-1.27,-0.13,0.84,0.03,0.46,0.40,-0.15,-0.23,-60.97,4.19,168.10,94.10,28,
19.66,-2.03,-1.56,-0.28,0.84,0.04,0.46,0.40,-0.15,-0.23,-61.21,4.38,167.79,94.10,29,
19.79,-2.27,-1.64,-0.31,0.84,0.03,0.46,0.40,-0.15,-0.23,-61.33,4.17,168.40,94.10,28,
19.92,-2.07,-1.44,-0.45,0.84,0.03,0.46,0.40,-0.15,-0.23,-61.31,3.97,167.93,94.10,28,
20.07,-2.12,-1.52,-0.37,0.84,0.04,0.46,0.40,-0.15,-0.23,-61.06,4.43,168.17,94.42,28,
20.19,-2.15,-1.51,-0.27,0.84,0.03,0.46,0.41,-0.15,-0.24,-61.32,4.21,168.88,94.42,28,
20.30,-2.26,-1.54,-0.31,0.84,0.04,0.46,0.40,-0.15,-0.24,-61.43,4.60,168.65,94.42,28,
20.46,-1.94,-1.35,-0.23,0.84,0.03,0.46,0.40,-0.15,-0.24,-61.24,4.15,167.98,94.42,27,
20.58,-2.32,-1.49,-0.50,0.84,0.03,0.46,0.39,-0.15,-0.24,-61.35,4.28,167.53,94.42,29,
20.69,-2.12,-1.44,-0.27,0.84,0.03,0.46,0.40,-0.14,-0.23,-61.14,4.25,168.94,94.10,30,
20.85,-2.17,-1.33,-0.28,0.84,0.03,0.46,0.40,-0.15,-0.23,-61.33,3.96,168.43,94.42,27,
20.95,-1.97,-1.51,-0.44,0.84,0.04,0.46,0.39,-0.14,-0.23,-61.26,4.39,168.58,94.42,28,
21.08,-2.05,-1.49,-0.24,0.84,0.03,0.46,0.40,-0.14,-0.23,-61.38,4.19,168.86,94.42,30,
21.21,-2.01,-1.48,-0.22,0.84,0.03,0.46,0.40,-0.14,-0.22,-61.40,4.14,169.73,94.42,28,
21.36,-2.09,-1.46,-0.22,0.84,0.03,0.45,0.39,-0.14,-0.22,-61.45,4.08,169.20,94.42,28,
21.49,-2.05,-1.31,-0.31,0.84,0.04,0.46,0.40,-0.14,-0.22,-61.18,4.50,168.73,94.42,29,
21.62,-2.16,-1.41,-0.29,0.84,0.03,0.46,0.40,-0.14,-0.23,-61.25,4.20,169.21,94.42,29,
21.73,-2.11,-1.67,-0.32,0.84,0.03,0.46,0.40,-0.14,-0.23,-61.14,4.33,169.06,94.42,30,
21.86,-2.17,-1.45,-0.31,0.84,0.03,0.46,0.39,-0.15,-0.23,-61.17,4.35,168.16,94.42,29,
22.01,-2.15,-1.49,-0.13,0.84,0.04,0.46,0.39,-0.15,-0.23,-61.18,4.50,168.37,94.42,27,
22.12,-1.98,-1.38,-0.19,0.84,0.03,0.46,0.40,-0.14,-0.23,-61.42,4.39,168.49,94.42,29,
22.27,-2.00,-1.44,-0.34,0.84,0.03,0.46,0.40,-0.15,-0.23,-61.40,4.25,168.54,94.42,28,
22.38,-2.08,-1.34,-0.16,0.84,0.04,0.46,0.40,-0.14,-0.24,-61.36,4.48,168.83,94.42,28,
22.51,-2.22,-1.48,-0.28,0.84,0.03,0.46,0.40,-0.15,-0.23,-61.13,4.30,167.73,94.42,28,
22.64,-1.88,-1.19,-0.28,0.84,0.04,0.46,0.40,-0.15,-0.23,-61.19,4.41,168.37,94.42,29,
22.77,-2.08,-1.42,-0.34,0.84,0.03,0.46,0.40,-0.14,-0.24,-61.32,4.36,168.50,94.42,28,
22.90,-2.12,-1.49,-0.20,0.84,0.04,0.46,0.40,-0.14,-0.24,-61.27,4.46,169.16,94.42,29,
23.03,-2.16,-1.33,-0.36,0.84,0.02,0.46,0.40,-0.14,-0.24,-61.25,3.09,169.11,94.42,28,
23.16,-2.01,-1.45,-0.28,0.84,0.04,0.47,0.40,-0.14,-0.23,-60.66,4.37,168.91,94.42,27,
23.29,-2.06,-1.44,-0.44,0.84,0.03,0.46,0.40,-0.13,-0.23,-60.97,3.45,170.13,94.42,29,
23.44,-2.16,-1.53,-0.28,0.84,0.04,0.46,0.40,-0.14,-0.24,-61.29,4.47,169.51,94.42,27,
23.57,-2.08,-1.33,-0.64,0.83,0.04,0.46,0.40,-0.14,-0.23,-61.03,4.54,169.32,94.42,25,
23.71,-2.06,-1.53,-0.40,0.84,0.04,0.45,0.40,-0.14,-0.23,-61.60,4.48,168.82,94.42,26,
23.81,-2.06,-1.62,-0.25,0.84,0.03,0.46,0.40,-0.14,-0.24,-61.29,4.00,168.95,94.42,28,
23.94,-1.98,-1.45,-0.33,0.84,0.04,0.46,0.40,-0.14,-0.24,-61.25,4.38,169.40,94.42,27,
24.09,-2.10,-1.35,-0.37,0.84,0.04,0.45,0.40,-0.15,-0.24,-61.75,4.66,168.56,94.42,29,
24.21,-2.02,-1.44,-0.18,0.84,0.03,0.45,0.40,-0.14,-0.24,-61.62,4.35,168.74,94.42,30,
24.32,-2.11,-1.59,-0.37,0.84,0.03,0.46,0.40,-0.15,-0.24,-61.08,3.91,168.69,94.42,28,
24.47,-2.00,-1.55,-0.20,0.84,0.03,0.46,0.41,-0.14,-0.23,-61.08,4.23,169.15,94.42,29,
24.60,-2.08,-1.48,-0.31,0.84,0.03,0.46,0.40,-0.14,-0.23,-61.44,4.22,168.86,94.42,27,
24.74,-2.16,-1.25,-0.22,0.84,0.03,0.45,0.40,-0.15,-0.23,-61.53,4.20,168.59,94.42,28,
24.86,-1.95,-1.44,-0.16,0.84,0.03,0.46,0.40,-0.15,-0.24,-61.36,4.14,168.52,94.42,29,
24.98,-2.08,-1.41,-0.40,0.84,0.03,0.46,0.40,-0.15,-0.24,-61.31,4.26,168.53,94.42,29,
25.10,-2.10,-1.44,-0.40,0.84,0.04,0.45,0.40,-0.15,-0.24,-61.44,4.45,168.31,94.42,29,
25.26,-2.14,-1.33,-0.38,0.84,0.04,0.46,0.40,-0.15,-0.24,-61.18,4.69,168.09,94.42,28,
25.37,-1.94,-1.50,-0.37,0.84,0.03,0.46,0.39,-0.14,-0.23,-61.17,4.19,168.92,94.42,30,
25.52,-1.81,-1.47,-0.24,0.84,0.04,0.46,0.40,-0.14,-0.23,-61.06,4.53,169.23,94.42,28,
25.62,-1.98,-1.47,-0.29,0.84,0.03,0.46,0.40,-0.14,-0.23,-61.46,4.23,169.13,94.42,28,
25.78,-1.99,-1.32,-0.37,0.84,0.03,0.46,0.40,-0.14,-0.23,-61.24,4.22,169.20,94.42,27,
25.91,-2.18,-1.59,-0.27,0.84,0.03,0.47,0.40,-0.14,-0.23,-60.91,3.99,169.07,94.42,27,
26.03,-2.32,-1.45,-0.29,0.84,0.04,0.46,0.40,-0.14,-0.24,-61.24,4.38,169.30,94.42,30,
26.15,-1.95,-1.68,-0.24,0.84,0.04,0.46,0.40,-0.14,-0.23,-61.14,4.54,168.88,94.42,28,
26.30,-1.93,-1.16,-0.09,0.84,0.03,0.46,0.40,-0.14,-0.24,-61.14,4.23,169.19,94.42,29,
26.40,-2.00,-1.53,-0.31,0.84,0.03,0.46,0.40,-0.14,-0.24,-61.18,3.99,169.70,94.42,29,
26.53,-2.24,-1.44,-0.24,0.84,0.03,0.46,0.40,-0.14,-0.24,-61.21,4.23,168.75,94.42,29,
26.68,-1.85,-1.43,-0.34,0.84,0.03,0.45,0.39,-0.15,-0.23,-61.50,4.30,168.06,94.42,29,
26.80,-2.03,-1.64,-0.28,0.84,0.03,0.46,0.39,-0.15,-0.23,-61.33,4.13,167.62,94.42,28,
26.92,-2.05,-1.35,-0.20,0.84,0.03,0.46,0.41,-0.14,-0.24,-61.30,4.35,169.10,94.42,27,
27.07,-1.84,-1.26,-0.07,0.84,0.04,0.46,0.40,-0.15,-0.24,-61.36,4.39,168.74,94.73,29,
27.21,-2.21,-1.40,-0.29,0.84,0.04,0.46,0.40,-0.15,-0.24,-61.22,4.38,168.18,94.42,29,
27.32,-2.00,-1.56,-0.38,0.84,0.04,0.46,0.40,-0.14,-0.24,-61.31,4.44,168.55,94.42,27,
27.45,-1.86,-1.31,-0.13,0.84,0.03,0.46,0.40,-0.14,-0.23,-61.24,4.21,168.62,94.42,27,
27.60,-1.88,-1.35,-0.07,0.84,0.03,0.46,0.39,-0.14,-0.24,-61.40,4.31,169.08,94.42,29,
27.72,-2.02,-1.56,-0.38,0.84,0.03,0.46,0.39,-0.15,-0.24,-61.32,4.21,167.90,94.42,28,
27.85,-2.04,-1.44,-0.40,0.84,0.03,0.46,0.40,-0.14,-0.23,-60.91,4.21,169.44,94.42,27,
27.98,-2.07,-1.41,-0.35,0.84,0.03,0.46,0.40,-0.14,-0.23,-61.22,4.09,168.47,94.42,28,
28.09,-2.10,-1.50,-0.25,0.84,0.03,0.46,0.40,-0.15,-0.23,-61.29,4.16,168.46,94.42,29,
28.24,-2.18,-1.30,-0.43,0.84,0.03,0.46,0.40,-0.15,-0.23,-61.31,4.04,168.13,94.10,30,
28.36,-2.07,-1.40,-0.25,0.84,0.03,0.46,0.40,-0.14,-0.22,-61.14,3.76,169.30,94.10,29,
28.47,-1.85,-1.48,-0.33,0.84,0.03,0.46,0.40,-0.14,-0.23,-61.38,4.18,169.09,94.10,29,
28.63,-2.02,-1.53,-0.41,0.84,0.03,0.46,0.40,-0.15,-0.24,-61.22,4.27,168.65,94.10,27,
28.75,-1.97,-1.42,-0.51,0.84,0.04,0.46,0.40,-0.15,-0.23,-61.28,4.43,168.48,94.10,29,
28.87,-1.94,-1.44,-0.26,0.84,0.04,0.46,0.40,-0.15,-0.23,-61.33,4.45,168.48,94.42,29,
29.03,-2.10,-1.47,-0.30,0.84,0.03,0.46,0.40,-0.14,-0.23,-61.11,4.18,168.84,94.42,27,
29.13,-1.94,-1.50,-0.27,0.84,0.03,0.46,0.40,-0.15,-0.23,-61.34,4.34,168.35,94.42,30,
29.28,-2.12,-1.54,-0.31,0.84,0.03,0.46,0.40,-0.15,-0.23,-61.15,4.09,168.30,94.42,28,
29.41,-2.21,-1.25,-0.24,0.84,0.03,0.46,0.40,-0.15,-0.24,-61.09,4.17,168.00,94.42,29,
29.52,-2.17,-1.44,-0.38,0.84,0.03,0.46,0.40,-0.15,-0.23,-61.12,4.25,168.32,94.42,27,
29.65,-2.05,-1.39,-0.34,0.84,0.04,0.46,0.40,-0.15,-0.23,-61.27,4.40,168.00,94.42,30,
29.80,-2.16,-1.61,-0.30,0.84,0.04,0.46,0.40,-0.15,-0.24,-61.17,4.50,167.77,94.42,29,
29.92,-2.02,-1.38,-0.26,0.84,0.04,0.46,0.40,-0.14,-0.24,-61.23,4.51,168.59,94.42,29,
30.06,-2.05,-1.39,-0.28,0.84,0.04,0.46,0.40,-0.15,-0.24,-61.39,4.42,168.50,94.42,30,
30.19,-1.94,-1.34,-0.27,0.84,0.03,0.46,0.40,-0.15,-0.23,-61.19,4.33,167.97,94.42,30,
30.32,-2.15,-1.64,-0.41,0.84,0.03,0.46,0.40,-0.14,-0.24,-61.25,4.13,169.42,94.42,31,
30.44,-1.94,-1.31,-0.28,0.84,0.03,0.46,0.40,-0.14,-0.23,-61.42,4.16,169.24,94.42,27,
30.55,-2.14,-1.62,-0.13,0.84,0.04,0.46,0.39,-0.14,-0.24,-61.14,4.45,168.66,94.42,27,
30.68,-2.06,-1.30,-0.11,0.84,0.03,0.46,0.39,-0.14,-0.24,-61.15,4.23,169.14,94.42,29,
30.83,-1.97,-1.22,-0.33,0.84,0.04,0.46,0.40,-0.14,-0.23,-61.28,4.42,169.33,94.42,27,
30.96,-2.09,-1.48,-0.36,0.84,0.03,0.46,0.40,-0.14,-0.23,-61.27,4.12,169.14,94.42,28,
31.07,-1.90,-1.26,-0.26,0.84,0.03,0.46,0.40,-0.14,-0.23,-61.26,4.14,168.81,94.42,28,
31.20,-2.01,-1.27,-0.21,0.84,0.04,0.46,0.40,-0.15,-0.23,-61.17,4.45,168.30,94.42,30,
31.36,-1.91,-1.44,-0.34,0.84,0.03,0.46,0.40,-0.15,-0.23,-61.29,4.24,168.18,94.42,31,
31.49,-1.58,-1.36,-0.23,0.84,0.03,0.46,0.40,-0.15,-0.23,-61.26,4.30,167.88,94.42,30,
31.62,-2.17,-1.44,-0.18,0.84,0.03,0.46,0.40,-0.15,-0.24,-61.16,4.03,168.31,94.42,28,
31.75,-1.81,-1.31,-0.16,0.84,0.03,0.46,0.40,-0.15,-0.24,-61.26,4.34,167.94,94.42,29,
31.87,-1.79,-1.13,-0.19,0.84,0.03,0.46,0.40,-0.15,-0.24,-61.25,4.36,168.60,94.42,30,
32.01,-1.93,-1.37,-0.42,0.84,0.03,0.46,0.40,-0.15,-0.24,-61.42,4.09,168.12,94.42,27,
32.13,-2.00,-1.27,-0.41,0.84,0.04,0.46,0.40,-0.15,-0.25,-61.37,4.43,168.25,94.42,28,
32.24,-1.93,-1.27,-0.36,0.84,0.03,0.46,0.40,-0.15,-0.25,-61.33,4.29,168.45,94.42,30,
32.39,-2.09,-1.59,-0.46,0.84,0.03,0.46,0.40,-0.15,-0.24,-61.29,3.89,168.50,94.42,28,
32.51,-2.10,-1.49,-0.33,0.84,0.04,0.46,0.40,-0.15,-0.24,-61.24,4.50,168.45,94.42,27,
32.63,-2.30,-1.41,-0.22,0.84,0.04,0.46,0.40,-0.14,-0.24,-61.42,4.43,168.74,94.42,29,
32.78,-2.14,-1.53,-0.28,0.84,0.03,0.46,0.40,-0.15,-0.23,-61.22,4.27,168.21,94.42,27,
32.91,-2.08,-1.38,-0.42,0.84,0.03,0.46,0.40,-0.14,-0.24,-61.29,4.10,168.64,94.42,28,
33.04,-2.10,-1.44,-0.37,0.84,0.03,0.46,0.40,-0.15,-0.24,-61.29,4.31,168.11,94.42,29,
33.16,-1.97,-1.41,-0.34,0.84,0.03,0.46,0.40,-0.14,-0.24,-61.29,4.17,168.78,94.42,29,
33.28,-1.93,-1.63,-0.37,0.84,0.03,0.46,0.40,-0.15,-0.24,-61.25,4.32,168.11,94.42,30,
33.43,-2.09,-1.35,-0.13,0.84,0.03,0.46,0.40,-0.14,-0.24,-61.27,4.11,168.95,94.42,27,
33.57,-2.01,-1.49,-0.22,0.84,0.03,0.45,0.40,-0.14,-0.23,-61.42,4.32,168.85,94.42,29,
33.69,-1.91,-1.45,-0.35,0.84,0.04,0.46,0.40,-0.14,-0.23,-61.14,4.54,169.10,94.42,30,
33.81,-1.99,-1.50,-0.49,0.84,0.03,0.46,0.40,-0.14,-0.23,-61.36,4.30,168.93,94.10,28,
33.93,-2.06,-1.56,-0.28,0.84,0.04,0.46,0.40,-0.16,-0.24,-61.26,4.37,167.25,94.42,26,
34.06,-1.94,-1.47,-0.45,0.84,0.03,0.46,0.40,-0.15,-0.23,-61.07,3.92,167.99,94.42,29,
34.18,-2.12,-1.61,-0.26,0.84,0.04,0.46,0.40,-0.15,-0.24,-61.19,4.55,168.08,94.10,31,
34.34,-2.06,-1.48,-0.19,0.84,0.03,0.46,0.40,-0.15,-0.24,-61.35,4.24,168.26,94.10,27,
34.46,-1.97,-1.26,-0.24,0.84,0.04,0.46,0.40,-0.15,-0.23,-61.33,4.45,167.72,94.10,29,
34.59,-2.24,-1.53,-0.26,0.84,0.04,0.45,0.39,-0.15,-0.24,-61.73,4.57,168.08,94.10,29,
34.73,-2.03,-1.36,-0.22,0.84,0.03,0.46,0.40,-0.15,-0.24,-61.43,4.30,168.22,94.10,30,
34.85,-2.27,-1.48,0.04,0.84,0.03,0.46,0.40,-0.15,-0.24,-61.38,4.31,168.09,94.42,28,
34.97,-1.92,-1.40,-0.29,0.84,0.04,0.46,0.40,-0.15,-0.24,-61.29,4.42,168.44,94.42,27,
35.12,-2.12,-1.50,-0.31,0.84,0.03,0.46,0.40,-0.15,-0.23,-61.27,4.23,168.10,94.42,28,
35.23,-2.15,-1.53,-0.28,0.84,0.04,0.46,0.39,-0.15,-0.23,-61.41,4.55,167.95,94.42,27,
35.38,-1.96,-1.46,-0.29,0.84,0.04,0.46,0.40,-0.15,-0.23,-61.31,4.43,168.09,94.42,30,
35.50,-2.10,-1.43,-0.34,0.84,0.04,0.46,0.40,-0.15,-0.23,-61.08,4.40,168.32,94.42,29,
35.62,-2.04,-1.30,-0.07,0.84,0.03,0.46,0.39,-0.14,-0.23,-61.27,3.92,169.19,94.42,26,
35.77,-2.04,-1.60,-0.22,0.84,0.03,0.46,0.40,-0.14,-0.23,-61.17,4.01,168.53,94.42,29,
35.89,-2.02,-1.25,-0.26,0.84,0.03,0.46,0.40,-0.15,-0.23,-61.29,4.14,168.32,94.42,29,
36.03,-2.36,-1.52,-0.16,0.84,0.04,0.46,0.40,-0.14,-0.24,-61.34,4.69,168.83,94.42,28,
36.15,-1.85,-1.29,-0.22,0.84,0.04,0.45,0.40,-0.15,-0.23,-61.64,4.55,167.61,94.42,30,
36.27,-2.00,-1.47,-0.07,0.84,0.03,0.46,0.40,-0.15,-0.23,-61.25,4.28,167.97,94.42,29,
36.39,-2.03,-1.53,-0.40,0.84,0.04,0.46,0.40,-0.14,-0.24,-61.16,4.45,169.03,94.42,28,
36.54,-2.03,-1.51,-0.31,0.84,0.03,0.46,0.40,-0.15,-0.23,-61.29,4.19,168.30,94.42,28,
36.66,-1.84,-1.30,-0.24,0.84,0.04,0.45,0.40,-0.15,-0.23,-61.41,4.49,168.16,94.42,28,
36.78,-2.09,-1.47,-0.32,0.84,0.04,0.46,0.41,-0.15,-0.23,-60.99,4.59,168.28,94.42,28,
36.93,-2.07,-1.67,-0.29,0.84,0.03,0.46,0.40,-0.14,-0.23,-61.28,4.02,168.68,94.42,28,
37.05,-1.91,-1.47,-0.28,0.84,0.03,0.46,0.40,-0.15,-0.24,-61.33,4.38,168.25,94.42,29,
37.19,-2.09,-1.26,-0.18,0.84,0.03,0.46,0.40,-0.15,-0.24,-61.37,4.36,168.49,94.42,28,
37.30,-2.06,-1.31,-0.12,0.84,0.04,0.46,0.40,-0.15,-0.23,-60.96,4.47,167.70,94.42,28,
37.45,-1.86,-1.49,-0.22,0.84,0.04,0.46,0.40,-0.15,-0.23,-61.08,4.42,167.97,94.10,28,
37.57,-2.13,-1.42,-0.25,0.84,0.04,0.46,0.40,-0.14,-0.22,-61.24,4.38,169.49,94.10,30,
37.69,-2.09,-1.68,-0.31,0.84,0.04,0.46,0.40,-0.14,-0.23,-61.24,4.39,169.01,94.10,29,
37.83,-2.11,-1.50,-0.23,0.84,0.03,0.46,0.40,-0.14,-0.23,-61.24,3.97,169.79,94.42,29,
37.95,-2.24,-1.64,-0.41,0.84,0.04,0.46,0.40,-0.14,-0.24,-61.00,4.36,168.77,94.42,28,
38.10,-2.04,-1.35,-0.28,0.84,0.04,0.46,0.40,-0.14,-0.23,-61.00,4.35,168.76,94.10,26,
38.21,-2.40,-1.49,-0.15,0.84,0.04,0.46,0.39,-0.15,-0.24,-61.32,4.46,168.13,94.42,28,
38.36,-2.10,-1.34,-0.26,0.84,0.03,0.46,0.41,-0.14,-0.24,-61.15,4.28,169.48,94.42,28,
38.47,-1.81,-1.30,-0.39,0.84,0.03,0.46,0.40,-0.14,-0.24,-61.24,4.05,168.73,94.42,27,
38.62,-2.18,-1.36,-0.44,0.84,0.04,0.46,0.40,-0.15,-0.23,-61.26,4.38,168.43,94.42,27,
38.74,-2.04,-1.64,-0.20,0.84,0.03,0.46,0.39,-0.15,-0.24,-61.23,4.34,167.54,94.42,27,
38.87,-2.28,-1.21,-0.19,0.84,0.04,0.46,0.40,-0.15,-0.23,-61.33,4.50,168.35,94.42,28,
38.99,-1.92,-1.31,-0.25,0.84,0.04,0.46,0.40,-0.15,-0.24,-61.34,4.43,168.05,94.42,27,
39.13,-2.13,-1.35,-0.21,0.84,0.03,0.46,0.40,-0.15,-0.23,-61.40,4.32,168.05,94.42,27,
39.26,-2.15,-1.45,-0.25,0.84,0.03,0.46,0.40,-0.15,-0.24,-61.25,4.17,168.02,94.42,29,
39.37,-2.08,-1.59,-0.31,0.84,0.03,0.46,0.40,-0.15,-0.24,-61.14,4.30,168.14,94.42,27,
39.52,-1.90,-1.40,-0.16,0.84,0.03,0.46,0.39,-0.15,-0.23,-61.15,4.26,167.93,94.42,28,
39.64,-2.28,-1.38,-0.30,0.84,0.03,0.46,0.40,-0.15,-0.24,-61.11,4.28,167.88,94.42,30,
39.79,-2.05,-1.37,-0.03,0.84,0.04,0.46,0.40,-0.15,-0.24,-61.26,4.42,168.02,94.42,28,
39.91,-2.12,-1.37,-0.36,0.84,0.04,0.46,0.40,-0.15,-0.23,-61.16,4.38,168.34,94.42,26,
