2017-01-30-20-04-03
0
ophthalmoscope
D
0.00,17.11,79,
0.00,-2.10,-1.46,-1.83,0.84,-0.28,-0.47,0.36,0.51,0.11,-56.78,-148.88,243.22,17.11,80,
0.01,-2.12,-1.57,-2.09,0.84,-0.28,-0.47,0.35,0.51,0.10,-56.66,-148.85,243.74,17.11,80,
0.02,-2.46,-1.26,-1.82,0.83,-0.28,-0.47,0.36,0.52,0.09,-56.60,-149.23,243.97,17.11,80,
0.03,-2.02,-1.47,-2.14,0.84,-0.28,-0.47,0.36,0.51,0.10,-56.71,-148.95,243.72,17.11,79,
0.04,-2.30,-1.39,-2.19,0.84,-0.30,-0.47,0.36,0.51,0.10,-56.28,-147.88,243.58,17.11,80,
0.15,-2.24,-1.58,-1.90,0.84,-0.28,-0.47,0.36,0.51,0.09,-56.78,-148.94,243.59,17.11,79,
0.26,-2.13,-1.49,-1.80,0.84,-0.28,-0.47,0.36,0.51,0.10,-56.84,-148.89,243.05,17.11,78,
0.42,-2.24,-1.39,-2.12,0.84,-0.28,-0.47,0.36,0.51,0.10,-56.82,-148.93,243.26,17.11,80,
0.54,-2.15,-1.55,-1.90,0.84,-0.28,-0.47,0.36,0.51,0.11,-56.76,-149.01,243.55,17.11,79,
0.65,-2.08,-1.60,-2.14,0.84,-0.28,-0.47,0.36,0.51,0.10,-56.84,-148.69,243.54,17.11,79,
0.79,-2.25,-1.67,-1.94,0.83,-0.28,-0.47,0.36,0.51,0.11,-56.77,-148.62,243.04,17.11,78,
0.90,-2.06,-1.53,-1.76,0.83,-0.28,-0.47,0.36,0.51,0.11,-56.84,-148.86,243.48,17.11,78,
1.06,-2.24,-1.36,-2.13,0.84,-0.28,-0.47,0.36,0.51,0.10,-56.76,-148.78,243.71,17.11,80,
1.17,-2.32,-1.53,-2.15,0.84,-0.29,-0.47,0.36,0.51,0.10,-56.73,-148.68,243.45,17.11,79,
1.29,-2.06,-1.46,-1.61,0.83,-0.29,-0.45,0.36,0.51,0.10,-57.22,-147.74,243.38,16.79,79,
1.45,-2.09,-1.26,-1.79,0.83,-0.28,-0.47,0.36,0.51,0.10,-56.50,-149.00,243.28,15.84,76,
1.56,-2.30,-1.24,-1.91,0.84,-0.28,-0.47,0.36,0.51,0.10,-56.80,-148.69,243.48,15.21,78,
1.71,-3.35,4.18,-0.74,0.83,-0.29,-0.45,0.35,0.51,0.10,-57.49,-147.40,244.17,15.21,79,
1.82,-1.97,-1.50,-1.66,0.83,-0.28,-0.47,0.35,0.51,0.11,-56.57,-148.90,244.00,15.21,77,
1.97,-2.39,2.04,-1.67,0.84,-0.27,-0.49,0.36,0.51,0.10,-56.29,-150.78,243.66,15.21,80,
2.09,-2.00,-1.67,-1.59,0.83,-0.28,-0.48,0.36,0.52,0.11,-56.24,-149.16,243.92,15.21,77,
2.23,-2.18,-1.15,-2.12,0.83,-0.28,-0.47,0.36,0.51,0.10,-56.64,-148.91,243.45,15.21,80,
2.36,-2.23,-1.35,-2.11,0.83,-0.29,-0.48,0.36,0.51,0.10,-56.34,-148.96,243.21,15.21,78,
2.47,-2.14,-1.11,-1.92,0.83,-0.28,-0.47,0.36,0.51,0.10,-56.52,-149.17,243.31,15.21,81,
2.61,-2.21,-1.18,-1.66,0.83,-0.28,-0.47,0.36,0.51,0.10,-56.61,-149.08,243.54,15.21,80,
2.73,-2.20,-0.53,-2.32,0.83,-0.30,-0.47,0.36,0.51,0.11,-56.21,-147.87,242.94,15.21,77,
2.86,-2.36,-1.52,-1.79,0.83,-0.28,-0.47,0.36,0.50,0.10,-56.32,-148.99,243.11,15.21,78,
3.01,-2.46,-1.66,-1.88,0.83,-0.29,-0.47,0.36,0.51,0.10,-56.27,-149.00,242.98,15.21,78,
3.12,-2.27,-1.50,-2.00,0.84,-0.29,-0.49,0.36,0.51,0.10,-56.14,-149.09,243.70,15.21,79,
3.27,-2.08,-1.71,-1.58,0.84,-0.29,-0.49,0.36,0.51,0.10,-55.98,-149.42,242.87,15.21,77,
3.39,-1.97,-1.27,-1.81,0.83,-0.28,-0.47,0.36,0.51,0.10,-56.46,-148.97,243.19,15.21,81,
3.54,-2.32,-1.20,-2.05,0.83,-0.29,-0.47,0.36,0.51,0.10,-56.70,-148.58,243.52,15.21,78,
3.66,-2.27,-1.14,-1.94,0.82,-0.29,-0.47,0.36,0.51,0.10,-56.37,-148.59,243.37,15.21,76,
3.78,-2.19,-1.40,-1.58,0.84,-0.28,-0.48,0.36,0.51,0.10,-56.27,-149.35,243.32,15.21,78,
3.90,-2.38,-1.15,-1.94,0.83,-0.28,-0.47,0.36,0.51,0.10,-56.68,-149.25,243.32,15.21,77,
4.05,-2.19,-1.48,-1.59,0.83,-0.28,-0.47,0.37,0.51,0.11,-56.37,-149.04,242.98,15.21,76,
4.17,-2.02,-1.48,-1.95,0.83,-0.28,-0.47,0.36,0.51,0.11,-56.49,-149.28,243.19,15.21,79,
4.28,-1.94,-1.19,-2.06,0.83,-0.28,-0.47,0.36,0.51,0.10,-56.46,-149.06,242.93,15.21,78,
4.44,-1.97,-1.28,-1.82,0.83,-0.28,-0.47,0.36,0.50,0.10,-56.59,-149.07,242.80,15.21,79,
4.55,-2.16,-1.50,-1.95,0.83,-0.28,-0.48,0.36,0.51,0.10,-56.36,-149.30,242.97,15.21,77,
4.70,-2.22,-1.09,-1.94,0.83,-0.29,-0.48,0.36,0.51,0.10,-56.29,-149.12,243.30,15.21,78,
4.81,-2.27,-1.44,-2.06,0.83,-0.28,-0.48,0.36,0.51,0.10,-56.29,-149.20,243.05,15.21,78,
5.02,-2.52,-1.41,-1.91,0.83,-0.28,-0.48,0.36,0.51,0.09,-56.43,-149.45,243.18,15.21,79,
5.44,-2.12,-1.27,-1.61,0.83,-0.29,-0.48,0.36,0.51,0.11,-56.30,-149.10,243.81,15.21,80,
5.45,-2.16,-1.44,-2.03,0.83,-0.29,-0.48,0.36,0.51,0.10,-56.20,-148.95,243.80,15.21,77,
5.48,-2.18,-1.45,-1.84,0.83,-0.28,-0.47,0.36,0.51,0.10,-56.60,-148.97,243.53,15.21,79,
5.50,-2.30,-1.32,-2.05,0.83,-0.29,-0.48,0.36,0.51,0.11,-56.09,-149.26,243.50,15.21,78,
5.60,-3.83,-1.69,-1.54,0.83,-0.28,-0.48,0.36,0.52,0.11,-56.25,-149.16,243.85,15.21,78,
5.72,-2.45,-1.27,-1.88,0.83,-0.29,-0.48,0.36,0.52,0.10,-56.31,-149.05,243.78,15.21,78,
5.87,19.98,-17.20,-6.83,1.43,-1.18,-0.51,0.36,0.51,0.11,-48.19,-113.25,243.69,10.14,255,
5.99,10.00,-8.27,-2.30,0.85,-0.50,-0.53,0.37,0.52,0.11,-49.09,-136.45,243.53,6.97,255,
6.11,39.96,55.53,-69.47,0.94,-0.50,-0.67,0.33,0.53,0.13,-48.52,-143.46,246.46,6.65,255,
6.24,-66.30,-1.48,15.46,0.82,-0.89,-0.72,0.32,0.54,0.13,-35.65,-129.02,248.08,5.07,255,
6.39,-221.43,-7.31,6.87,0.47,-0.97,-0.28,0.36,0.54,-0.03,-24.71,-106.36,244.54,12.67,255,
6.50,-170.30,-27.55,19.60,0.76,-0.47,-0.06,0.43,0.41,-0.21,-58.10,-97.39,231.92,32.95,255,
6.66,-88.44,12.10,24.76,0.97,-0.25,-0.02,0.47,0.25,-0.25,-75.60,-94.77,216.97,28.51,255,
6.79,-6.62,39.87,-14.14,0.98,-0.41,0.22,0.49,0.20,-0.22,-64.76,-62.21,211.09,29.47,255,
6.89,-30.74,17.52,-20.07,0.84,-0.17,0.12,0.50,0.18,-0.20,-76.07,-53.56,208.42,31.68,255,
7.02,-14.44,1.70,-6.38,1.01,-0.35,-0.15,0.51,0.19,-0.15,-69.22,-112.81,208.83,33.90,255,
7.15,-18.02,7.36,-13.97,0.88,-0.34,-0.04,0.52,0.18,-0.15,-68.74,-96.88,207.90,41.50,255,
7.31,-38.54,-20.43,-34.89,0.87,-0.50,0.02,0.51,0.16,-0.18,-59.87,-87.41,206.22,51.33,255,
7.44,-82.99,-49.83,-58.81,0.68,-0.41,0.18,0.50,0.17,-0.20,-56.52,-66.82,207.21,80.79,255,
7.57,-48.49,-24.72,-35.99,0.54,-0.35,0.41,0.48,0.19,-0.25,-45.28,-40.63,210.15,99.17,255,
7.68,-38.57,-115.58,-79.99,0.68,-0.31,0.51,0.45,0.21,-0.29,-48.57,-31.48,213.30,9.19,255,
7.80,77.88,-125.54,-87.64,0.21,-0.55,0.76,0.34,0.28,-0.38,-12.81,-36.15,228.50,41.19,255,
7.93,38.94,-46.59,-33.71,0.18,-0.58,0.40,0.23,0.43,-0.37,-14.22,-55.44,250.50,82.38,255,
8.09,17.69,-169.50,-99.64,-0.15,-0.72,0.15,0.05,0.49,-0.35,11.20,-78.23,272.31,19.01,255,
8.22,5.35,-108.40,-102.23,-0.58,-0.72,0.31,-0.19,0.49,-0.26,36.44,-67.02,299.84,7.92,255,
8.35,6.27,-81.89,-105.02,-0.89,-0.63,-0.26,-0.31,0.42,-0.19,52.66,-112.75,314.72,6.02,255,
8.48,-6.20,-15.57,-90.69,-1.10,-0.40,-0.09,-0.37,0.31,-0.13,69.61,-102.09,328.40,6.02,255,
8.60,-25.94,-22.94,-35.85,-0.87,-0.13,-0.11,-0.39,0.24,-0.11,78.48,-130.18,337.03,8.55,255,
8.72,28.49,8.37,-57.16,-1.18,-0.16,-0.15,-0.40,0.18,-0.09,79.28,-132.64,344.89,14.57,255,
8.87,23.30,8.67,-19.22,-1.02,0.00,-0.18,-0.39,0.16,-0.11,80.05,178.85,346.84,18.38,255,
8.99,57.51,-3.77,-2.72,-1.02,0.05,-0.06,-0.39,0.16,-0.12,85.63,137.22,346.85,24.08,132,
9.14,60.93,-0.45,-6.06,-1.02,0.06,-0.05,-0.39,0.18,-0.13,85.65,133.98,343.49,26.61,135,
9.25,129.15,1.70,9.57,-1.09,-0.02,0.08,-0.39,0.22,-0.13,85.95,-14.38,339.09,22.81,134,
9.37,122.84,17.32,-5.23,-1.02,0.10,-0.05,-0.38,0.30,-0.14,84.02,116.04,330.59,13.62,255,
9.52,84.88,16.96,-10.12,-0.88,0.00,-0.16,-0.37,0.35,-0.14,79.42,179.62,325.45,10.46,255,
9.64,84.27,15.60,-13.94,-1.01,0.08,0.05,-0.38,0.36,-0.09,84.47,58.46,325.51,8.24,180,
9.78,30.25,-17.86,-2.55,-0.97,0.05,0.06,-0.39,0.37,-0.06,85.64,41.40,325.20,9.82,103,
9.90,-3.90,-2.44,-7.48,-1.00,0.05,0.02,-0.39,0.35,-0.03,86.89,73.31,326.45,10.77,90,
10.04,16.44,-6.30,6.56,-1.01,0.02,-0.03,-0.40,0.36,-0.03,88.21,143.97,325.90,11.09,98,
10.17,33.98,0.51,8.03,-1.03,0.08,0.12,-0.39,0.38,-0.03,82.03,35.97,324.33,11.72,105,
10.30,22.15,0.31,9.59,-1.02,-0.01,0.02,-0.39,0.38,-0.02,88.49,-30.76,324.34,11.72,105,
10.43,9.91,-9.29,-2.93,-0.59,-0.00,0.01,-0.39,0.38,-0.01,88.64,-14.46,324.31,12.36,102,
10.56,30.53,-16.14,-7.04,-0.99,-0.03,0.00,-0.39,0.38,0.01,88.45,-82.02,324.24,12.99,100,
10.67,0.35,-18.03,8.10,-1.03,-0.00,0.04,-0.39,0.39,0.02,87.78,-6.25,324.08,13.31,100,
10.82,-2.21,-0.46,-1.44,-1.03,0.03,-0.03,-0.40,0.39,0.02,87.84,131.18,324.32,13.31,100,
10.94,-1.99,6.78,-4.70,-1.03,0.01,-0.04,-0.39,0.40,0.03,87.88,157.18,323.40,12.67,101,
11.06,-1.75,3.07,-0.84,-1.05,0.02,-0.00,-0.40,0.39,0.02,88.66,100.33,323.94,12.36,105,
11.21,-1.76,11.78,-2.21,-1.03,0.01,-0.02,-0.39,0.39,0.01,88.93,157.59,323.67,12.67,104,
11.32,-0.46,3.87,-1.91,-1.01,0.00,0.03,-0.40,0.39,0.01,88.41,9.65,324.00,12.99,107,
11.48,11.26,7.04,-3.34,-1.01,0.01,0.05,-0.40,0.40,-0.00,87.18,8.86,323.65,13.31,115,
11.58,24.55,-8.49,-1.11,-1.00,-0.00,0.04,-0.40,0.40,0.02,87.59,-0.58,323.77,13.94,126,
11.71,15.10,-3.20,-1.39,-1.01,-0.01,0.03,-0.40,0.39,0.03,88.09,-25.68,323.97,13.62,129,
11.85,20.16,-0.64,-4.79,-1.02,-0.00,0.03,-0.40,0.39,0.05,88.12,-3.56,324.50,13.62,117,
11.98,7.97,-2.84,-1.71,-1.01,0.00,0.03,-0.40,0.38,0.04,88.55,9.28,325.05,13.31,113,
12.12,6.50,-4.78,-1.37,-1.02,-0.02,0.03,-0.40,0.38,0.06,88.28,-31.53,325.14,12.99,114,
12.25,-1.97,-0.79,-2.11,-1.01,-0.00,0.02,-0.41,0.39,0.07,88.69,-11.76,324.89,12.36,115,
12.36,-1.85,-2.08,-1.89,-1.01,-0.01,0.03,-0.41,0.39,0.06,88.29,-11.17,324.73,12.67,109,
12.50,4.02,-3.66,0.06,-1.02,-0.02,-0.01,-0.41,0.39,0.07,89.04,-110.17,324.44,12.36,104,
12.65,52.18,0.19,-2.59,-1.01,0.01,0.01,-0.41,0.39,0.10,89.46,46.55,324.77,11.72,102,
12.75,10.24,0.01,-2.14,-1.05,-0.00,0.03,-0.40,0.38,0.08,88.23,-8.74,324.57,11.09,106,
12.90,5.14,-1.96,-1.30,-1.02,-0.02,0.04,-0.40,0.38,0.09,87.66,-32.59,325.09,10.77,107,
13.04,6.54,-1.20,-2.65,-1.02,-0.02,0.03,-0.40,0.38,0.10,87.90,-35.35,325.36,10.46,103,
13.13,36.07,-2.14,-3.59,-1.02,0.06,0.00,-0.39,0.35,0.11,86.80,86.26,326.86,10.14,106,
13.28,45.76,-2.39,-3.45,-1.02,0.03,0.02,-0.39,0.34,0.13,88.14,57.72,327.00,10.14,104,
13.43,4.52,-0.76,-1.79,-1.01,-0.01,0.02,-0.39,0.34,0.13,88.63,-32.60,327.69,10.14,106,
13.55,15.51,0.07,-2.50,-1.02,-0.01,0.02,-0.39,0.33,0.13,88.58,-27.00,328.10,9.82,91,
13.67,12.98,-1.37,-3.05,-1.02,-0.01,0.02,-0.38,0.31,0.14,88.67,-23.08,329.52,9.82,80,
13.80,5.47,-1.12,-2.12,-1.02,-0.02,0.03,-0.38,0.30,0.14,87.84,-27.14,330.66,9.82,80,
13.92,74.35,-1.86,-5.11,-0.99,-0.06,0.06,-0.39,0.29,0.15,84.94,-45.79,331.61,9.50,74,
14.05,37.23,-7.25,-0.99,-1.02,-0.00,0.01,-0.39,0.28,0.16,89.72,-1.40,332.76,9.19,74,
14.19,49.96,-7.41,-3.11,-1.03,-0.08,0.06,-0.38,0.25,0.18,84.69,-52.65,334.42,8.24,73,
14.33,6.91,-3.13,-1.44,-1.02,-0.03,-0.05,-0.38,0.25,0.18,86.60,-154.08,335.74,8.24,75,
14.44,19.62,3.20,-1.20,-1.01,-0.02,-0.01,-0.39,0.24,0.18,88.55,-102.36,336.76,8.24,75,
14.59,-1.79,-1.08,-1.53,-1.01,-0.00,-0.00,-0.40,0.24,0.19,89.85,-165.65,336.95,9.19,74,
14.69,-0.41,-1.27,-2.03,-1.03,0.41,-0.26,-0.40,0.26,0.19,64.67,122.70,335.86,9.50,76,
14.84,9.47,-3.02,-2.80,-1.03,-0.00,0.01,-0.41,0.24,0.19,89.46,-6.50,337.79,9.19,74,
14.96,56.80,3.98,-1.73,-1.02,0.01,-0.01,-0.40,0.22,0.19,89.36,132.85,339.94,9.50,74,
15.10,39.01,-1.19,-2.74,-1.02,0.03,-0.02,-0.40,0.21,0.19,88.24,121.50,340.80,9.82,75,
15.21,16.22,-3.57,-4.04,-1.03,0.01,-0.01,-0.40,0.19,0.18,89.31,150.26,343.53,10.46,74,
15.36,33.66,-4.34,-3.29,-1.01,-0.02,-0.01,-0.40,0.18,0.18,88.81,-109.01,344.86,12.04,74,
15.48,40.46,-4.09,-2.33,-1.02,0.02,-0.02,-0.41,0.16,0.17,88.55,140.19,346.61,14.57,74,
15.63,51.07,-0.07,-4.19,-1.02,-0.05,-0.02,-0.41,0.15,0.17,86.82,-106.26,348.73,17.11,72,
15.74,28.80,0.99,-3.42,-1.01,-0.01,-0.01,-0.40,0.14,0.16,89.23,-112.80,350.06,19.01,74,
15.89,16.77,-5.01,-2.77,-1.01,0.02,-0.01,-0.41,0.13,0.15,88.59,113.44,350.76,21.54,76,
16.01,20.43,1.85,-3.51,-1.01,0.01,0.00,-0.41,0.12,0.14,89.39,80.11,351.51,23.13,74,
16.13,21.30,-1.52,-2.63,-1.02,0.01,-0.02,-0.40,0.12,0.13,88.61,146.74,352.51,25.03,75,
16.26,40.05,-1.32,-3.22,-1.01,-0.00,-0.01,-0.40,0.10,0.12,89.37,-174.01,354.15,26.30,80,
16.40,29.45,-2.91,-3.45,-1.01,-0.00,-0.00,-0.41,0.10,0.10,89.77,-106.78,355.08,26.93,84,
16.52,-2.27,-2.15,-2.21,-1.02,0.00,-0.01,-0.41,0.09,0.11,89.15,169.10,355.87,26.61,83,
16.67,-2.92,-1.88,-2.42,-1.01,-0.00,0.03,-0.40,0.09,0.11,88.29,-5.33,355.85,25.35,83,
16.79,-0.20,-3.26,-2.71,-1.02,0.21,-0.08,-0.41,0.10,0.10,77.50,110.38,355.24,23.45,101,
16.91,8.02,-1.06,-2.20,-1.01,0.03,-0.03,-0.40,0.08,0.09,87.70,139.18,357.52,26.61,101,
17.04,51.65,0.40,-1.95,-1.01,-0.04,0.01,-0.40,0.07,0.08,87.77,-81.68,357.96,28.20,104,
17.20,49.87,-3.60,-2.53,-1.01,0.01,-0.01,-0.40,0.07,0.07,89.14,160.11,359.04,28.51,102,
17.31,8.11,-1.17,-1.54,-1.02,0.02,-0.01,-0.40,0.06,0.06,88.82,112.02,0.05,28.83,99,
17.43,96.60,-1.85,-3.63,-1.00,-0.08,0.03,-0.41,0.06,0.04,84.88,-69.67,359.86,28.83,98,
17.56,7.80,-0.36,-3.75,-0.99,0.06,-0.02,-0.41,0.06,0.01,86.23,110.92,0.75,28.83,95,
17.71,31.43,-0.99,-2.14,-1.01,0.08,-0.04,-0.40,0.06,0.01,84.96,117.41,0.33,28.51,96,
17.84,20.79,-2.53,-2.85,-1.02,0.02,-0.01,-0.40,0.06,-0.01,88.85,127.04,359.98,28.51,95,
17.95,3.96,-1.60,-2.35,-1.01,0.03,0.01,-0.40,0.06,-0.01,88.15,75.05,0.26,28.20,95,
18.10,21.80,-0.57,-1.84,-1.03,0.01,0.00,-0.39,0.07,-0.03,89.41,79.01,358.86,27.56,95,
18.21,18.20,-4.78,-3.01,-1.02,0.02,-0.00,-0.40,0.07,-0.04,88.75,100.08,359.08,27.25,97,
18.34,29.58,-0.01,-4.02,-1.00,0.01,0.03,-0.41,0.08,-0.05,87.99,15.25,358.04,27.25,95,
18.50,12.90,-3.12,-3.60,-1.02,0.02,0.00,-0.40,0.08,-0.06,88.68,86.86,357.71,26.93,95,
18.61,43.86,0.60,-0.10,-1.02,0.05,-0.01,-0.39,0.09,-0.07,87.36,100.82,355.85,26.61,97,
18.75,27.84,-2.55,-4.33,-1.03,0.03,0.02,-0.39,0.09,-0.10,87.88,60.07,355.46,26.30,100,
18.86,-1.93,-2.11,-1.41,-1.02,0.03,0.02,-0.39,0.10,-0.11,88.14,57.72,354.26,26.30,97,
19.01,-2.03,-3.86,-3.07,-1.02,0.01,0.02,-0.38,0.10,-0.11,88.84,21.39,353.87,26.61,102,
19.13,-2.57,2.09,-1.22,-1.03,0.01,0.10,-0.39,0.09,-0.11,84.63,5.26,355.81,25.98,101,
19.25,-1.59,-3.18,-2.08,-0.99,0.07,0.04,-0.39,0.10,-0.12,85.35,57.61,354.83,25.66,100,
19.39,31.22,-3.12,-2.56,-1.03,-0.02,0.04,-0.39,0.10,-0.11,87.44,-30.83,354.42,25.98,103,
19.51,17.76,-2.01,-3.04,-1.03,0.00,0.03,-0.40,0.11,-0.12,88.24,5.44,353.13,26.61,102,
19.66,46.79,-0.49,-1.35,-1.04,-0.01,-0.01,-0.39,0.11,-0.13,89.50,-136.08,352.35,26.61,103,
19.79,32.25,-2.09,-0.16,-1.00,0.01,-0.03,-0.39,0.13,-0.14,88.50,165.54,350.62,26.93,103,
19.92,22.53,-1.45,-1.71,-1.03,0.05,0.00,-0.39,0.15,-0.14,87.10,86.36,347.79,27.25,105,
20.04,25.94,-1.56,-3.28,-1.01,-0.02,0.02,-0.39,0.15,-0.14,88.34,-56.38,346.85,27.88,109,
20.17,4.76,-2.17,-2.18,-1.02,-0.01,0.01,-0.39,0.18,-0.16,89.23,-49.15,344.17,28.51,118,
20.30,9.59,-2.33,-2.60,-1.01,0.02,0.02,-0.38,0.18,-0.15,88.26,42.35,343.88,28.51,123,
20.42,23.39,-0.06,-2.89,-1.02,0.00,0.02,-0.39,0.19,-0.15,88.91,2.73,342.34,28.20,126,
20.55,9.73,-0.78,-3.36,-1.02,0.04,-0.01,-0.38,0.20,-0.15,87.60,106.83,340.20,27.25,125,
20.68,24.76,1.96,-2.49,-1.02,0.01,0.03,-0.38,0.22,-0.16,88.31,11.36,339.03,25.66,123,
20.81,-1.44,-3.23,-3.41,-1.02,0.00,0.01,-0.38,0.22,-0.16,89.64,35.79,338.68,25.98,125,
20.94,-1.63,-1.74,-2.85,-1.03,0.01,0.02,-0.39,0.22,-0.16,88.86,31.32,338.71,26.30,127,
21.07,-1.95,-1.48,-2.55,-1.03,-0.00,0.01,-0.39,0.24,-0.16,89.17,-12.73,337.57,26.30,126,
21.20,-0.65,1.01,-2.10,-1.02,0.02,0.03,-0.40,0.24,-0.16,88.13,35.63,337.61,25.98,127,
21.34,31.20,-5.06,-1.88,-1.03,0.02,-0.00,-0.40,0.26,-0.16,88.67,98.89,335.74,23.76,127,
21.46,27.00,-0.44,-3.19,-1.00,-0.02,0.03,-0.39,0.27,-0.16,87.58,-35.41,333.82,22.18,125,
21.59,31.87,-2.81,-2.95,-1.01,-0.01,0.02,-0.40,0.29,-0.15,88.56,-29.08,332.55,20.59,125,
21.72,67.17,-3.99,-2.12,-1.00,-0.08,0.04,-0.40,0.31,-0.15,84.90,-59.98,331.15,18.38,114,
21.86,43.04,-5.10,-3.48,-1.01,0.02,0.00,-0.40,0.32,-0.13,88.78,84.78,329.37,15.84,93,
21.99,36.88,-4.22,-2.13,-1.02,-0.03,-0.00,-0.41,0.35,-0.11,88.14,-91.59,328.08,13.31,61,
22.13,47.22,0.96,-1.79,-1.03,-0.09,-0.04,-0.40,0.36,-0.09,84.80,-113.45,326.66,11.09,51,
22.24,18.80,-0.28,-3.19,-1.04,-0.02,0.05,-0.40,0.37,-0.09,86.94,-22.80,325.73,9.82,52,
22.39,22.36,0.37,-1.97,-1.02,-0.03,0.02,-0.40,0.38,-0.08,87.81,-57.75,325.17,9.50,53,
22.52,39.71,-8.03,-2.92,-1.04,-0.02,-0.01,-0.40,0.39,-0.07,88.80,-126.81,324.47,9.19,57,
22.65,57.88,-4.29,-0.61,-1.02,-0.03,-0.03,-0.40,0.40,-0.05,87.29,-135.41,324.08,9.50,82,
22.79,41.68,-1.22,-0.58,-1.00,-0.05,0.01,-0.40,0.40,-0.02,87.23,-82.62,323.50,10.14,97,
22.90,14.57,-0.30,-2.44,-1.01,-0.04,0.00,-0.41,0.41,-0.01,87.96,-88.05,323.41,10.77,100,
23.02,3.01,-1.57,-1.53,-1.01,-0.01,-0.01,-0.41,0.41,-0.01,89.07,-144.54,323.72,11.09,99,
23.15,10.06,-0.52,-2.42,-1.05,-0.02,0.03,-0.41,0.41,-0.00,88.07,-33.33,323.01,11.72,98,
23.28,-1.74,-1.40,-2.23,-1.00,-0.05,-0.01,-0.40,0.41,0.02,87.39,-99.61,323.10,11.72,99,
23.41,-2.06,-1.12,-2.55,-1.02,-0.03,-0.00,-0.41,0.42,0.02,88.43,-94.41,322.85,11.72,100,
23.54,24.97,-1.41,-1.04,-1.01,0.03,0.05,-0.40,0.42,0.03,86.92,29.25,322.72,12.36,105,
23.68,14.22,-0.50,-4.47,-1.01,-0.08,0.04,-0.40,0.42,0.04,85.06,-61.81,322.56,12.67,110,
23.81,30.48,-3.01,1.26,-1.02,-0.02,0.01,-0.41,0.42,0.05,88.72,-72.87,322.62,12.99,112,
23.95,56.57,-6.76,2.07,-1.01,-0.06,-0.00,-0.41,0.43,0.07,86.39,-94.01,322.30,12.67,101,
24.08,9.33,-2.02,-3.57,-1.01,-0.08,-0.08,-0.40,0.42,0.09,83.78,-135.29,321.99,12.67,99,
24.19,25.60,-3.41,-2.61,-1.02,-0.06,-0.04,-0.41,0.42,0.09,85.98,-122.97,323.05,12.67,92,
24.34,16.89,-1.85,-3.15,-0.99,-0.04,0.01,-0.41,0.41,0.11,87.47,-71.54,323.39,12.04,94,
24.46,20.05,-1.01,-2.31,-1.02,-0.06,-0.04,-0.41,0.41,0.12,86.27,-123.63,323.57,11.72,93,
24.58,3.07,0.33,-3.09,-1.01,-0.05,-0.04,-0.41,0.40,0.12,86.52,-128.13,323.92,11.72,92,
24.73,-2.66,-1.73,-2.99,-1.03,-0.06,-0.04,-0.41,0.40,0.12,86.20,-123.39,324.05,11.41,92,
24.84,-2.71,-1.38,-3.75,-1.01,-0.06,-0.05,-0.40,0.39,0.13,85.72,-131.20,323.79,11.72,95,
24.97,-2.80,-1.52,-2.73,-1.01,-0.03,-0.03,-0.40,0.39,0.12,87.76,-139.25,324.44,11.72,93,
25.10,-2.35,-0.96,-2.87,-1.00,-0.05,-0.04,-0.39,0.39,0.12,86.24,-124.35,323.57,11.72,92,
25.24,-2.71,-5.47,-1.97,-1.02,-0.03,-0.05,-0.39,0.38,0.13,86.50,-148.09,324.21,11.72,90,
25.37,-3.03,-3.04,-5.21,-0.99,-0.05,-0.08,-0.39,0.38,0.13,84.63,-146.85,324.48,11.72,89,
25.50,-2.26,-2.59,-2.89,-0.99,-0.01,-0.07,-0.40,0.38,0.14,85.88,-174.88,324.38,11.41,89,
25.62,-3.15,1.66,0.98,-1.05,-0.07,-0.08,-0.39,0.38,0.13,83.84,-138.42,323.93,11.72,90,
25.75,-3.09,-4.64,3.39,-1.21,-0.02,-0.09,-0.39,0.37,0.14,85.39,-166.16,324.66,8.55,30,
25.88,-2.30,-1.03,-8.49,-1.03,0.12,-0.13,-0.39,0.37,0.14,80.52,136.84,324.48,1.90,29,
26.04,-2.43,13.16,1.22,-1.07,-0.06,-0.01,-0.38,0.37,0.13,86.72,-100.56,324.40,1.90,28,
26.16,-5.76,-41.38,5.24,-1.01,-0.13,-0.03,-0.38,0.38,0.12,82.52,-101.39,323.93,1.90,27,
26.27,-1.71,27.40,-2.26,-1.06,-0.06,-0.10,-0.39,0.37,0.13,83.51,-149.05,325.18,1.90,27,
26.40,-8.37,-72.15,33.17,-1.03,-0.12,-0.04,-0.39,0.38,0.12,83.08,-107.28,324.21,1.90,25,
26.53,-2.15,26.20,-12.07,-1.00,-0.01,0.01,-0.38,0.38,0.12,89.27,-66.66,324.07,1.90,26,
26.67,-2.47,-5.08,-4.13,-0.98,-0.04,-0.01,-0.39,0.38,0.11,87.78,-109.89,324.24,2.22,28,
26.79,-1.99,27.47,-11.45,-1.05,-0.01,-0.22,-0.38,0.38,0.13,78.11,-178.62,324.02,5.39,28,
26.93,1.28,-105.24,81.14,-0.49,0.69,0.23,-0.39,0.35,0.08,33.93,71.53,326.84,2.85,255,
27.05,-74.75,-23.37,-2.42,-1.14,0.09,-0.00,-0.36,0.39,0.10,85.67,91.98,321.02,1.27,255,
27.20,-133.63,-77.73,44.28,-1.00,-0.12,-0.31,-0.34,0.43,0.11,71.80,-158.43,316.64,1.90,255,
27.32,-137.48,-116.49,114.25,-0.99,-0.48,-0.41,-0.26,0.53,0.09,57.67,-130.87,304.76,5.07,255,
27.45,-99.74,-108.50,111.98,-0.55,-0.66,-0.42,-0.10,0.62,0.05,35.15,-122.60,288.12,4.75,255,
27.58,-82.82,-48.26,80.35,-0.33,-0.89,-0.39,0.03,0.65,-0.04,18.50,-113.44,275.79,5.70,255,
27.70,-65.32,-0.19,135.94,0.08,-0.66,0.39,0.25,0.59,-0.14,-5.93,-59.28,255.57,10.46,255,
27.86,-94.86,-4.66,125.63,0.68,-0.65,0.35,0.39,0.45,-0.19,-42.57,-61.93,237.48,32.63,255,
27.97,-107.70,8.20,71.34,0.74,-0.60,0.15,0.46,0.27,-0.23,-50.03,-75.94,219.14,47.21,255,
28.12,-96.26,0.16,62.04,1.06,0.04,0.39,0.48,0.12,-0.22,-69.69,5.33,202.83,72.87,255,
28.22,-43.63,-8.68,21.76,0.71,0.00,0.38,0.46,0.03,-0.21,-61.81,0.41,192.24,39.92,255,
28.38,-1.87,22.21,-2.39,1.03,0.04,0.10,0.45,-0.03,-0.18,-83.92,19.98,-175.57,52.28,255,
28.51,-87.80,90.75,55.03,1.15,0.13,0.34,0.44,-0.08,-0.11,-72.30,20.71,178.57,32.32,255,
28.63,-96.58,74.45,-43.65,0.95,0.13,0.05,0.45,-0.10,0.01,-81.87,68.78,175.98,11.72,255,
28.76,-218.15,-1.27,-31.31,1.03,-0.07,-0.07,0.48,-0.04,0.07,-84.59,-138.26,-176.34,20.59,39,
28.88,-114.10,110.70,67.53,0.98,0.21,-0.19,0.47,-0.03,0.17,-74.04,131.36,-175.30,7.60,18,
29.01,-35.63,5.59,9.41,0.86,0.48,-0.28,0.42,-0.06,0.22,-57.01,120.28,-178.93,0.95,17,
29.14,-57.68,-44.54,-8.67,0.86,0.35,-0.07,0.41,-0.03,0.24,-67.57,101.07,-175.60,0.32,18,
29.28,-61.80,5.84,-0.43,1.00,0.42,-0.21,0.41,-0.00,0.25,-64.99,116.66,-171.89,0.32,17,
29.40,9.91,8.98,27.35,1.00,0.35,-0.23,0.39,-0.01,0.26,-67.19,123.75,-173.38,0.32,17,
29.53,-23.60,20.36,32.37,0.96,0.43,-0.32,0.36,-0.04,0.27,-60.97,126.46,-177.32,0.32,17,
29.66,-48.59,-61.24,-10.75,1.32,0.36,0.23,0.35,-0.03,0.28,-72.11,57.86,-175.62,0.00,18,
29.79,-16.98,-37.06,13.88,1.37,0.27,-0.42,0.38,-0.00,0.28,-69.87,147.58,-171.80,0.32,18,
29.94,7.77,-17.26,18.48,0.75,0.34,-0.14,0.40,-0.01,0.25,-63.69,112.24,-173.31,0.63,19,
30.05,39.22,-6.38,21.35,2.00,0.33,-0.57,0.38,-0.04,0.25,-71.77,149.83,-178.08,0.95,29,
30.20,-0.35,-4.42,2.28,0.66,0.68,0.11,0.39,-0.06,0.23,-43.55,80.46,179.53,1.27,25,
30.33,-2.87,-16.74,-6.80,1.32,0.71,-0.26,0.37,-0.07,0.23,-60.22,109.91,178.13,1.90,31,
30.46,-17.07,4.81,13.88,0.74,0.43,-0.45,0.37,-0.08,0.24,-49.88,136.66,177.09,3.17,53,
30.57,-2.15,-1.71,-1.44,0.84,0.49,-0.06,0.36,-0.10,0.22,-59.53,97.32,172.59,3.80,52,
30.72,-1.92,-1.51,-1.73,0.84,0.50,-0.06,0.35,-0.11,0.21,-59.22,96.33,171.97,11.09,50,
30.83,-0.01,-1.44,-1.95,0.85,0.49,-0.05,0.35,-0.11,0.21,-60.03,95.85,171.78,18.38,51,
30.95,-2.03,-1.31,-1.94,0.85,0.49,-0.04,0.35,-0.10,0.21,-60.03,95.23,172.72,20.59,50,
31.09,-2.11,-1.44,-1.88,0.85,0.48,-0.04,0.36,-0.10,0.21,-60.30,95.17,172.76,21.23,52,
31.24,-2.11,-1.46,-1.86,0.85,0.48,-0.05,0.35,-0.10,0.21,-60.29,95.45,172.77,21.54,50,
31.36,-2.34,-1.38,-1.66,0.85,0.48,-0.05,0.35,-0.10,0.21,-60.06,95.45,172.20,22.50,54,
31.50,-2.35,-1.35,-1.91,0.85,0.48,-0.05,0.35,-0.10,0.22,-60.09,95.47,172.76,22.81,50,
31.62,-2.42,-1.68,-2.00,0.85,0.49,-0.04,0.35,-0.10,0.22,-60.01,95.26,173.16,22.81,53,
31.74,-2.29,-1.53,-1.71,0.85,0.49,-0.04,0.36,-0.09,0.21,-59.92,94.65,174.23,22.81,52,
31.87,-2.33,-1.59,-1.75,0.85,0.49,-0.05,0.35,-0.10,0.22,-59.88,95.38,173.12,22.81,53,
32.00,-2.44,-1.39,-1.50,0.84,0.49,-0.04,0.35,-0.09,0.21,-59.89,95.21,174.27,23.13,55,
32.12,-2.25,-1.52,-1.79,0.85,0.49,-0.04,0.35,-0.09,0.21,-59.89,95.22,174.03,23.13,52,
32.28,-2.44,-1.44,-1.79,0.85,0.49,-0.04,0.36,-0.09,0.21,-59.84,95.15,173.90,23.13,53,
32.40,-2.24,-1.51,-1.79,0.85,0.49,-0.05,0.35,-0.10,0.21,-59.72,95.47,173.53,23.13,50,
32.51,-2.25,-1.47,-2.05,0.85,0.49,-0.05,0.35,-0.10,0.22,-59.86,95.50,172.28,23.13,52,
32.65,-2.33,-1.50,-1.90,0.85,0.49,-0.06,0.36,-0.10,0.22,-59.71,96.93,172.40,23.13,52,
32.78,-2.27,-1.64,-1.76,0.85,0.49,-0.04,0.36,-0.10,0.22,-59.95,95.07,172.89,23.13,52,
32.93,-2.12,-1.53,-1.77,0.85,0.49,-0.05,0.36,-0.10,0.21,-59.92,95.68,173.14,23.13,51,
33.06,-2.26,-1.44,-1.74,0.85,0.49,-0.05,0.36,-0.10,0.21,-59.95,95.36,172.47,23.13,54,
33.18,-2.37,-1.32,-1.88,0.85,0.49,-0.05,0.35,-0.10,0.21,-59.73,95.64,172.96,23.13,51,
33.32,-2.53,-1.39,-1.88,0.85,0.49,-0.05,0.35,-0.10,0.22,-59.94,95.45,173.40,23.13,51,
33.44,-2.17,-1.53,-1.88,0.84,0.49,-0.05,0.36,-0.09,0.22,-59.90,95.36,173.76,23.13,52,
33.55,-2.40,-1.44,-1.78,0.84,0.49,-0.05,0.35,-0.09,0.22,-59.75,95.54,173.84,23.13,52,
33.70,-2.12,-1.57,-1.80,0.84,0.49,-0.05,0.35,-0.10,0.22,-59.85,95.58,172.95,23.13,52,
33.82,-2.24,-1.55,-1.63,0.85,0.49,-0.05,0.36,-0.10,0.22,-59.84,95.38,173.24,23.13,51,
33.95,-2.15,-1.42,-1.67,0.85,0.49,-0.05,0.36,-0.10,0.22,-59.94,95.35,173.04,23.13,53,
34.10,-2.22,-1.56,-1.73,0.84,0.49,-0.05,0.36,-0.10,0.22,-59.78,95.52,173.43,23.13,51,
34.23,-2.28,-1.62,-0.04,0.85,0.49,-0.05,0.36,-0.09,0.22,-59.83,95.26,174.25,23.13,53,
34.35,-2.09,-1.34,-1.68,0.85,0.49,-0.04,0.36,-0.09,0.22,-59.79,95.16,174.16,23.13,50,
34.46,-2.32,-1.49,-1.69,0.85,0.49,-0.05,0.35,-0.09,0.22,-59.89,95.45,173.64,23.13,51,
34.61,-2.36,-1.48,-1.76,0.85,0.49,-0.05,0.36,-0.10,0.22,-59.90,95.57,172.65,23.13,53,
34.73,-2.34,-1.49,-1.70,0.85,0.49,-0.04,0.35,-0.10,0.22,-59.84,94.81,173.07,23.13,50,
34.88,-2.50,-1.41,-1.70,0.85,0.49,-0.05,0.36,-0.10,0.21,-59.85,95.44,172.99,23.13,53,
35.00,-2.30,-1.64,-1.76,0.85,0.49,-0.04,0.35,-0.10,0.21,-59.96,95.12,172.96,23.13,51,
35.11,-2.27,-1.59,-1.82,0.85,0.49,-0.04,0.35,-0.10,0.22,-59.86,95.12,173.07,23.13,51,
35.27,-2.27,-1.50,-1.80,0.85,0.49,-0.05,0.35,-0.10,0.21,-59.87,95.75,172.83,23.13,51,
35.38,-2.28,-1.42,-1.61,0.85,0.49,-0.05,0.35,-0.10,0.25,-59.92,95.53,172.95,23.13,50,
35.53,-2.27,-1.34,-1.76,0.85,0.49,-0.04,0.36,-0.09,0.22,-59.95,95.24,173.95,23.13,50,
35.65,-2.43,-1.34,-1.94,0.85,0.49,-0.05,0.36,-0.10,0.22,-59.91,95.63,172.97,23.13,54,
35.77,-2.26,-1.36,-1.69,0.84,0.49,-0.04,0.35,-0.10,0.22,-59.76,95.24,173.35,23.13,50,
35.92,-2.30,-1.72,-1.77,0.85,0.49,-0.04,0.36,-0.10,0.22,-59.84,95.18,173.19,23.13,53,
36.05,-2.23,-1.58,-1.50,0.85,0.49,-0.05,0.36,-0.10,0.22,-59.84,95.35,173.10,23.13,52,
36.17,-2.38,-1.37,-1.78,0.84,0.49,-0.05,0.36,-0.09,0.22,-59.88,95.35,173.82,23.13,53,
36.28,-2.20,-1.56,-1.73,0.85,0.49,-0.04,0.36,-0.09,0.22,-59.87,95.09,173.82,23.13,53,
36.43,-2.47,-1.43,-1.64,0.85,0.49,-0.04,0.35,-0.10,0.22,-60.03,95.16,172.87,23.13,51,
36.55,-2.20,-1.26,-1.75,0.85,0.49,-0.05,0.35,-0.10,0.22,-59.82,95.30,172.82,23.13,54,
36.70,-2.52,-1.47,-1.98,0.85,0.49,-0.05,0.35,-0.10,0.22,-59.93,95.42,173.29,23.13,51,
36.82,-2.35,-1.55,-1.90,0.85,0.49,-0.04,0.35,-0.10,0.22,-59.93,95.20,173.17,23.13,51,
36.93,-2.36,-1.67,-1.81,0.85,0.49,-0.04,0.36,-0.10,0.22,-59.76,95.11,172.34,23.13,54,
37.08,-2.21,-1.32,-1.67,0.85,0.49,-0.05,0.35,-0.10,0.21,-59.84,95.47,172.38,23.13,52,
37.21,-2.42,-1.77,-1.50,0.84,0.49,-0.05,0.35,-0.10,0.22,-59.87,95.31,173.05,23.13,52,
37.33,-2.11,-1.39,-1.57,0.85,0.49,-0.04,0.36,-0.10,0.22,-60.01,95.13,173.59,23.13,51,
37.45,-2.40,-1.59,-2.02,0.84,0.49,-0.05,0.35,-0.09,0.21,-59.78,95.69,173.63,23.13,53,
37.60,-2.42,-1.42,-1.84,0.85,0.49,-0.05,0.35,-0.10,0.23,-59.87,95.33,173.19,23.13,50,
37.71,-2.42,-1.51,-0.10,0.84,0.49,-0.05,0.36,-0.10,0.22,-59.83,95.41,172.86,23.13,51,
37.84,-2.21,-1.53,-1.62,0.85,0.49,-0.04,0.35,-0.10,0.22,-59.98,95.21,173.45,23.13,49,
38.00,-2.27,-1.50,-1.83,0.85,0.49,-0.04,0.35,-0.09,0.21,-59.87,95.22,173.70,23.13,53,
38.12,-2.37,-1.35,-1.65,0.85,0.49,-0.05,0.36,-0.09,0.22,-59.79,95.38,174.10,23.13,49,
38.25,-2.30,-1.68,-1.85,0.84,0.49,-0.05,0.35,-0.09,0.22,-59.83,95.46,173.96,23.13,52,
38.37,-2.20,-1.50,-1.83,0.84,0.49,-0.05,0.36,-0.10,0.22,-59.84,95.27,173.30,23.13,51,
38.49,-2.23,-1.37,-1.64,0.85,0.49,-0.05,0.36,-0.10,0.22,-59.87,95.40,172.42,23.13,50,
38.64,-2.21,-1.56,-1.68,0.85,0.49,-0.05,0.36,-0.10,0.21,-59.73,95.51,173.01,23.13,52,
38.78,-2.33,-1.59,-1.71,0.84,0.49,-0.05,0.35,-0.10,0.21,-59.72,95.57,172.88,23.13,52,
38.89,-2.33,-1.41,-1.85,0.85,0.49,-0.04,0.36,-0.10,0.21,-59.86,95.15,172.66,23.13,51,
39.01,-2.17,-1.59,-1.71,0.84,0.49,-0.05,0.36,-0.10,0.21,-59.79,95.37,172.55,23.13,52,
39.17,-2.32,-1.66,-1.88,0.85,0.49,-0.05,0.36,-0.10,0.21,-59.92,95.33,172.54,23.13,52,
39.28,-2.52,-1.43,-1.91,0.83,0.49,-0.05,0.35,-0.10,0.21,-59.32,95.74,172.31,23.13,53,
39.43,-2.41,-1.61,-1.87,0.85,0.49,-0.05,0.35,-0.10,0.21,-60.03,95.37,173.48,23.13,51,
39.55,-2.29,-1.47,-1.64,0.85,0.49,-0.05,0.35,-0.10,0.22,-59.91,95.68,173.48,23.13,53,
39.66,-2.13,-1.52,-1.73,0.85,0.49,-0.05,0.36,-0.09,0.22,-59.76,95.57,173.91,23.13,53,
39.81,-2.52,-1.56,-1.77,0.85,0.49,-0.05,0.36,-0.10,0.22,-59.80,95.60,173.01,23.13,51,
39.95,-2.24,-1.64,-1.81,0.84,0.49,-0.05,0.36,-0.09,0.22,-59.74,95.30,173.87,23.13,52,
