2017-01-30-20-04-03
0
ophthalmoscope
D
0.00,255,
0.00,-0.47,-0.70,0.14,0.86,0.24,0.41,0.39,-0.19,-0.07,-61.07,30.37,162.06,24.71,255,
0.01,-0.61,-0.55,0.19,0.86,0.24,0.41,0.38,-0.20,-0.08,-61.28,30.16,160.95,24.71,255,
0.02,-0.67,-0.72,0.07,0.85,0.24,0.41,0.39,-0.20,-0.08,-61.09,30.30,161.55,24.71,255,
0.03,-0.40,-0.87,0.10,0.86,0.24,0.41,0.39,-0.20,-0.08,-61.14,30.59,160.84,24.71,255,
0.04,-0.46,-0.73,0.16,0.85,0.23,0.40,0.38,-0.19,-0.08,-61.44,30.23,161.91,24.71,255,
0.15,-0.62,-0.80,0.24,0.85,0.23,0.40,0.39,-0.20,-0.08,-61.37,30.08,161.15,24.71,255,
0.26,-0.67,-0.82,0.10,0.86,0.24,0.41,0.38,-0.20,-0.08,-61.15,29.90,160.70,24.71,255,
0.42,-0.52,-0.65,0.04,0.86,0.24,0.41,0.39,-0.20,-0.07,-61.21,30.08,161.58,24.71,255,
0.54,-0.60,-0.95,0.06,0.85,0.24,0.41,0.38,-0.20,-0.08,-61.04,30.16,161.50,24.71,255,
0.65,-0.46,-0.85,0.21,0.85,0.24,0.41,0.39,-0.20,-0.08,-61.05,30.03,161.52,24.71,255,
0.79,-0.64,-0.64,0.14,0.85,0.24,0.41,0.38,-0.20,-0.08,-61.17,30.30,161.24,24.71,255,
0.90,-0.73,-0.59,0.10,0.85,0.24,0.39,0.39,-0.20,-0.08,-61.70,30.82,160.90,24.71,255,
1.06,-0.19,-0.69,0.13,0.85,0.24,0.41,0.39,-0.20,-0.07,-60.91,29.64,161.45,24.40,255,
1.17,-0.73,-0.93,0.13,0.85,0.25,0.41,0.39,-0.20,-0.08,-60.62,30.98,161.96,24.40,255,
1.29,-0.51,-0.72,0.16,0.86,0.24,0.39,0.39,-0.21,-0.08,-61.75,31.31,160.82,24.40,255,
1.45,-0.49,-0.63,0.10,0.85,0.24,0.41,0.39,-0.20,-0.09,-60.90,30.51,161.06,24.40,255,
1.56,-0.68,-0.77,0.16,0.85,0.24,0.40,0.39,-0.20,-0.08,-61.43,30.48,161.42,24.40,255,
1.71,-0.61,-0.79,0.10,0.86,0.24,0.40,0.39,-0.21,-0.08,-61.65,30.86,160.82,24.40,255,
1.82,-0.51,-0.81,0.16,0.85,0.24,0.41,0.39,-0.20,-0.08,-60.91,30.18,161.47,24.08,255,
1.97,-0.65,-0.65,0.16,0.86,0.24,0.41,0.39,-0.20,-0.08,-61.29,30.15,161.72,23.76,255,
2.09,-0.38,-0.65,0.14,0.86,0.23,0.44,0.38,-0.19,-0.08,-59.95,28.25,162.01,23.76,255,
2.23,-0.45,-0.75,0.09,0.85,0.24,0.42,0.39,-0.20,-0.08,-60.67,29.84,161.41,23.76,255,
2.36,-0.64,-0.70,0.16,0.86,0.24,0.40,0.39,-0.20,-0.08,-61.37,30.82,161.22,23.45,255,
2.47,-0.52,-0.93,0.17,0.85,0.24,0.41,0.39,-0.20,-0.07,-61.14,30.46,161.59,23.45,255,
2.61,-0.87,-0.81,0.03,0.86,0.24,0.40,0.38,-0.20,-0.07,-61.23,30.57,160.92,23.13,255,
2.73,-0.67,-0.78,0.08,0.85,0.24,0.41,0.38,-0.21,-0.07,-61.04,30.31,160.36,23.13,255,
2.86,-0.60,-0.91,0.18,0.86,0.24,0.42,0.39,-0.20,-0.07,-60.49,29.36,161.63,23.13,255,
3.01,-0.53,-0.83,-0.01,0.86,0.24,0.41,0.39,-0.20,-0.07,-61.24,30.23,160.91,23.13,255,
3.12,-0.40,-0.64,0.22,0.86,0.24,0.40,0.39,-0.20,-0.07,-61.26,30.48,161.76,23.45,255,
3.27,-0.54,-0.88,0.13,0.85,0.24,0.41,0.39,-0.20,-0.07,-61.00,30.27,160.78,23.45,255,
3.39,-0.43,-0.86,0.11,0.86,0.24,0.41,0.39,-0.20,-0.08,-61.25,30.24,161.77,23.45,255,
3.54,-0.63,-0.80,0.06,0.85,0.23,0.41,0.39,-0.20,-0.08,-61.12,29.96,161.73,23.76,255,
3.66,-0.52,-0.64,-1.91,0.85,0.24,0.41,0.39,-0.20,-0.07,-61.18,30.26,160.82,23.45,255,
3.78,-0.61,-0.87,0.07,0.86,0.24,0.39,0.38,-0.20,-0.07,-61.89,31.10,160.98,23.45,255,
3.90,-0.46,-0.78,0.16,0.85,0.24,0.40,0.39,-0.20,-0.07,-61.19,30.79,161.35,23.45,255,
4.05,-0.24,-0.71,0.04,0.86,0.24,0.41,0.40,-0.20,-0.07,-61.17,30.30,162.30,23.45,255,
4.17,-0.72,-0.91,0.10,0.85,0.24,0.41,0.39,-0.19,-0.08,-61.02,30.30,161.91,23.45,255,
4.28,-0.43,-0.76,0.27,0.85,0.24,0.41,0.39,-0.20,-0.07,-61.17,30.20,161.57,23.45,255,
4.44,-0.49,-0.70,0.01,0.85,0.24,0.41,0.39,-0.20,-0.06,-61.10,30.47,161.83,23.45,255,
4.55,-0.53,-0.90,-0.01,0.86,0.24,0.41,0.39,-0.20,-0.07,-61.27,30.32,161.16,23.45,255,
4.70,-0.40,-0.67,0.04,0.86,0.24,0.41,0.39,-0.20,-0.08,-61.26,30.06,161.39,23.76,255,
4.81,-0.34,-0.62,0.11,0.85,0.24,0.41,0.39,-0.20,-0.08,-61.02,30.06,161.04,23.76,255,
5.02,-0.73,-0.81,0.04,0.86,0.24,0.40,0.39,-0.20,-0.08,-61.27,30.48,161.13,23.45,255,
5.44,-0.64,-0.59,0.13,0.85,0.24,0.41,0.39,-0.20,-0.08,-61.00,30.08,161.28,16.79,255,
5.45,-0.66,-0.76,0.07,0.86,0.24,0.41,0.39,-0.20,-0.08,-61.12,30.02,161.46,4.75,100,
5.48,-0.63,-0.88,0.29,0.86,0.24,0.41,0.39,-0.20,-0.07,-61.13,30.01,161.22,5.70,94,
5.50,-0.66,-1.02,0.18,0.83,0.23,0.41,0.38,-0.20,-0.08,-60.26,29.57,160.51,6.65,68,
5.60,-0.33,-0.81,0.16,0.85,0.23,0.41,0.39,-0.21,-0.07,-61.13,29.92,160.91,7.92,65,
5.72,-0.46,-1.47,0.29,0.86,0.24,0.41,0.39,-0.20,-0.08,-61.01,30.53,161.03,8.55,82,
5.87,-0.59,-0.68,0.05,0.85,0.23,0.42,0.40,-0.20,-0.07,-60.68,29.08,161.29,8.55,93,
5.99,-0.68,-0.87,0.12,0.86,0.24,0.41,0.39,-0.20,-0.08,-61.18,30.30,161.29,8.55,92,
6.11,-0.61,-0.88,0.20,0.85,0.24,0.41,0.39,-0.20,-0.08,-60.97,30.53,161.09,8.55,97,
6.24,-0.54,-0.73,0.19,0.86,0.24,0.41,0.39,-0.21,-0.08,-61.03,30.32,160.45,8.55,97,
6.39,-0.39,-0.81,0.18,0.86,0.24,0.41,0.38,-0.21,-0.08,-61.18,30.59,160.47,8.55,96,
6.50,-0.55,-0.76,0.07,0.86,0.24,0.41,0.39,-0.21,-0.08,-60.93,30.39,160.40,8.55,93,
6.66,-0.36,-0.84,0.11,0.85,0.24,0.41,0.39,-0.20,-0.09,-61.00,29.84,161.11,8.55,93,
6.79,-0.37,-0.73,-0.01,0.85,0.24,0.41,0.39,-0.20,-0.08,-61.11,30.13,161.19,8.55,93,
6.89,-0.58,-0.87,0.08,0.85,0.23,0.41,0.39,-0.20,-0.09,-61.01,29.94,161.37,8.55,99,
7.02,-0.55,-0.96,0.24,0.84,0.24,0.40,0.39,-0.20,-0.08,-61.16,30.78,161.02,8.55,97,
7.15,-0.73,-0.79,0.24,0.85,0.24,0.41,0.39,-0.20,-0.08,-61.09,30.41,161.16,8.55,100,
7.31,-0.70,-0.81,0.03,0.85,0.24,0.41,0.39,-0.20,-0.07,-61.03,30.34,161.74,8.87,99,
7.44,-0.60,-0.65,0.13,0.86,0.24,0.40,0.39,-0.20,-0.08,-61.29,30.45,161.71,8.87,102,
7.57,-0.43,-0.91,0.16,0.85,0.24,0.40,0.39,-0.20,-0.08,-61.22,30.59,161.46,8.87,102,
7.68,-0.68,-0.61,0.06,0.85,0.24,0.41,0.39,-0.20,-0.07,-61.13,30.41,161.66,8.87,101,
7.80,-0.55,-0.99,0.04,0.86,0.24,0.41,0.39,-0.20,-0.08,-61.16,30.10,161.33,8.87,105,
7.93,-0.53,-0.61,0.07,0.85,0.24,0.41,0.39,-0.20,-0.08,-61.04,30.12,161.44,8.87,103,
8.09,-0.49,-0.84,0.08,0.85,0.23,0.41,0.39,-0.20,-0.08,-61.20,29.94,160.76,8.87,100,
8.22,-0.58,-0.90,0.16,0.85,0.24,0.41,0.39,-0.21,-0.08,-61.02,29.90,160.56,8.87,100,
8.35,-0.71,-0.54,0.02,0.86,0.24,0.41,0.38,-0.20,-0.07,-61.25,30.16,160.82,8.87,105,
8.48,-0.54,-0.52,0.09,0.85,0.24,0.40,0.39,-0.21,-0.08,-61.20,30.32,160.42,8.87,104,
8.60,-0.84,-0.64,0.07,0.85,0.24,0.41,0.39,-0.20,-0.08,-61.15,30.14,160.94,8.87,104,
8.72,-0.43,-0.68,0.10,0.85,0.24,0.41,0.39,-0.21,-0.08,-61.05,30.20,160.26,8.87,109,
8.87,-0.65,-1.04,0.25,0.86,0.24,0.41,0.38,-0.21,-0.08,-61.15,30.17,160.30,8.87,105,
8.99,-0.31,-0.68,0.10,0.86,0.24,0.41,0.38,-0.21,-0.08,-61.10,29.97,160.31,8.87,104,
9.14,-0.64,-0.88,0.04,0.85,0.24,0.41,0.39,-0.21,-0.07,-61.06,30.24,160.82,8.87,102,
9.25,-0.34,-0.84,0.22,0.85,0.23,0.41,0.38,-0.20,-0.08,-61.12,29.85,160.37,8.87,112,
9.37,-0.29,-0.70,0.07,0.85,0.24,0.41,0.39,-0.20,-0.09,-60.92,30.37,161.30,8.87,100,
9.52,-0.64,-0.66,0.13,0.86,0.24,0.41,0.39,-0.20,-0.07,-60.98,30.31,160.75,8.87,105,
9.64,-0.46,-0.58,0.01,0.85,0.24,0.41,0.39,-0.20,-0.07,-61.05,30.47,160.99,9.19,111,
9.78,1.73,-1.78,-1.62,0.90,-0.74,-0.40,0.39,-0.20,-0.08,-46.69,-118.36,160.99,9.50,255,
9.90,-0.46,-0.52,-0.53,0.79,0.16,2.00,0.39,-0.19,-0.08,-21.53,4.71,161.80,13.94,255,
10.04,-0.85,0.24,0.04,0.83,0.24,0.42,0.39,-0.21,-0.08,-59.63,29.47,160.53,18.38,255,
10.17,-0.46,-0.34,0.11,0.87,0.23,0.41,0.38,-0.20,-0.07,-61.65,28.94,161.62,18.38,255,
10.30,-0.55,-0.42,0.04,0.85,0.23,0.41,0.39,-0.20,-0.08,-61.20,29.37,161.46,21.23,255,
10.43,-0.68,-0.38,-0.07,0.86,0.23,0.41,0.39,-0.20,-0.07,-61.39,29.47,161.56,22.18,255,
10.56,-0.34,-0.37,-0.03,0.86,0.23,0.41,0.39,-0.20,-0.07,-61.36,29.40,161.81,22.50,255,
10.67,-0.34,-0.84,0.12,0.85,0.23,0.41,0.39,-0.20,-0.08,-61.33,29.18,161.64,23.13,255,
10.82,-0.70,-0.65,0.19,0.86,0.23,0.40,0.39,-0.20,-0.08,-61.49,29.64,161.73,23.76,255,
10.94,-0.66,-0.55,0.06,0.85,0.23,0.41,0.39,-0.20,-0.08,-61.08,29.58,162.06,24.08,255,
11.06,-0.41,-0.82,0.16,0.85,0.25,0.41,0.39,-0.20,-0.08,-60.89,31.34,161.70,24.08,255,
11.21,-0.36,-0.74,0.10,0.84,0.24,0.43,0.38,-0.20,-0.08,-59.78,28.63,160.55,24.08,255,
11.32,-0.77,-0.84,0.14,0.86,0.24,0.41,0.39,-0.20,-0.08,-60.77,30.31,161.58,24.08,255,
11.48,-0.42,-0.66,0.06,0.85,0.24,0.41,0.39,-0.21,-0.08,-60.99,30.16,160.44,24.08,255,
11.58,-0.51,-0.58,0.07,0.85,0.23,0.41,0.39,-0.20,-0.08,-61.03,29.50,161.25,24.08,255,
11.71,-0.73,-0.73,0.08,0.86,0.23,0.41,0.39,-0.20,-0.08,-61.32,29.71,161.98,24.08,255,
11.85,-0.58,-0.81,0.03,0.86,0.24,0.41,0.39,-0.20,-0.08,-61.12,30.58,161.51,24.40,255,
11.98,-0.77,-0.43,-0.03,0.85,0.23,0.41,0.39,-0.20,-0.08,-61.21,29.45,162.06,24.40,255,
12.12,-0.64,-0.84,0.07,0.85,0.23,0.41,0.39,-0.20,-0.09,-61.17,29.54,161.91,24.40,255,
12.25,-0.71,-0.73,0.01,0.86,0.23,0.41,0.39,-0.20,-0.08,-61.33,29.35,161.45,24.40,255,
12.36,-0.79,-0.46,0.20,0.86,0.23,0.41,0.39,-0.20,-0.08,-61.50,29.46,161.95,24.40,255,
12.50,-0.76,-0.89,0.04,0.85,0.23,0.41,0.39,-0.20,-0.07,-61.21,29.64,161.72,24.40,255,
12.65,-0.37,-0.78,0.15,0.85,0.23,0.41,0.38,-0.20,-0.08,-61.03,29.31,161.57,24.40,255,
12.75,-0.55,-0.90,0.12,0.85,0.23,0.41,0.39,-0.19,-0.08,-61.12,29.21,161.99,24.40,255,
12.90,-0.80,-0.64,0.10,0.86,0.23,0.41,0.39,-0.20,-0.08,-61.12,29.45,161.65,24.40,255,
13.04,-0.59,-0.83,0.12,0.85,0.23,0.41,0.39,-0.20,-0.08,-61.16,29.50,161.50,24.40,255,
13.13,-0.66,-0.61,0.07,0.85,0.23,0.41,0.39,-0.20,-0.08,-61.18,29.98,161.51,24.40,255,
13.28,-0.56,-0.73,0.18,0.85,0.23,0.41,0.39,-0.20,-0.09,-61.01,29.40,161.50,24.40,255,
13.43,-0.93,-0.67,0.04,0.86,0.23,0.41,0.38,-0.20,-0.09,-61.17,29.50,160.73,24.40,255,
13.55,-0.70,-0.81,0.28,0.85,0.23,0.41,0.38,-0.19,-0.09,-61.10,29.74,161.62,24.40,255,
13.67,-0.43,-0.81,0.19,0.85,0.23,0.41,0.39,-0.20,-0.09,-61.04,29.43,161.26,24.40,255,
13.80,-0.66,-0.54,0.22,0.85,0.23,0.41,0.38,-0.20,-0.08,-61.09,29.59,161.40,24.40,255,
13.92,-0.60,-0.77,0.09,0.86,0.23,0.41,0.39,-0.19,-0.08,-61.25,29.34,162.07,24.40,255,
14.05,-0.60,-0.77,0.07,0.86,0.23,0.41,0.39,-0.19,-0.08,-61.36,29.77,162.10,24.40,255,
14.19,-0.62,-0.69,0.13,0.86,0.23,0.41,0.39,-0.20,-0.08,-61.20,29.33,161.23,24.40,255,
14.33,-0.59,-0.70,0.05,0.85,0.23,0.42,0.39,-0.20,-0.07,-60.63,29.24,162.02,24.40,255,
14.44,-0.52,-0.59,0.01,0.84,0.23,0.42,0.39,-0.20,-0.08,-60.56,28.79,161.51,24.40,255,
14.59,-0.49,-0.70,0.10,0.85,0.23,0.41,0.39,-0.20,-0.07,-60.99,28.72,161.62,24.40,255,
14.69,-0.48,-0.72,0.13,0.85,0.23,0.41,0.39,-0.19,-0.07,-61.19,28.91,162.07,24.40,255,
14.84,-0.66,-0.64,0.10,0.85,0.23,0.41,0.39,-0.20,-0.08,-61.33,29.25,161.62,24.40,255,
14.96,-0.37,-0.74,0.18,0.86,0.23,0.41,0.39,-0.19,-0.07,-61.38,29.69,162.17,24.40,255,
15.10,-0.95,-0.76,0.05,0.86,0.23,0.41,0.39,-0.20,-0.07,-61.40,29.27,160.86,24.40,255,
15.21,-0.76,-0.67,0.04,0.85,0.23,0.40,0.39,-0.20,-0.08,-61.43,29.52,161.58,24.40,255,
15.36,-0.47,-0.99,0.25,0.85,0.23,0.41,0.39,-0.20,-0.08,-61.08,29.18,161.72,24.40,255,
15.48,-0.49,-0.74,0.12,0.85,0.23,0.41,0.39,-0.20,-0.08,-61.08,29.48,161.90,24.40,255,
15.63,-0.51,-1.11,0.20,0.85,0.23,0.41,0.39,-0.20,-0.08,-60.87,29.58,161.35,24.40,255,
15.74,-0.35,-0.76,0.11,0.86,0.23,0.41,0.39,-0.20,-0.08,-61.11,29.54,162.10,24.40,255,
15.89,-0.32,-0.79,0.21,0.85,0.23,0.41,0.39,-0.19,-0.08,-60.86,29.35,162.20,24.40,255,
16.01,-0.47,-0.61,0.27,0.86,0.23,0.41,0.38,-0.19,-0.08,-61.38,29.62,161.90,24.40,255,
16.13,-0.67,-0.76,0.27,0.85,0.23,0.41,0.39,-0.20,-0.08,-61.14,29.68,162.10,24.40,255,
16.26,-0.48,-0.80,0.13,0.85,0.23,0.42,0.39,-0.19,-0.08,-60.63,28.84,162.44,24.40,255,
16.40,-0.47,-0.74,0.27,0.85,0.23,0.41,0.39,-0.20,-0.08,-61.21,29.60,161.58,24.40,255,
16.52,-0.52,-0.97,0.20,0.86,0.23,0.41,0.39,-0.19,-0.08,-61.45,29.15,162.45,24.40,255,
16.67,-0.46,-0.76,0.11,0.86,0.23,0.41,0.39,-0.19,-0.07,-61.34,29.44,162.33,24.40,255,
16.79,-0.72,-0.62,0.37,0.85,0.23,0.41,0.39,-0.20,-0.07,-61.24,29.62,161.97,24.40,255,
16.91,-0.60,-0.92,0.11,0.86,0.23,0.41,0.39,-0.20,-0.08,-61.16,29.64,161.78,24.40,255,
17.04,-0.76,-0.82,0.13,0.85,0.23,0.41,0.39,-0.20,-0.08,-61.03,29.61,162.02,24.40,255,
17.20,-0.53,-0.83,0.13,0.86,0.23,0.41,0.39,-0.19,-0.08,-61.19,29.47,162.59,24.40,255,
17.31,-0.67,-0.81,0.16,0.85,0.24,0.41,0.39,-0.20,-0.08,-61.04,29.88,161.90,24.40,255,
17.43,-0.61,-0.94,0.13,0.86,0.23,0.41,0.39,-0.19,-0.08,-61.15,29.78,162.73,24.40,255,
17.56,-0.43,-0.62,0.13,0.85,0.23,0.41,0.39,-0.20,-0.08,-61.21,29.86,161.78,24.40,255,
17.71,-0.64,-0.79,0.25,0.85,0.23,0.41,0.39,-0.19,-0.07,-61.08,29.21,163.03,24.40,255,
17.84,-0.51,-0.84,0.15,0.85,0.23,0.41,0.39,-0.19,-0.08,-61.03,29.41,162.45,24.40,255,
17.95,-0.26,-0.81,0.22,0.85,0.23,0.41,0.39,-0.19,-0.07,-61.27,29.08,162.94,24.40,255,
18.10,-0.57,-0.73,0.16,0.85,0.23,0.41,0.39,-0.19,-0.08,-61.08,29.59,162.44,24.40,255,
18.21,-0.79,-0.93,0.06,0.85,0.23,0.41,0.39,-0.19,-0.08,-61.03,29.72,163.01,24.40,255,
18.34,-0.84,-0.79,0.26,0.85,0.23,0.42,0.39,-0.19,-0.08,-60.76,29.25,162.57,24.40,255,
18.50,-0.55,-0.79,-0.01,0.86,0.23,0.41,0.39,-0.19,-0.08,-61.32,29.54,162.20,24.40,255,
18.61,-0.57,-0.88,0.16,0.86,0.23,0.41,0.39,-0.19,-0.08,-61.28,29.81,162.80,24.40,255,
18.75,-0.50,-0.90,0.07,0.85,0.23,0.41,0.39,-0.19,-0.08,-60.99,29.26,162.14,24.40,255,
18.86,-0.40,-0.79,0.18,0.85,0.23,0.41,0.39,-0.20,-0.08,-61.26,29.72,161.93,24.40,255,
19.01,-0.67,-0.73,0.16,0.85,0.23,0.41,0.39,-0.19,-0.08,-61.18,29.55,162.43,24.40,255,
19.13,-0.67,-0.74,0.06,0.85,0.23,0.41,0.39,-0.20,-0.08,-61.07,29.64,161.63,24.40,255,
19.25,-0.60,-0.82,-0.02,0.85,0.23,0.41,0.39,-0.19,-0.08,-61.26,29.61,162.28,24.40,255,
19.39,-0.63,-0.73,0.12,0.85,0.23,0.41,0.39,-0.19,-0.08,-61.27,29.47,162.58,24.40,255,
19.51,-0.97,-0.73,-0.01,0.86,0.23,0.41,0.39,-0.20,-0.07,-61.12,29.34,162.27,24.40,255,
19.66,-0.68,-0.79,0.05,0.85,0.23,0.41,0.39,-0.19,-0.08,-61.04,29.40,162.40,24.40,255,
19.79,-0.47,-0.72,0.17,0.86,0.23,0.41,0.39,-0.19,-0.08,-61.06,29.63,162.76,24.40,255,
19.92,-0.54,-0.87,0.04,0.85,0.23,0.41,0.38,-0.19,-0.07,-61.00,29.23,162.13,24.40,255,
20.04,-0.59,-0.98,0.00,0.85,0.23,0.41,0.39,-0.19,-0.07,-61.04,29.42,162.46,24.40,255,
20.17,-0.74,-0.71,0.05,0.85,0.23,0.41,0.39,-0.19,-0.07,-61.11,29.59,161.98,24.40,255,
20.30,-0.53,-0.73,0.08,0.85,0.23,0.41,0.38,-0.19,-0.08,-61.08,29.61,162.33,24.40,255,
20.42,-0.73,-0.80,0.13,0.85,0.23,0.41,0.38,-0.19,-0.07,-61.20,29.77,161.89,24.40,255,
20.55,-0.68,-0.87,1.88,0.85,0.23,0.41,0.38,-0.19,-0.08,-61.23,29.30,162.05,24.40,255,
20.68,-0.40,-0.72,0.14,0.86,0.23,0.41,0.39,-0.19,-0.07,-61.30,29.55,162.61,24.40,255,
20.81,-0.52,-0.94,-0.04,0.86,0.23,0.41,0.38,-0.19,-0.07,-61.17,29.89,162.36,24.40,255,
20.94,-0.64,-0.58,0.11,0.86,0.23,0.41,0.39,-0.19,-0.08,-61.36,29.79,162.31,24.40,255,
21.07,-0.55,-0.73,0.22,0.86,0.23,0.41,0.38,-0.19,-0.07,-61.32,29.38,161.60,24.40,255,
21.20,-0.61,-1.05,0.13,0.85,0.23,0.41,0.39,-0.19,-0.08,-60.96,29.49,161.91,24.40,255,
21.34,-0.53,-1.32,1.87,0.85,0.23,0.41,0.39,-0.19,-0.07,-60.91,29.51,162.80,24.40,255,
21.46,-0.52,-0.62,0.14,0.86,0.24,0.41,0.39,-0.19,-0.07,-61.23,29.97,162.59,24.40,255,
21.59,-0.52,-0.64,0.10,0.85,0.23,0.41,0.39,-0.19,-0.07,-61.01,29.01,162.97,24.40,255,
21.72,-0.50,-0.77,0.07,0.86,0.23,0.41,0.39,-0.20,-0.08,-61.10,29.59,161.69,24.40,255,
21.86,-0.28,-0.79,0.37,0.86,0.23,0.41,0.38,-0.19,-0.08,-61.21,29.61,162.11,24.40,255,
21.99,-0.64,-0.84,-0.01,0.85,0.23,0.41,0.39,-0.19,-0.08,-61.25,29.48,163.07,24.40,255,
22.13,-0.66,-0.92,1.82,0.85,0.23,0.41,0.39,-0.19,-0.07,-61.26,29.31,162.20,24.40,255,
22.24,-0.65,-0.88,0.13,0.85,0.23,0.41,0.39,-0.19,-0.08,-61.22,29.51,162.67,24.40,255,
22.39,-0.70,-0.83,0.10,0.85,0.23,0.41,0.39,-0.19,-0.08,-61.16,29.63,162.17,24.40,255,
22.52,-0.85,-0.55,0.07,0.85,0.23,0.41,0.39,-0.20,-0.08,-61.06,29.37,162.15,24.40,255,
22.65,-0.88,-0.93,0.28,0.85,0.23,0.41,0.39,-0.19,-0.08,-61.05,28.99,162.28,24.40,255,
22.79,-0.58,-0.68,0.29,0.86,0.23,0.41,0.39,-0.20,-0.08,-61.22,29.91,161.68,24.40,255,
22.90,-0.70,-1.01,0.13,0.85,0.23,0.41,0.39,-0.19,-0.09,-61.19,29.56,162.18,24.40,255,
23.02,-0.78,-0.96,-0.08,0.86,0.23,0.41,0.39,-0.19,-0.09,-61.26,29.57,162.86,24.40,255,
23.15,-0.62,-0.76,0.10,0.86,0.23,0.41,0.39,-0.20,-0.09,-61.33,29.38,161.27,24.40,255,
23.28,-0.73,-0.76,0.16,0.85,0.23,0.41,0.39,-0.20,-0.08,-61.24,29.24,161.36,24.40,255,
23.41,-0.51,-1.29,0.17,0.86,0.23,0.41,0.38,-0.20,-0.08,-61.19,29.67,161.12,24.40,255,
23.54,-0.75,-0.90,0.11,0.85,0.23,0.41,0.39,-0.19,-0.08,-61.07,29.25,161.97,24.40,255,
23.68,-0.46,-0.73,0.15,0.85,0.23,0.41,0.39,-0.19,-0.08,-61.21,28.94,162.14,24.40,255,
23.81,-0.58,-0.75,0.19,0.85,0.23,0.41,0.39,-0.20,-0.08,-61.25,29.36,161.90,24.40,255,
23.95,-0.71,-0.81,0.31,0.85,0.23,0.41,0.39,-0.20,-0.08,-61.19,29.40,160.95,24.40,255,
24.08,-0.47,-0.70,0.10,0.85,0.23,0.41,0.39,-0.20,-0.08,-61.11,29.47,161.39,24.40,255,
24.19,-0.69,-0.77,0.09,0.86,0.24,0.41,0.39,-0.20,-0.08,-61.24,30.05,161.44,24.40,255,
24.34,-0.71,-0.70,-0.01,0.86,0.23,0.41,0.39,-0.20,-0.08,-61.18,29.46,161.75,24.40,255,
24.46,-0.45,-1.00,0.20,0.85,0.25,0.41,0.39,-0.19,-0.08,-60.67,31.15,162.44,24.40,255,
24.58,-0.69,-0.91,-0.07,0.85,0.23,0.41,0.39,-0.20,-0.09,-61.15,29.30,161.33,24.40,255,
24.73,-0.65,-0.76,0.12,0.85,0.23,0.41,0.39,-0.19,-0.08,-61.08,29.39,161.97,24.40,255,
24.84,-0.61,-0.71,0.09,0.85,0.23,0.41,0.38,-0.20,-0.08,-61.14,29.48,161.29,24.40,255,
24.97,-0.58,-0.65,0.16,0.86,0.23,0.41,0.39,-0.20,-0.08,-61.28,29.16,161.46,24.40,255,
25.10,-0.61,-0.95,0.06,0.85,0.23,0.41,0.39,-0.20,-0.08,-61.23,29.50,161.45,24.40,255,
25.24,-0.58,-0.88,0.05,0.86,0.23,0.41,0.38,-0.19,-0.08,-61.16,29.24,162.31,24.40,255,
25.37,-0.58,-0.83,0.11,0.85,0.23,0.41,0.39,-0.20,-0.08,-61.33,29.36,161.71,24.40,255,
25.50,-0.66,-0.84,0.19,0.85,0.23,0.41,0.39,-0.19,-0.08,-61.00,29.59,162.29,24.40,255,
25.62,-0.61,-0.79,0.23,0.85,0.23,0.41,0.39,-0.20,-0.08,-60.98,29.57,161.61,24.40,255,
25.75,-0.69,-0.75,0.13,0.85,0.23,0.41,0.38,-0.19,-0.07,-61.13,29.79,161.66,24.40,255,
25.88,-0.63,-0.79,0.08,0.85,0.23,0.41,0.39,-0.19,-0.07,-61.03,29.70,162.20,24.40,255,
26.04,-0.70,-0.71,-0.09,0.85,0.23,0.41,0.39,-0.20,-0.06,-61.16,29.58,161.78,24.40,255,
26.16,-0.52,-0.76,0.01,0.85,0.23,0.41,0.39,-0.20,-0.07,-61.18,29.08,162.02,24.40,255,
26.27,-0.61,-1.02,0.23,0.86,0.24,0.41,0.39,-0.19,-0.07,-61.16,29.99,162.13,24.40,255,
26.40,-0.37,-0.63,0.05,0.85,0.23,0.41,0.39,-0.20,-0.07,-61.26,30.05,161.63,24.40,255,
26.53,-0.58,-0.61,0.03,0.85,0.23,0.41,0.39,-0.20,-0.08,-61.10,29.23,161.39,24.40,255,
26.67,-0.60,-0.72,0.08,0.85,0.23,0.41,0.39,-0.19,-0.08,-61.23,29.63,162.33,24.40,255,
26.79,-0.70,-0.73,0.18,0.85,0.23,0.41,0.39,-0.20,-0.07,-61.14,29.39,161.66,24.40,255,
26.93,-0.55,-0.74,0.19,0.86,0.23,0.41,0.39,-0.20,-0.08,-61.23,29.54,161.76,24.40,255,
27.05,-0.20,-0.87,0.03,0.86,0.23,0.41,0.39,-0.20,-0.08,-61.22,29.33,162.03,24.40,255,
27.20,-0.54,-1.04,0.07,0.85,0.23,0.41,0.39,-0.20,-0.08,-61.10,29.40,161.73,24.40,255,
27.32,-0.42,-0.83,0.25,0.85,0.24,0.41,0.39,-0.20,-0.08,-61.08,30.14,161.82,24.40,255,
27.45,-0.70,-0.96,0.05,0.85,0.23,0.41,0.39,-0.19,-0.07,-61.05,29.36,162.18,24.40,255,
27.58,-0.64,-0.92,0.16,0.86,0.23,0.41,0.39,-0.19,-0.08,-61.12,29.77,162.64,24.40,255,
27.70,-0.62,-0.99,0.07,0.86,0.23,0.41,0.39,-0.20,-0.08,-60.97,29.51,161.86,24.40,255,
27.86,-0.72,-0.64,0.19,0.86,0.23,0.41,0.39,-0.19,-0.08,-61.25,29.35,161.99,24.40,255,
27.97,-0.37,-1.15,0.07,0.85,0.23,0.41,0.39,-0.19,-0.07,-61.06,28.97,162.65,24.40,255,
28.12,-0.84,-0.70,0.36,0.85,0.23,0.41,0.39,-0.19,-0.08,-61.05,29.12,162.48,24.40,255,
28.22,-0.64,-0.85,0.14,0.85,0.23,0.41,0.39,-0.19,-0.07,-61.00,29.08,162.43,24.40,255,
28.38,-0.49,-0.43,0.05,0.85,0.23,0.41,0.38,-0.20,-0.07,-61.35,29.59,161.46,24.40,255,
28.51,-0.51,-0.88,-0.10,0.86,0.23,0.40,0.39,-0.20,-0.08,-61.44,29.67,161.64,24.40,255,
28.63,-0.77,-0.90,0.25,0.85,0.23,0.41,0.39,-0.19,-0.08,-61.08,29.60,162.57,24.40,255,
28.76,-0.50,-0.73,0.16,0.86,0.23,0.41,0.39,-0.20,-0.07,-61.39,29.82,161.63,24.40,255,
28.88,-0.52,-0.83,0.04,0.85,0.23,0.41,0.39,-0.20,-0.07,-61.35,29.37,161.50,24.40,255,
29.01,-0.58,-0.67,0.02,0.85,0.23,0.41,0.39,-0.20,-0.08,-61.05,29.46,162.17,24.40,255,
29.14,-0.52,-0.74,0.02,0.86,0.23,0.41,0.39,-0.19,-0.08,-61.27,29.25,162.29,24.40,255,
29.28,-0.40,-0.74,0.16,0.86,0.23,0.41,0.39,-0.20,-0.08,-61.11,29.49,161.42,24.40,255,
29.40,-0.47,-0.91,0.11,0.86,0.23,0.41,0.39,-0.20,-0.08,-61.25,29.69,161.81,24.40,255,
29.53,-0.46,-0.84,0.10,0.86,0.23,0.41,0.39,-0.20,-0.07,-61.09,29.56,161.65,24.40,255,
29.66,-0.64,-0.71,0.12,0.86,0.23,0.41,0.39,-0.20,-0.07,-61.22,29.02,161.78,24.40,255,
29.79,-0.76,-0.89,0.05,0.86,0.23,0.41,0.38,-0.19,-0.08,-61.38,30.03,161.90,24.40,255,
29.94,-0.87,-0.89,0.05,0.86,0.24,0.41,0.38,-0.20,-0.08,-60.90,30.38,161.32,24.40,255,
30.05,-0.56,-0.55,0.13,0.86,0.24,0.41,0.38,-0.19,-0.08,-60.98,29.96,161.95,24.40,255,
30.20,-0.59,0.71,0.37,0.86,0.21,0.41,0.38,-0.19,-0.07,-61.75,27.85,161.97,24.40,255,
30.33,-0.31,-1.23,-0.25,0.84,0.21,0.40,0.39,-0.19,-0.08,-61.68,27.80,162.75,24.40,255,
30.46,-0.70,-0.67,0.42,0.85,0.23,0.41,0.39,-0.19,-0.08,-61.18,29.28,162.60,24.40,255,
30.57,-0.79,-1.05,0.04,0.85,0.23,0.41,0.39,-0.20,-0.07,-61.09,29.49,161.82,24.40,255,
30.72,-0.52,-0.28,-0.04,0.86,0.23,0.40,0.39,-0.20,-0.07,-61.79,29.37,162.11,24.40,255,
30.83,-0.49,-1.64,-0.11,0.85,0.23,0.41,0.39,-0.19,-0.07,-61.13,29.12,162.24,24.40,255,
30.95,-0.67,-1.14,0.07,0.85,0.23,0.41,0.39,-0.20,-0.07,-61.12,29.54,161.71,24.40,255,
31.09,-0.50,-1.51,0.01,0.86,0.24,0.41,0.38,-0.19,-0.08,-60.84,30.60,161.70,24.40,255,
31.24,-1.11,-0.90,0.06,0.86,0.24,0.41,0.39,-0.20,-0.08,-60.87,29.79,161.78,24.40,255,
31.36,-0.67,-0.70,0.04,0.85,0.23,0.41,0.39,-0.20,-0.07,-60.97,29.40,161.70,24.40,255,
31.50,-0.64,-0.82,0.04,0.86,0.24,0.41,0.39,-0.19,-0.08,-61.01,30.11,161.90,24.40,255,
31.62,-0.41,-0.62,0.10,0.86,0.24,0.41,0.38,-0.19,-0.07,-60.99,29.94,161.69,24.40,255,
31.74,-0.64,-0.62,0.07,0.86,0.23,0.41,0.39,-0.19,-0.07,-61.12,29.69,162.35,24.40,255,
31.87,-0.70,-0.78,0.09,0.85,0.23,0.41,0.38,-0.20,-0.08,-61.14,29.19,161.46,24.08,255,
32.00,-0.55,-0.64,0.06,0.85,0.23,0.41,0.39,-0.20,-0.08,-61.12,29.60,161.56,24.08,255,
32.12,-0.80,-0.64,0.10,0.85,0.23,0.41,0.39,-0.20,-0.06,-61.12,29.52,161.82,24.08,255,
32.28,-0.55,-0.78,0.05,0.85,0.23,0.41,0.39,-0.19,-0.06,-61.02,29.47,162.11,24.08,255,
32.40,-0.55,-0.51,0.32,0.86,0.23,0.41,0.39,-0.20,-0.07,-61.23,29.42,161.27,24.08,255,
32.51,-0.61,-0.93,0.20,0.85,0.23,0.41,0.39,-0.20,-0.07,-61.08,29.45,161.64,23.76,255,
32.65,-0.71,-0.95,-0.01,0.85,0.23,0.41,0.39,-0.20,-0.07,-61.22,29.59,162.01,23.45,255,
32.78,-0.70,-0.77,0.17,0.85,0.23,0.41,0.38,-0.20,-0.07,-61.20,29.58,161.18,23.76,255,
32.93,-0.67,-0.76,0.13,0.86,0.23,0.41,0.39,-0.20,-0.07,-61.33,29.67,161.13,23.13,255,
33.06,-0.56,-0.76,0.04,0.86,0.23,0.41,0.38,-0.20,-0.07,-61.32,29.80,161.49,21.23,255,
33.18,-0.43,-0.89,0.08,0.85,0.23,0.41,0.39,-0.20,-0.07,-61.24,29.91,161.49,15.21,255,
33.32,-0.54,-0.73,0.18,0.85,0.23,0.41,0.39,-0.20,-0.07,-61.08,29.80,161.63,13.94,255,
33.44,-0.70,-0.34,0.04,0.86,0.23,0.41,0.38,-0.19,-0.07,-61.19,29.66,161.70,11.72,255,
33.55,-0.58,-0.89,0.02,0.86,0.23,0.41,0.39,-0.20,-0.07,-61.28,29.87,161.43,11.72,255,
33.70,-0.41,-1.94,1.42,0.91,0.02,0.37,0.39,-0.20,-0.06,-67.76,3.66,160.84,11.41,255,
33.82,-0.26,-1.32,-0.14,0.87,0.21,0.41,0.39,-0.20,-0.07,-62.14,27.22,161.51,11.41,255,
33.95,-0.40,-1.41,-0.06,0.86,0.24,0.42,0.39,-0.21,-0.08,-60.46,30.22,160.75,11.72,255,
34.10,-2.36,-2.95,1.35,0.69,-0.23,-0.46,0.39,-0.20,-0.07,-53.46,-152.92,161.41,11.41,255,
34.23,-1.33,1.70,-2.54,0.78,0.45,0.85,0.39,-0.20,-0.07,-39.04,27.59,161.29,10.77,255,
34.35,0.12,1.46,2.31,0.57,-1.96,-0.72,0.39,-0.20,-0.06,-15.17,-110.10,161.00,10.46,255,
34.46,0.28,0.39,-1.22,0.81,0.35,0.41,0.39,-0.20,-0.06,-56.52,40.48,161.36,10.14,255,
34.61,-0.53,-1.06,0.29,0.86,0.19,0.38,0.39,-0.20,-0.08,-63.43,27.07,161.20,10.14,255,
34.73,-0.66,-0.82,-0.04,0.85,0.23,0.40,0.39,-0.20,-0.07,-61.57,29.42,161.16,16.79,255,
34.88,-0.46,-0.96,0.06,0.86,0.23,0.40,0.39,-0.20,-0.07,-61.72,29.65,161.01,22.81,255,
35.00,-0.64,-1.09,0.15,0.86,0.23,0.40,0.39,-0.20,-0.08,-61.41,30.11,161.19,23.76,255,
35.11,-0.76,-1.00,0.30,0.85,0.24,0.41,0.39,-0.21,-0.07,-61.00,30.31,160.55,24.08,255,
35.27,-0.84,-0.88,0.10,0.86,0.24,0.41,0.39,-0.20,-0.07,-61.23,30.08,161.42,24.08,255,
35.38,-0.73,-0.87,0.09,0.85,0.24,0.41,0.39,-0.21,-0.07,-61.06,30.08,160.92,24.40,255,
35.53,-0.73,-0.94,0.13,0.85,0.24,0.40,0.39,-0.20,-0.07,-61.17,30.36,161.04,24.40,255,
35.65,-0.76,-0.84,0.12,0.86,0.24,0.41,0.39,-0.20,-0.07,-61.13,30.21,161.71,24.40,255,
35.77,-0.49,-0.69,0.04,0.85,0.24,0.41,0.39,-0.20,-0.07,-61.04,30.01,161.13,24.71,255,
35.92,-0.64,-0.76,0.21,0.85,0.24,0.39,0.40,-0.20,-0.07,-61.75,31.16,161.38,24.71,255,
36.05,-0.64,-0.86,0.09,0.85,0.23,0.41,0.39,-0.21,-0.07,-61.28,30.00,160.71,24.71,255,
36.17,-0.59,-0.76,0.11,0.85,0.24,0.41,0.39,-0.20,-0.07,-61.07,29.95,161.29,24.71,255,
36.28,-0.54,-0.72,-0.01,0.86,0.24,0.40,0.39,-0.20,-0.06,-61.32,30.21,161.35,24.71,255,
36.43,-0.33,-0.81,-0.07,0.85,0.23,0.41,0.39,-0.20,-0.08,-61.18,29.98,161.57,24.71,255,
36.55,-0.35,-0.81,0.12,0.86,0.25,0.40,0.39,-0.20,-0.06,-61.01,31.57,161.49,24.71,255,
36.70,-0.84,-0.85,0.13,0.86,0.24,0.41,0.39,-0.19,-0.07,-61.12,30.02,162.71,24.71,255,
36.82,-0.46,-0.93,0.16,0.85,0.24,0.40,0.39,-0.20,-0.06,-61.35,30.44,161.14,25.03,255,
36.93,-0.60,-0.74,0.29,0.86,0.23,0.41,0.38,-0.20,-0.06,-61.26,30.01,161.48,25.03,255,
37.08,-0.84,-0.83,0.01,0.86,0.24,0.41,0.39,-0.20,-0.07,-61.21,30.07,161.52,25.03,255,
37.21,-0.68,-0.91,0.05,0.85,0.24,0.41,0.39,-0.20,-0.07,-61.05,29.97,161.84,25.03,255,
37.33,-0.58,-0.80,0.17,0.85,0.23,0.40,0.39,-0.20,-0.07,-61.21,30.13,161.20,25.03,255,
37.45,-0.79,-0.79,0.16,0.86,0.23,0.40,0.39,-0.20,-0.07,-61.33,30.12,161.67,25.03,255,
37.60,-0.53,-0.61,0.13,0.85,0.24,0.41,0.38,-0.20,-0.07,-61.25,30.13,160.53,25.03,255,
37.71,-0.67,-0.80,0.20,0.85,0.24,0.41,0.38,-0.20,-0.07,-61.03,30.03,161.58,25.03,255,
37.84,-0.68,-0.84,0.24,0.86,0.23,0.41,0.39,-0.20,-0.07,-61.31,29.83,161.06,25.03,255,
38.00,-0.74,-0.70,0.01,0.86,0.25,0.40,0.39,-0.20,-0.07,-61.03,31.66,161.10,25.03,255,
38.12,-0.58,-0.80,0.01,0.86,0.24,0.39,0.39,-0.20,-0.07,-61.86,31.33,161.13,25.03,255,
38.25,-0.47,-0.73,0.05,0.86,0.23,0.41,0.39,-0.21,-0.07,-61.30,30.03,160.37,25.03,255,
38.37,-0.58,-0.79,0.03,0.86,0.23,0.41,0.39,-0.20,-0.07,-61.20,29.96,161.45,25.03,255,
38.49,-0.79,-0.64,0.06,0.86,0.24,0.41,0.39,-0.20,-0.08,-61.16,30.32,160.88,25.03,255,
38.64,-0.52,-0.85,0.02,0.86,0.24,0.41,0.39,-0.20,-0.07,-61.15,30.00,161.92,25.03,255,
38.78,-0.81,-0.89,0.07,0.86,0.24,0.41,0.39,-0.20,-0.07,-61.29,30.19,160.76,25.03,255,
38.89,-0.70,-0.73,0.14,0.85,0.24,0.40,0.39,-0.20,-0.07,-61.20,30.28,161.12,25.03,255,
39.01,-0.73,-0.73,0.26,0.85,0.24,0.40,0.39,-0.20,-0.06,-61.28,30.33,161.06,25.03,255,
39.17,-0.51,-0.66,0.17,0.86,0.24,0.41,0.39,-0.20,-0.07,-61.29,30.16,161.67,25.03,255,
39.28,-0.61,-0.78,0.06,0.86,0.24,0.41,0.39,-0.20,-0.07,-61.21,30.17,161.54,25.03,255,
39.43,-0.58,-0.75,0.06,0.86,0.24,0.40,0.38,-0.20,-0.08,-61.29,30.41,161.25,25.03,255,
39.55,-0.62,-0.76,-0.01,0.86,0.24,0.41,0.39,-0.20,-0.08,-61.21,30.00,161.46,25.03,255,
39.66,-0.68,-0.70,-0.04,0.85,0.24,0.40,0.39,-0.20,-0.08,-61.31,30.21,161.59,25.03,255,
39.81,-0.60,-0.89,-0.10,0.85,0.24,0.41,0.39,-0.20,-0.07,-61.16,30.03,161.51,25.03,255,
39.95,-0.61,-0.81,0.01,0.85,0.24,0.40,0.39,-0.20,-0.06,-61.33,30.29,161.34,25.03,255,
