Date/Time     :  2018-05-09-13-43-14
Scenario      : #1
Device Name   :  Blood Pressure Cuff
seconds,    kPa , mmHg Actual, mmHg Simulated, SIM
  0.25 ,   0.47 ,        3.54,           3.54, False
  0.50 ,   0.47 ,        3.54,           3.54, False
  0.75 ,   0.47 ,        3.54,           3.54, False
  1.00 ,   0.47 ,        3.54,           3.54, False
  1.25 ,   0.47 ,        3.54,           3.54, False
  1.50 ,   0.47 ,        3.54,           3.54, False
  1.75 ,   0.47 ,        3.54,           3.54, False
  2.00 ,   0.47 ,        3.54,           3.54, False
  2.25 ,   0.47 ,        3.54,           3.54, False
  2.50 ,   0.47 ,        3.54,           3.54, False
  2.75 ,   0.47 ,        3.54,           3.54, False
  3.00 ,   0.47 ,        3.54,           3.54, False
  3.25 ,   0.47 ,        3.54,           3.54, False
  3.50 ,   0.47 ,        3.54,           3.54, False
  3.75 ,   0.51 ,        3.80,           3.80, False
  4.03 ,   1.34 ,       10.09,          10.09, False
  4.26 ,   0.72 ,        5.39,           5.39, False
  4.53 ,   0.66 ,        4.99,           4.99, False
  4.76 ,   0.61 ,        4.59,           4.59, False
  5.01 ,   0.60 ,        4.53,           4.53, False
  5.26 ,   0.56 ,        4.20,           4.20, False
  5.52 ,   0.56 ,        4.17,           4.17, False
  5.75 ,   0.54 ,        4.06,           4.06, False
  6.01 ,   0.50 ,        3.77,           3.77, False
  6.27 ,   0.49 ,        3.66,           3.66, False
  6.51 ,   0.48 ,        3.63,           3.63, False
  6.75 ,   0.47 ,        3.55,           3.55, False
  7.00 ,   0.47 ,        3.55,           3.55, False
  7.26 ,   0.47 ,        3.55,           3.55, False
  7.50 ,   0.47 ,        3.54,           3.54, False
  7.75 ,   0.47 ,        3.54,           3.54, False
  8.00 ,   0.47 ,        3.54,           3.54, False
  8.25 ,   0.47 ,        3.54,           3.54, False
  8.50 ,   0.47 ,        3.54,           3.54, False
  8.75 ,   0.47 ,        3.54,           3.54, False
  9.00 ,   0.47 ,        3.54,           3.54, False
  9.25 ,   0.47 ,        3.54,           3.54, False
  9.50 ,   0.47 ,        3.54,           3.54, False
  9.75 ,   0.47 ,        3.54,           3.54, False
 10.00 ,   0.47 ,        3.54,           3.54, False
 10.25 ,   0.47 ,        3.54,           3.54, False
 10.50 ,   0.47 ,        3.54,           3.54, False
 10.75 ,   0.48 ,        3.57,           3.57, False
 11.00 ,   0.47 ,        3.54,           3.54, False
 11.25 ,   0.47 ,        3.54,           3.54, False
 11.50 ,   0.47 ,        3.54,           3.54, False
 11.75 ,   0.47 ,        3.54,           3.54, False
 12.01 ,   0.54 ,        4.07,           4.07, False
 12.25 ,   0.57 ,        4.31,           4.31, False
 12.51 ,   0.53 ,        3.99,           3.99, False
 12.78 ,   0.53 ,        3.96,           3.96, False
 13.00 ,   0.47 ,        3.54,           3.54, False
 13.25 ,   0.47 ,        3.54,           3.54, False
 13.51 ,   0.47 ,        3.54,           3.54, False
 13.76 ,   0.48 ,        3.62,           3.62, False
 14.01 ,   0.66 ,        4.97,           4.97, False
 14.27 ,   0.78 ,        5.87,           5.87, False
 14.52 ,   0.60 ,        4.53,           4.53, False
 14.76 ,   0.57 ,        4.25,           4.25, False
 15.00 ,   0.72 ,        5.38,           5.38, False
 15.26 ,   0.62 ,        4.62,           4.62, False
 15.52 ,   0.61 ,        4.58,           4.58, False
 15.76 ,   0.70 ,        5.25,           5.25, False
 16.02 ,   0.81 ,        6.04,           6.04, False
 16.26 ,   0.71 ,        5.35,           5.35, False
 16.52 ,   0.64 ,        4.83,           4.83, False
 16.76 ,   0.58 ,        4.34,           4.34, False
 17.01 ,   0.58 ,        4.34,           4.34, False
 17.26 ,   0.84 ,        6.29,           6.29, False
 17.50 ,   0.85 ,        6.34,           6.34, False
 17.77 ,   0.84 ,        6.29,           6.29, False
 18.02 ,   1.10 ,        8.26,           8.26, False
 18.26 ,   1.58 ,       11.87,          11.87, False
 18.52 ,   2.39 ,       17.90,          17.90, False
 18.77 ,   2.84 ,       21.33,          21.33, False
 19.01 ,   3.54 ,       26.56,          26.56, False
 19.26 ,   3.62 ,       27.13,          27.13, False
 19.51 ,   4.39 ,       32.96,          32.96, False
 19.76 ,   4.29 ,       32.15,          32.15, False
 20.02 ,   5.55 ,       41.67,          41.67, False
 20.27 ,   5.21 ,       39.07,          39.07, False
 20.52 ,   6.85 ,       51.38,          51.38, False
 20.76 ,   6.54 ,       49.04,          49.04, False
 21.02 ,   7.96 ,       59.75,          59.75, False
 21.28 ,   7.22 ,       54.17,          54.17, False
 21.50 ,  10.00 ,       75.04,          75.04, False
 21.77 ,   8.85 ,       66.36,          66.36, False
 22.00 ,  11.43 ,       85.78,          85.78, True
 22.27 ,   9.91 ,       74.33,          74.33, False
 22.52 ,  12.42 ,       93.20,          93.20, True
 22.77 ,  10.84 ,       81.35,          81.35, False
 23.02 ,  13.76 ,      103.23,         103.23, True
 23.27 ,  11.81 ,       88.58,          88.58, True
 23.51 ,  13.96 ,      104.74,         104.74, True
 23.76 ,  13.06 ,       97.95,          97.95, True
 24.03 ,  13.71 ,      102.85,         102.85, True
 24.26 ,  14.59 ,      109.47,         109.47, True
 24.51 ,  13.67 ,      102.54,         102.54, True
 24.76 ,  15.98 ,      119.89,         119.89, True
 25.01 ,  15.26 ,      114.49,         114.49, True
 25.27 ,  18.12 ,      135.92,         135.92, True
 25.50 ,  16.85 ,      126.40,         126.40, True
 25.76 ,  18.30 ,      137.33,         137.33, True
 26.02 ,  18.15 ,      136.14,         136.14, True
 26.26 ,  17.49 ,      131.20,         131.20, True
 26.52 ,  19.50 ,      146.29,         146.29, False
 26.75 ,  18.43 ,      138.29,         138.29, True
 27.02 ,  21.02 ,      157.71,         157.71, False
 27.27 ,  19.77 ,      148.32,         148.32, False
 27.51 ,  21.42 ,      160.68,         160.68, False
 27.76 ,  21.86 ,      163.97,         163.97, False
 28.00 ,  20.83 ,      156.24,         156.24, False
 28.27 ,  23.53 ,      176.54,         176.54, False
 28.52 ,  22.09 ,      165.71,         165.71, False
 28.78 ,  20.59 ,      154.46,         154.46, False
 29.03 ,  19.84 ,      148.87,         148.87, False
 29.25 ,  19.28 ,      144.68,         144.68, True
 29.53 ,  18.73 ,      140.54,         140.54, True
 29.77 ,  18.10 ,      135.83,         135.83, True
 30.02 ,  17.70 ,      132.76,         132.76, True
 30.26 ,  17.43 ,      130.77,         130.77, True
 30.52 ,  16.99 ,      127.44,         127.44, True
 30.75 ,  16.58 ,      124.40,         124.40, True
 31.02 ,  16.21 ,      121.61,         121.61, True
 31.26 ,  15.85 ,      118.95,         118.95, True
 31.50 ,  15.68 ,      117.65,         117.65, True
 31.75 ,  15.34 ,      115.07,         115.07, True
 32.02 ,  15.03 ,      112.73,         112.73, True
 32.27 ,  14.90 ,      111.78,         111.78, True
 32.52 ,  14.65 ,      109.92,         109.92, True
 32.77 ,  14.34 ,      107.56,         107.56, True
 33.02 ,  14.04 ,      105.35,         105.35, True
 33.27 ,  13.67 ,      102.55,         102.55, True
 33.52 ,  13.27 ,       99.59,          99.59, True
 33.77 ,  12.87 ,       96.54,          96.54, True
 34.02 ,  12.53 ,       93.98,          93.98, True
 34.27 ,  12.16 ,       91.23,          91.23, True
 34.51 ,  11.90 ,       89.31,          89.31, True
 34.76 ,  11.70 ,       87.79,          87.79, True
 35.01 ,  11.54 ,       86.60,          86.60, True
 35.26 ,  11.29 ,       84.71,          84.71, False
 35.50 ,  10.99 ,       82.46,          82.46, False
 35.78 ,  10.70 ,       80.25,          80.25, False
 36.03 ,  10.47 ,       78.55,          78.55, False
 36.28 ,  10.25 ,       76.90,          76.90, False
 36.50 ,  10.06 ,       75.46,          75.46, False
 36.76 ,   9.76 ,       73.26,          73.26, False
 37.00 ,   9.47 ,       71.08,          71.08, False
 37.28 ,   9.17 ,       68.80,          68.80, False
 37.52 ,   9.24 ,       69.35,          69.35, False
 37.76 ,   8.95 ,       67.15,          67.15, False
 38.00 ,   8.90 ,       66.74,          66.74, False
 38.26 ,   8.61 ,       64.56,          64.56, False
 38.50 ,   8.30 ,       62.30,          62.30, False
 38.75 ,   7.80 ,       58.50,          58.50, False
 39.03 ,   7.41 ,       55.62,          55.62, False
 39.27 ,   7.06 ,       52.96,          52.96, False
 39.52 ,   6.82 ,       51.19,          51.19, False
 39.77 ,   6.70 ,       50.30,          50.30, False
 40.02 ,   6.39 ,       47.93,          47.93, False
 40.26 ,   6.14 ,       46.04,          46.04, False
 40.52 ,   5.56 ,       41.73,          41.73, False
 40.76 ,   4.73 ,       35.52,          35.52, False
 41.02 ,   2.21 ,       16.58,          16.58, False
 41.27 ,   1.58 ,       11.82,          11.82, False
 41.52 ,   1.58 ,       11.85,          11.85, False
 41.76 ,   1.42 ,       10.66,          10.66, False
 42.01 ,   0.90 ,        6.75,           6.75, False
 42.27 ,   0.76 ,        5.69,           5.69, False
 42.52 ,   0.72 ,        5.38,           5.38, False
 42.76 ,   0.60 ,        4.48,           4.48, False
 43.01 ,   0.52 ,        3.88,           3.88, False
 43.27 ,   0.49 ,        3.65,           3.65, False
 43.53 ,   0.49 ,        3.69,           3.69, False
 43.76 ,   0.67 ,        5.00,           5.00, False
 44.02 ,   0.95 ,        7.13,           7.13, False
 44.27 ,   0.52 ,        3.88,           3.88, False
 44.50 ,   0.49 ,        3.69,           3.69, False
